Sample Size:	187.0	133.0	145.0	172.0	121.0	96.0	94.0	92.0	109.0	165.0	114.0	152.0	126.0	217.0	279.0	568.0	410.0	593.0	472.0	243.0	97.0	68.0	62.0	88.0	45.0	45.0	58.0	66.0	61.0	53.0	67.0	136.0	190.0	210.0	237.0	260.0	273.0	263.0	211.0	207.0	171.0	112.0	76.0	251.0	141.0	127.0	115.0	134.0	
Snow Goose	0.0053476	0.0	0.2413793	0.0232558	0.0	0.0104167	0.0	0.0	0.0	0.0	0.0	0.0	0.0	0.0	0.0	0.0	0.0	0.0	0.0	0.0	0.0	0.0	0.0	0.0	0.0	0.0	0.0	0.0	0.0	0.0	0.0	0.0	0.0	0.0	0.0	0.0	0.0	0.0	0.0	0.0048309	0.0	0.0	0.0	0.0	0.0	0.015748	0.0086957	0.0	
Brant	0.1069519	0.037594	0.0344828	0.0755814	0.1239669	0.0208333	0.0851064	0.076087	0.0733945	0.0545455	0.0438596	0.0394737	0.047619	0.0138249	0.0358423	0.0352113	0.0463415	0.0118044	0.0105932	0.0041152	0.0103093	0.0	0.0	0.0	0.0	0.0	0.0	0.0	0.0	0.0	0.0	0.0	0.0	0.0	0.0	0.0	0.0	0.0114068	0.0236967	0.0338164	0.0292398	0.0267857	0.0394737	0.0159363	0.035461	0.0472441	0.1217391	0.0970149	
Cackling Goose	0.0	0.0	0.0	0.0	0.0	0.0	0.0	0.0	0.0	0.0	0.0	0.0	0.0	0.0	0.0	0.0	0.0	0.0	0.0	0.0	0.0	0.0	0.0	0.0	0.0	0.0	0.0	0.0	0.0	0.0	0.0	0.0	0.0	0.0	0.0	0.0	0.0	0.0038023	0.0	0.0289855	0.005848	0.0	0.0	0.0	0.0	0.0	0.0	0.0	
Canada Goose	0.5828877	0.3834586	0.5655172	0.5290698	0.4132231	0.2291667	0.4893617	0.5434783	0.5321101	0.5272727	0.4122807	0.4539474	0.484127	0.4562212	0.483871	0.4859155	0.4804878	0.4856661	0.3961864	0.4197531	0.4020619	0.2205882	0.2258065	0.2727273	0.1555556	0.3111111	0.3965517	0.3484848	0.2622951	0.3207547	0.2686567	0.25	0.2210526	0.2809524	0.1729958	0.2346154	0.2344322	0.2205323	0.2417062	0.3140097	0.1695906	0.1964286	0.2236842	0.1115538	0.2978723	0.3622047	0.5130435	0.4402985	
Cackling/Canada Goose	0.0	0.0	0.0	0.0	0.0	0.0104167	0.0212766	0.0217391	0.0	0.0060606	0.0	0.0	0.0	0.0	0.0	0.0	0.0	0.0	0.0	0.0	0.0	0.0	0.0	0.0	0.0	0.0	0.0	0.0	0.0	0.0	0.0	0.0	0.0	0.0	0.0	0.0	0.0	0.0	0.0	0.0	0.0	0.0	0.0	0.0	0.0	0.0	0.0	0.0	
goose sp.	0.0	0.0	0.0	0.0	0.0	0.0	0.0	0.0	0.0	0.0	0.0	0.0	0.0	0.0	0.0	0.0	0.0	0.0	0.0	0.0	0.0	0.0	0.0	0.0	0.0	0.0	0.0	0.0	0.0	0.0	0.0	0.0	0.0	0.0	0.0	0.0	0.0	0.0	0.0047393	0.0048309	0.0	0.0	0.0131579	0.0	0.0	0.0	0.0086957	0.0	
Mute Swan	0.026738	0.0075188	0.0137931	0.005814	0.0082645	0.0	0.0	0.0	0.0	0.0	0.0	0.0065789	0.0	0.0	0.0035842	0.0	0.0	0.0016863	0.0	0.0	0.0	0.0	0.0	0.0015	0.0222222	0.0	0.0	0.0	0.0	0.0	0.0	0.0015	0.0	0.0	0.0	0.0	0.003663	0.0	0.0	0.0048309	0.0	0.0	0.0	0.0039841	0.0	0.0	0.0521739	0.0149254	
Tundra Swan	0.0	0.0	0.0	0.0015	0.0	0.0	0.0	0.0	0.0	0.0	0.0	0.0	0.0	0.0	0.0	0.0	0.0	0.0	0.0	0.0	0.0	0.0	0.0	0.0	0.0	0.0	0.0	0.0	0.0	0.0	0.0	0.0	0.0	0.0	0.0	0.0	0.0	0.0	0.0	0.0	0.0	0.0	0.0	0.0	0.0	0.0	0.0	0.0	
Wood Duck	0.0481283	0.0451128	0.0206897	0.1046512	0.0165289	0.0833333	0.0744681	0.0543478	0.0183486	0.0484848	0.0263158	0.0592105	0.0079365	0.0184332	0.0179211	0.0035211	0.0121951	0.0134907	0.0233051	0.0	0.0412371	0.0	0.016129	0.0113636	0.0444444	0.0222222	0.0	0.0151515	0.0	0.0188679	0.0298507	0.0220588	0.0157895	0.0190476	0.0084388	0.0115385	0.0622711	0.0494297	0.0616114	0.1062802	0.0233918	0.0178571	0.0526316	0.0677291	0.0992908	0.1023622	0.173913	0.0970149	
Northern Shoveler	0.3636364	0.1654135	0.3724138	0.3662791	0.3553719	0.1875	0.3297872	0.25	0.293578	0.2848485	0.1754386	0.125	0.1904762	0.2304147	0.1003584	0.0035211	0.0	0.0168634	0.0021186	0.0	0.0	0.0	0.0	0.0	0.0	0.0	0.0	0.0	0.0	0.0188679	0.0149254	0.0220588	0.0105263	0.0333333	0.0590717	0.1038462	0.0952381	0.1026616	0.0758294	0.2657005	0.1520468	0.25	0.2631579	0.0836653	0.141844	0.1968504	0.2521739	0.2014925	
Gadwall	0.3048128	0.112782	0.1448276	0.1569767	0.1818182	0.0520833	0.106383	0.0869565	0.0642202	0.0848485	0.0701754	0.0394737	0.047619	0.078341	0.0716846	0.1355634	0.1585366	0.1686341	0.1313559	0.2098765	0.1134021	0.0588235	0.0806452	0.0681818	0.1333333	0.0888889	0.0344828	0.0606061	0.0	0.0566038	0.0597015	0.0514706	0.0947368	0.1190476	0.1054852	0.1	0.0879121	0.1102662	0.0947867	0.057971	0.0467836	0.1607143	0.1052632	0.0557769	0.1276596	0.0944882	0.1391304	0.1119403	
American Wigeon	0.0	0.0	0.0	0.0	0.0	0.0	0.0	0.0	0.0	0.0	0.0	0.0	0.0	0.0	0.0	0.0	0.0	0.0	0.0	0.0	0.0	0.0	0.0	0.0	0.0	0.0	0.0	0.0	0.0	0.0	0.0	0.0	0.0	0.0	0.0	0.0	0.029304	0.026616	0.0047393	0.0048309	0.0	0.0	0.0	0.0	0.0	0.0	0.0086957	0.0015	
Mallard	0.5989305	0.3834586	0.5655172	0.5348837	0.5289256	0.3229167	0.4680851	0.4456522	0.5229358	0.5333333	0.4912281	0.5657895	0.6031746	0.562212	0.5483871	0.5827465	0.602439	0.5952782	0.5190678	0.526749	0.5051546	0.3970588	0.4354839	0.4318182	0.3555556	0.3777778	0.3965517	0.4545455	0.3278689	0.5471698	0.4626866	0.4117647	0.4210526	0.4047619	0.4219409	0.4115385	0.4505495	0.3840304	0.3791469	0.4396135	0.3099415	0.3392857	0.4078947	0.1952191	0.3829787	0.4409449	0.5130435	0.4477612	
Mallard (Domestic type)	0.0	0.0	0.0	0.0	0.0	0.0	0.0	0.0	0.0	0.0	0.0	0.0	0.0	0.0	0.0	0.0	0.0015	0.0	0.0	0.0	0.0	0.0	0.0	0.0	0.0	0.0	0.0	0.0	0.0	0.0	0.0	0.0	0.0	0.0	0.0	0.0	0.0	0.0	0.0	0.0	0.0015	0.0	0.0	0.0	0.0	0.0	0.0	0.0	
American Black Duck	0.2192513	0.0977444	0.1586207	0.1802326	0.0661157	0.0520833	0.1914894	0.1413043	0.146789	0.0666667	0.0175439	0.0263158	0.0396825	0.0230415	0.0107527	0.0211268	0.0146341	0.0084317	0.0042373	0.0082305	0.0515464	0.1617647	0.0806452	0.0454545	0.0222222	0.0444444	0.1206897	0.1363636	0.0491803	0.0566038	0.0746269	0.0073529	0.0315789	0.047619	0.0421941	0.0346154	0.021978	0.0684411	0.0331754	0.0531401	0.0175439	0.0535714	0.0789474	0.0438247	0.0851064	0.1732283	0.2173913	0.2089552	
Mallard x American Black Duck (hybrid)	0.0748663	0.0225564	0.0137931	0.0523256	0.0165289	0.0208333	0.0531915	0.0	0.0366972	0.0181818	0.0438596	0.0328947	0.0079365	0.0092166	0.0107527	0.0070423	0.002439	0.010118	0.0169492	0.0205761	0.0015	0.1470588	0.016129	0.0340909	0.0	0.0444444	0.0172414	0.0606061	0.0327869	0.0943396	0.0149254	0.0294118	0.0263158	0.0142857	0.0168776	0.0230769	0.018315	0.0228137	0.0094787	0.0193237	0.0	0.0089286	0.0	0.0239044	0.035461	0.0472441	0.0347826	0.0149254	
Mallard/American Black Duck	0.0	0.0	0.0	0.0	0.0	0.0	0.0	0.0	0.0	0.0	0.0	0.0015	0.0	0.0	0.0	0.0	0.0	0.0	0.0	0.0	0.0	0.0	0.0	0.0	0.0	0.0	0.0	0.0	0.0	0.0	0.0	0.0	0.0	0.0	0.0	0.0	0.0	0.0	0.0	0.0	0.0	0.0	0.0	0.0	0.0	0.0	0.0	0.0	
Northern Pintail	0.0	0.0	0.0	0.0	0.0	0.0	0.0	0.0	0.0	0.0	0.0	0.0	0.0	0.0	0.0	0.0	0.0	0.0	0.0	0.0	0.0	0.0	0.0	0.0	0.0	0.0	0.0	0.0	0.0	0.0	0.0	0.0	0.0	0.0	0.0548523	0.0	0.0	0.0038023	0.0	0.0	0.005848	0.0089286	0.0	0.0398406	0.0425532	0.0629921	0.0956522	0.1044776	
Green-winged Teal	0.0	0.0	0.0	0.0	0.0	0.0	0.0106383	0.0	0.0091743	0.0060606	0.0	0.0	0.0079365	0.0	0.0	0.0	0.0	0.0	0.0	0.0	0.0	0.0	0.0	0.0	0.0	0.0	0.0	0.0	0.0	0.0	0.0	0.0	0.0	0.0	0.0421941	0.0230769	0.03663	0.0114068	0.0	0.0	0.0	0.0015	0.0131579	0.0	0.0	0.0	0.0608696	0.1567164	
Canvasback	0.0	0.0	0.0	0.0	0.0082645	0.0	0.0319149	0.0	0.0	0.0	0.0	0.0	0.0	0.0	0.0	0.0	0.0	0.0	0.0	0.0	0.0	0.0	0.0	0.0	0.0	0.0	0.0	0.0	0.0	0.0	0.0	0.0	0.0	0.0	0.0	0.0	0.0	0.0	0.0	0.0	0.0	0.0	0.0	0.0	0.0	0.0	0.0	0.0	
Ring-necked Duck	0.0053476	0.0601504	0.2413793	0.0174419	0.0	0.0	0.0106383	0.0	0.0	0.0	0.0	0.0	0.0	0.0	0.0	0.0	0.0	0.0	0.0	0.0	0.0	0.0	0.0	0.0	0.0	0.0	0.0	0.0	0.0	0.0	0.0	0.0	0.0	0.0	0.0	0.0	0.0	0.0	0.0	0.0	0.005848	0.0015	0.0	0.0	0.0567376	0.0314961	0.026087	0.0	
Greater Scaup	0.0	0.0	0.0	0.0	0.0	0.0	0.0	0.0	0.0	0.0	0.0	0.0	0.0	0.0	0.0	0.0	0.0	0.0	0.0	0.0	0.0	0.0	0.0	0.0	0.0	0.0	0.0	0.0	0.0	0.0	0.0	0.0	0.0	0.0	0.0	0.0	0.0	0.0	0.0	0.0	0.0	0.0	0.0	0.0	0.0	0.007874	0.0	0.0	
Lesser Scaup	0.0	0.0	0.0068966	0.005814	0.0	0.0	0.0	0.0	0.0	0.0	0.0	0.0	0.0	0.0	0.0	0.0	0.0	0.0	0.0	0.0	0.0	0.0	0.0	0.0	0.0	0.0	0.0	0.0	0.0	0.0	0.0	0.0	0.0	0.0	0.0	0.0	0.0	0.0	0.0	0.0	0.0	0.0	0.0	0.0	0.0	0.0	0.0	0.0	
Greater/Lesser Scaup	0.0053476	0.0	0.0068966	0.005814	0.0	0.0	0.0106383	0.0	0.0091743	0.0121212	0.0	0.0	0.0	0.0	0.0	0.0	0.0	0.0	0.0	0.0	0.0	0.0	0.0	0.0	0.0	0.0	0.0	0.0	0.0	0.0	0.0	0.0	0.0	0.0	0.0	0.0	0.0	0.0	0.0	0.0	0.0	0.0	0.0131579	0.0039841	0.0	0.007874	0.0086957	0.0074627	
scoter sp.	0.0	0.0	0.0	0.0	0.0	0.0	0.0	0.0	0.0	0.0	0.0	0.0	0.0	0.0	0.0	0.0	0.0	0.0	0.0	0.0	0.0	0.0	0.0	0.0	0.0	0.0	0.0	0.0	0.0	0.0	0.0	0.0	0.0	0.0	0.0	0.0	0.0	0.0038023	0.0	0.0	0.0	0.0	0.0	0.0	0.0	0.0	0.0	0.0	
Long-tailed Duck	0.0053476	0.0	0.0	0.0	0.0	0.0	0.0	0.0	0.0	0.0	0.0	0.0	0.0	0.0	0.0	0.0	0.0	0.0	0.0	0.0	0.0	0.0	0.0	0.0	0.0	0.0	0.0	0.0	0.0	0.0	0.0	0.0	0.0	0.0	0.0	0.0	0.0	0.0	0.0	0.0	0.0	0.0	0.0	0.0	0.0	0.0	0.0	0.0	
Bufflehead	0.3475936	0.1278195	0.3310345	0.3372093	0.3057851	0.1458333	0.3297872	0.2934783	0.3119266	0.3272727	0.2631579	0.2631579	0.2301587	0.2119816	0.1039427	0.0387324	0.0585366	0.0421585	0.0805085	0.0041152	0.0	0.0	0.0	0.0	0.0	0.0	0.0	0.0	0.0	0.0	0.0	0.0	0.0	0.0	0.0	0.0	0.0	0.0	0.0236967	0.0483092	0.0526316	0.1785714	0.1578947	0.0996016	0.1134752	0.1023622	0.2173913	0.2686567	
Common Goldeneye	0.0160428	0.0	0.0	0.005814	0.0	0.0	0.0212766	0.0	0.0	0.0	0.0	0.0	0.0	0.0	0.0	0.0	0.0	0.0	0.0	0.0	0.0	0.0	0.0	0.0	0.0	0.0	0.0	0.0	0.0	0.0	0.0	0.0	0.0	0.0	0.0	0.0	0.0	0.0	0.0	0.0	0.0	0.0	0.0	0.0039841	0.0	0.0	0.0	0.0074627	
Hooded Merganser	0.2941176	0.0902256	0.2758621	0.3081395	0.1487603	0.1354167	0.1276596	0.0543478	0.1192661	0.169697	0.122807	0.1118421	0.0396825	0.0046083	0.0	0.0	0.0	0.0	0.0	0.0041152	0.0	0.0	0.0	0.0	0.0	0.0	0.0517241	0.0	0.0	0.0	0.0	0.0	0.0	0.0	0.0	0.0	0.0	0.0	0.0	0.0144928	0.0760234	0.1517857	0.2105263	0.0677291	0.1205674	0.1102362	0.1652174	0.1641791	
Common Merganser	0.0	0.0	0.0	0.1686047	0.0661157	0.0208333	0.0	0.0	0.0	0.0	0.0	0.0	0.0	0.0	0.0	0.0	0.0	0.0	0.0	0.0	0.0	0.0	0.0	0.0	0.0	0.0	0.0	0.0	0.0	0.0	0.0	0.0	0.0	0.0	0.0	0.0	0.0	0.0	0.0	0.0	0.0	0.0	0.0	0.0	0.0	0.0	0.0	0.0	
Red-breasted Merganser	0.1069519	0.0225564	0.0344828	0.0813953	0.0826446	0.0104167	0.1489362	0.1413043	0.1559633	0.1333333	0.0263158	0.0	0.0079365	0.0	0.0	0.0035211	0.0073171	0.0	0.0	0.0	0.0	0.0	0.0	0.0	0.0	0.0	0.0	0.0	0.0	0.0	0.0	0.0	0.0	0.0	0.0	0.0	0.0	0.0	0.0	0.0	0.0	0.0	0.0	0.0159363	0.0141844	0.0314961	0.0434783	0.1044776	
Ruddy Duck	0.3636364	0.2030075	0.3586207	0.3197674	0.1818182	0.1458333	0.2340426	0.2282609	0.2752294	0.2606061	0.2105263	0.125	0.0793651	0.078341	0.0609319	0.0387324	0.0341463	0.0168634	0.0063559	0.0	0.0	0.0	0.0	0.0	0.0015	0.0	0.0	0.0	0.0	0.0	0.0	0.0	0.0	0.0015	0.021097	0.0038462	0.021978	0.0798479	0.1137441	0.1932367	0.128655	0.2142857	0.1973684	0.1115538	0.1843972	0.1338583	0.2173913	0.2164179	
duck sp.	0.0	0.0	0.0	0.0	0.0165289	0.0104167	0.0106383	0.0108696	0.0	0.0060606	0.0	0.0065789	0.015873	0.0	0.0071685	0.0070423	0.004878	0.0016863	0.0021186	0.0082305	0.0	0.0	0.016129	0.0	0.0222222	0.0	0.0	0.0151515	0.0	0.0	0.0149254	0.0147059	0.0473684	0.0142857	0.0042194	0.0115385	0.003663	0.0038023	0.014218	0.0193237	0.005848	0.0178571	0.0263158	0.0079681	0.0070922	0.015748	0.0521739	0.0298507	
Wild Turkey	0.0	0.0	0.0	0.0	0.0	0.0	0.0	0.0	0.0	0.0	0.0	0.0	0.0	0.0092166	0.0	0.0	0.0	0.0	0.0	0.0	0.0	0.0	0.0	0.0	0.0	0.0	0.0	0.0	0.0	0.0	0.0	0.0	0.0	0.0	0.0	0.0	0.0	0.0	0.0	0.0	0.0	0.0	0.0	0.0	0.0	0.0	0.0	0.0	
Pied-billed Grebe	0.1069519	0.0601504	0.2068966	0.1744186	0.1322314	0.03125	0.0744681	0.0326087	0.0642202	0.0848485	0.0526316	0.0394737	0.031746	0.0	0.0	0.0	0.0	0.0	0.0	0.0	0.0	0.0	0.0	0.0	0.0	0.0	0.0	0.0151515	0.0015	0.0	0.0149254	0.0073529	0.0052632	0.0142857	0.0	0.0	0.0	0.0	0.0	0.0	0.0175439	0.0267857	0.0263158	0.0438247	0.035461	0.0314961	0.0956522	0.1044776	
Horned Grebe	0.0	0.0	0.0	0.0	0.0	0.0	0.0	0.0	0.0275229	0.0909091	0.122807	0.0065789	0.0	0.0	0.0	0.0176056	0.0463415	0.0	0.0	0.0	0.0	0.0	0.0	0.0	0.0	0.0	0.0	0.0	0.0	0.0	0.0	0.0	0.0	0.0	0.0	0.0	0.0	0.0	0.0	0.0	0.0	0.0	0.0	0.0039841	0.0	0.0	0.0	0.0074627	
Red-necked Grebe	0.0	0.0	0.0	0.0	0.0	0.0	0.0015	0.0	0.0	0.0	0.0	0.0	0.0	0.0	0.0	0.0	0.0	0.0	0.0	0.0	0.0	0.0	0.0	0.0	0.0	0.0	0.0	0.0	0.0	0.0	0.0	0.0	0.0	0.0	0.0	0.0	0.0	0.0	0.0	0.0	0.0	0.0	0.0	0.0	0.0	0.0	0.0	0.0	
grebe sp.	0.0	0.0	0.0	0.0	0.0	0.0	0.0	0.0	0.0091743	0.0	0.0	0.0	0.0	0.0	0.0	0.0	0.0	0.0	0.0	0.0	0.0	0.0	0.0	0.0	0.0	0.0	0.0	0.0	0.0	0.0	0.0	0.0073529	0.0	0.0	0.0	0.0	0.0	0.0	0.0	0.0	0.0	0.0	0.0	0.0	0.0	0.0	0.0	0.0	
Rock Pigeon	0.631016	0.481203	0.4206897	0.494186	0.5289256	0.5104167	0.5319149	0.5	0.5321101	0.6	0.6140351	0.6118421	0.6587302	0.6267281	0.6164875	0.6373239	0.7268293	0.6627319	0.6652542	0.6296296	0.6597938	0.6176471	0.6290323	0.6590909	0.6	0.6444444	0.6896552	0.6666667	0.6557377	0.6981132	0.641791	0.5735294	0.6368421	0.552381	0.5274262	0.6576923	0.5934066	0.6539924	0.6018957	0.5507246	0.4444444	0.6517857	0.7368421	0.6533865	0.5673759	0.503937	0.6173913	0.5447761	
Mourning Dove	0.5775401	0.3308271	0.3034483	0.3023256	0.3057851	0.28125	0.4680851	0.326087	0.4862385	0.5090909	0.5701754	0.6052632	0.6428571	0.5529954	0.5985663	0.6214789	0.6146341	0.7065767	0.595339	0.6213992	0.5154639	0.4558824	0.4677419	0.5454545	0.4888889	0.5111111	0.5344828	0.5	0.5737705	0.7169811	0.7313433	0.7573529	0.6789474	0.6095238	0.5949367	0.6269231	0.5567766	0.5361217	0.4075829	0.47343	0.4152047	0.2767857	0.3421053	0.2031873	0.2836879	0.3937008	0.426087	0.3955224	
Yellow-billed Cuckoo	0.0	0.0	0.0	0.0	0.0	0.0	0.0	0.0	0.0	0.0	0.0	0.0	0.0	0.0	0.0	0.0	0.0	0.1720067	0.0423729	0.0246914	0.0206186	0.0147059	0.0	0.0	0.0	0.0	0.0	0.0	0.0	0.0943396	0.0149254	0.0	0.0	0.0380952	0.0	0.0307692	0.021978	0.0038023	0.0	0.0	0.0	0.0	0.0	0.0	0.0	0.0	0.0	0.0	
Black-billed Cuckoo	0.0	0.0	0.0	0.0	0.0	0.0	0.0	0.0	0.0	0.0	0.0	0.0	0.0	0.0	0.0	0.0	0.0	0.0320405	0.0105932	0.037037	0.0	0.0	0.0	0.0	0.0	0.0	0.0	0.0	0.0	0.0188679	0.0	0.0073529	0.0	0.0047619	0.021097	0.0076923	0.003663	0.0	0.0	0.0	0.0	0.0	0.0	0.0	0.0	0.0	0.0	0.0	
Yellow-billed/Black-billed Cuckoo	0.0	0.0	0.0	0.0	0.0	0.0	0.0	0.0	0.0	0.0	0.0	0.0	0.0	0.0	0.0	0.0	0.0	0.0016863	0.0021186	0.0	0.0	0.0	0.0	0.0	0.0	0.0	0.0	0.0	0.0	0.0188679	0.0	0.0	0.0	0.0285714	0.0	0.0	0.0	0.0	0.0	0.0	0.0	0.0	0.0	0.0	0.0	0.0	0.0	0.0	
Common Nighthawk	0.0	0.0	0.0	0.0	0.0	0.0	0.0	0.0	0.0	0.0	0.0	0.0	0.0	0.0	0.0	0.0	0.0	0.0033727	0.0338983	0.0123457	0.0	0.0	0.0	0.0	0.0	0.0	0.0	0.0	0.0	0.0	0.0	0.0	0.0052632	0.0333333	0.0	0.0038462	0.003663	0.0038023	0.0	0.0	0.0	0.0	0.0	0.0	0.0	0.0	0.0	0.0	
Chuck-will's-widow	0.0	0.0	0.0	0.0	0.0	0.0	0.0	0.0	0.0	0.0	0.0	0.0	0.0	0.0	0.0	0.0	0.0	0.0573356	0.0	0.0	0.0	0.0	0.0	0.0	0.0	0.0	0.0	0.0	0.0	0.0	0.0	0.0	0.0	0.0	0.0	0.0	0.0	0.0	0.0	0.0	0.0	0.0	0.0	0.0	0.0	0.0	0.0	0.0	
Chimney Swift	0.0	0.0	0.0	0.0	0.0	0.0	0.0	0.0	0.0	0.0	0.0	0.0	0.0	0.0	0.0071685	0.1003521	0.2804878	0.4806071	0.3474576	0.4485597	0.3195876	0.4705882	0.2580645	0.3977273	0.3111111	0.3333333	0.3793103	0.3181818	0.3770492	0.3584906	0.2537313	0.2426471	0.1473684	0.3095238	0.2869198	0.3153846	0.1684982	0.121673	0.0094787	0.0	0.0	0.0	0.0	0.0	0.0	0.0	0.0	0.0	
Ruby-throated Hummingbird	0.0	0.0	0.0	0.0	0.0	0.0	0.0	0.0	0.0	0.0	0.0	0.0	0.0	0.0	0.0	0.0123239	0.0268293	0.0505902	0.0508475	0.0205761	0.0	0.0	0.0	0.0	0.0	0.0	0.0172414	0.0	0.0	0.0188679	0.0447761	0.0882353	0.1263158	0.1952381	0.2320675	0.2769231	0.1648352	0.0038023	0.0047393	0.0	0.0	0.0	0.0	0.0	0.0	0.0	0.0	0.0	
Virginia Rail	0.0	0.0	0.0	0.0	0.0	0.0	0.0	0.0	0.0	0.0	0.0	0.0	0.0	0.0	0.0	0.0	0.0	0.0	0.0	0.0	0.0	0.0	0.0	0.0	0.0	0.0	0.0	0.0	0.0	0.0	0.0	0.0	0.0	0.0761905	0.0	0.0	0.0	0.0	0.0	0.0015	0.0	0.0	0.0	0.0	0.0	0.0	0.0	0.0	
American Coot	0.2032086	0.112782	0.2689655	0.2848837	0.1404959	0.09375	0.1489362	0.2065217	0.1743119	0.1454545	0.0964912	0.0592105	0.0714286	0.0599078	0.0107527	0.0070423	0.0	0.0	0.0	0.0	0.0	0.0	0.0	0.0	0.0	0.0	0.0	0.0	0.0	0.0	0.0	0.0	0.0	0.0015	0.0	0.0	0.0	0.0114068	0.028436	0.0724638	0.0760234	0.1607143	0.1578947	0.0557769	0.1347518	0.1574803	0.2434783	0.2686567	
rail/crake sp.	0.0	0.0	0.0	0.0	0.0	0.0	0.0	0.0	0.0	0.0	0.0	0.0	0.0	0.0	0.0	0.0	0.0	0.0	0.0	0.0	0.0	0.0	0.0	0.0	0.0	0.0	0.0	0.0	0.0	0.0	0.0	0.0	0.0	0.0047619	0.0	0.0	0.0	0.0	0.0	0.0	0.0	0.0	0.0	0.0	0.0	0.0	0.0	0.0	
Sandhill Crane	0.0	0.0	0.0	0.0	0.0	0.0	0.0	0.0	0.0	0.0	0.0	0.0	0.0	0.0	0.0	0.0	0.0	0.0	0.0	0.0	0.0	0.0	0.0	0.0	0.0	0.0	0.0	0.0	0.0	0.0	0.0	0.0	0.0	0.0	0.0	0.0	0.0	0.0	0.0	0.0	0.0	0.0	0.0	0.0	0.0015	0.0	0.0	0.0	
American Oystercatcher	0.0	0.0	0.0	0.0	0.0	0.0	0.0	0.0	0.0	0.0	0.0	0.0	0.0	0.0	0.0	0.0	0.002439	0.0	0.0	0.0	0.0	0.0	0.0	0.0	0.0	0.0	0.0	0.0	0.0	0.0	0.0	0.0	0.0	0.0	0.0	0.0	0.0	0.0	0.0	0.0	0.0	0.0	0.0	0.0	0.0	0.0	0.0	0.0	
Black-bellied Plover	0.0	0.0	0.0	0.0	0.0	0.0	0.0	0.0	0.0	0.0	0.0	0.0	0.0	0.0	0.0	0.0	0.0	0.0	0.0	0.0	0.0	0.0	0.0	0.0	0.0	0.0	0.0	0.0	0.0	0.0	0.0	0.0	0.0	0.0	0.0	0.0038462	0.0	0.0	0.0	0.0	0.0	0.0	0.0	0.0	0.0	0.0	0.0	0.0	
Semipalmated Plover	0.0	0.0	0.0	0.0	0.0	0.0	0.0	0.0	0.0	0.0	0.0	0.0	0.0	0.0	0.0	0.0	0.0	0.0	0.0	0.0	0.0	0.0	0.0	0.0	0.0	0.0	0.0	0.0151515	0.0	0.0	0.0	0.0	0.0	0.0	0.0	0.0	0.0	0.0	0.0	0.0	0.0	0.0	0.0	0.0	0.0	0.0	0.0	0.0	
Killdeer	0.0	0.0	0.0	0.0	0.0	0.0	0.0	0.0108696	0.0183486	0.0121212	0.0087719	0.0	0.0079365	0.0046083	0.0107527	0.0052817	0.004878	0.0067454	0.0021186	0.0041152	0.0309278	0.0588235	0.0806452	0.0227273	0.0444444	0.0	0.0689655	0.0454545	0.0163934	0.0566038	0.0149254	0.0147059	0.0052632	0.0095238	0.0	0.0038462	0.010989	0.0152091	0.0047393	0.0096618	0.0	0.0	0.0	0.0	0.0	0.0	0.0173913	0.0	
Upland Sandpiper	0.0	0.0	0.0	0.0	0.0	0.0	0.0	0.0	0.0	0.0	0.0	0.0	0.0	0.0	0.0	0.0	0.0	0.0	0.0	0.0	0.0	0.0	0.0	0.0	0.0	0.0	0.0	0.0	0.0	0.0	0.0	0.0	0.0	0.0047619	0.0	0.0	0.0	0.0	0.0	0.0	0.0	0.0	0.0	0.0	0.0	0.0	0.0	0.0	
Ruddy Turnstone	0.0	0.0	0.0	0.0	0.0	0.0	0.0	0.0	0.0	0.0	0.0	0.0	0.0079365	0.0	0.0	0.0	0.0	0.0	0.0	0.0	0.0	0.0	0.0	0.0	0.0	0.0	0.0	0.0	0.0	0.0	0.0	0.0	0.0	0.0	0.0	0.0	0.0	0.0	0.0	0.0	0.0	0.0	0.0	0.0	0.0	0.0	0.0	0.0	
Purple Sandpiper	0.0106952	0.0	0.0	0.0	0.0	0.0	0.0	0.0	0.0	0.0	0.0	0.0	0.0	0.0	0.0	0.0035211	0.0	0.0	0.0	0.0	0.0	0.0	0.0	0.0	0.0	0.0	0.0	0.0	0.0	0.0	0.0	0.0	0.0	0.0	0.0	0.0	0.0	0.0	0.0	0.0	0.0	0.0	0.0	0.0	0.0	0.0	0.0	0.0	
Least Sandpiper	0.0	0.0	0.0	0.0	0.0	0.0	0.0	0.0	0.0	0.0	0.0	0.0	0.0	0.0	0.0	0.0	0.002439	0.0	0.0	0.0	0.0	0.0	0.0	0.0	0.0	0.0	0.0689655	0.0606061	0.0163934	0.0754717	0.0149254	0.0073529	0.0105263	0.0	0.0	0.0	0.0	0.0	0.0	0.0	0.0	0.0	0.0	0.0	0.0	0.0	0.0	0.0	
Semipalmated Sandpiper	0.0	0.0	0.0	0.0	0.0	0.0	0.0	0.0	0.0	0.0	0.0	0.0	0.0	0.0	0.0	0.0	0.0	0.0	0.0	0.0	0.0	0.0	0.0	0.0	0.0	0.0	0.0517241	0.0454545	0.0015	0.0015	0.0	0.0	0.0	0.0	0.0042194	0.0	0.0	0.0	0.0	0.0	0.0	0.0	0.0	0.0	0.0	0.0	0.0	0.0	
peep sp.	0.0	0.0	0.0	0.0	0.0	0.0	0.0	0.0	0.0	0.0	0.0	0.0	0.0	0.0	0.0	0.0017606	0.0	0.0016863	0.0	0.0	0.0	0.0	0.0	0.0	0.0	0.0	0.0	0.0151515	0.0	0.0	0.0	0.0	0.0	0.0	0.0	0.0	0.0	0.0	0.0	0.0	0.0	0.0	0.0	0.0	0.0	0.0	0.0	0.0	
American Woodcock	0.0	0.0	0.0	0.0	0.0	0.0	0.0212766	0.0	0.0	0.1151515	0.0087719	0.0	0.0	0.0	0.0	0.0	0.002439	0.0	0.0	0.0	0.0	0.0	0.0	0.0	0.0	0.0	0.0	0.0	0.0	0.0	0.0	0.0	0.0	0.0095238	0.0	0.0	0.0	0.0076046	0.0	0.0	0.005848	0.0015	0.0	0.0	0.0	0.015748	0.0015	0.0	
Wilson's Snipe	0.0	0.0	0.0	0.0	0.0	0.0	0.0	0.0	0.0	0.0	0.0	0.0	0.0	0.0	0.0	0.0	0.0	0.0	0.0	0.0	0.0	0.0	0.0	0.0	0.0	0.0	0.0	0.0	0.0	0.0	0.0	0.0	0.0	0.0047619	0.0	0.0	0.0	0.0038023	0.0	0.0	0.0	0.0	0.0	0.0	0.0	0.0	0.0	0.0	
Spotted Sandpiper	0.0	0.0	0.0	0.0	0.0	0.0	0.0	0.0	0.0	0.0	0.0	0.0	0.0	0.0	0.0	0.0176056	0.0853659	0.0657673	0.0995763	0.0246914	0.0	0.0	0.0	0.0340909	0.0	0.0222222	0.1206897	0.0757576	0.0327869	0.0566038	0.0	0.0	0.0263158	0.0095238	0.0168776	0.0115385	0.003663	0.0	0.0	0.0	0.0	0.0	0.0	0.0	0.0	0.0	0.0	0.0	
Solitary Sandpiper	0.0	0.0	0.0	0.0	0.0	0.0	0.0	0.0	0.0	0.0	0.0	0.0	0.0	0.0	0.0	0.0035211	0.0	0.0404722	0.0	0.0	0.0	0.0	0.0	0.0	0.0	0.0	0.0	0.0	0.0	0.0	0.0	0.0367647	0.0	0.0047619	0.0084388	0.0038462	0.0	0.0	0.0	0.0	0.0	0.0	0.0	0.0	0.0	0.0	0.0	0.0	
Greater Yellowlegs	0.0	0.0	0.0	0.0	0.0	0.0	0.0	0.0	0.0	0.0	0.0	0.0	0.0	0.0	0.0	0.0017606	0.002439	0.0033727	0.0	0.0	0.0	0.0	0.0	0.0	0.0	0.0	0.0	0.0	0.0	0.0188679	0.0	0.0	0.0	0.0047619	0.0	0.0	0.0	0.0	0.0	0.0	0.0	0.0	0.0	0.0	0.0	0.0	0.0	0.0	
Lesser Yellowlegs	0.0	0.0	0.0	0.0	0.0	0.0	0.0	0.0	0.0	0.0	0.0	0.0	0.0	0.0	0.0	0.0	0.0	0.0	0.0	0.0	0.0	0.0	0.0	0.0	0.0	0.0	0.0	0.0015	0.0	0.0015	0.0	0.0	0.0	0.0	0.0	0.0	0.0	0.0	0.0	0.0	0.0	0.0	0.0	0.0	0.0	0.0	0.0	0.0	
Tringa sp.	0.0	0.0	0.0	0.0	0.0	0.0	0.0	0.0	0.0	0.0	0.0	0.0	0.0	0.0	0.0	0.0	0.0	0.0	0.0	0.0	0.0	0.0	0.0	0.0	0.0	0.0	0.0	0.0	0.0	0.0	0.0	0.0	0.0	0.0047619	0.0	0.0	0.0	0.0	0.0	0.0	0.0	0.0	0.0	0.0	0.0	0.0	0.0	0.0	
shorebird sp.	0.0053476	0.0	0.0	0.0	0.0	0.0	0.0	0.0	0.0	0.0	0.0	0.0	0.0	0.0	0.0	0.0	0.004878	0.0	0.0	0.0	0.0	0.0	0.0	0.0	0.0	0.0	0.0	0.0	0.0	0.0	0.0	0.0	0.0	0.0238095	0.0	0.0	0.0	0.0038023	0.0	0.0	0.0	0.0	0.0	0.0	0.0	0.0	0.0	0.0	
Bonaparte's Gull	0.0	0.0	0.0	0.005814	0.0	0.0	0.0	0.0	0.0	0.0	0.0	0.0	0.0079365	0.0	0.0	0.0	0.002439	0.0	0.0	0.0	0.0	0.0	0.0	0.0	0.0	0.0	0.0	0.0	0.0	0.0	0.0	0.0	0.0	0.0	0.0	0.0	0.0	0.0038023	0.0	0.0	0.0	0.0	0.0	0.0039841	0.0	0.0	0.0	0.0	
Laughing Gull	0.0	0.0	0.0	0.0	0.0	0.0	0.0	0.0	0.0	0.0	0.0	0.0	0.0079365	0.0	0.0071685	0.0158451	0.0195122	0.0202361	0.0190678	0.0205761	0.0515464	0.0735294	0.1129032	0.1022727	0.1111111	0.0888889	0.2413793	0.1212121	0.0819672	0.0754717	0.0746269	0.0514706	0.0736842	0.0333333	0.0295359	0.0269231	0.03663	0.0304183	0.028436	0.0241546	0.0175439	0.0015	0.0394737	0.0039841	0.0	0.0	0.0	0.0	
Ring-billed Gull	0.5882353	0.3157895	0.5103448	0.5523256	0.4793388	0.25	0.4361702	0.3804348	0.4036697	0.3030303	0.2017544	0.2105263	0.2539683	0.0921659	0.1218638	0.1197183	0.1390244	0.1096121	0.1440678	0.0781893	0.1237113	0.1323529	0.1129032	0.125	0.0888889	0.0666667	0.4310345	0.3787879	0.1639344	0.3018868	0.119403	0.1397059	0.1736842	0.1428571	0.1350211	0.1576923	0.1831502	0.2281369	0.2322275	0.2753623	0.245614	0.2410714	0.25	0.1513944	0.177305	0.3464567	0.4347826	0.3432836	
Herring Gull	0.4919786	0.2556391	0.4482759	0.4360465	0.338843	0.21875	0.3404255	0.2173913	0.3669725	0.3151515	0.1842105	0.1842105	0.2698413	0.1520737	0.1577061	0.1778169	0.2146341	0.2158516	0.220339	0.1728395	0.1958763	0.3823529	0.2419355	0.3068182	0.3777778	0.2222222	0.4827586	0.3333333	0.1803279	0.3584906	0.2686567	0.1911765	0.2631579	0.1761905	0.2236287	0.2423077	0.2637363	0.269962	0.2748815	0.3140097	0.2280702	0.25	0.2236842	0.0996016	0.1347518	0.1732283	0.3826087	0.2910448	
Iceland Gull	0.0053476	0.0	0.0413793	0.0348837	0.0	0.0	0.0	0.0	0.0	0.0	0.0	0.0	0.0	0.0015	0.0015	0.0	0.0	0.0	0.0	0.0	0.0	0.0	0.0	0.0	0.0	0.0	0.0	0.0	0.0	0.0	0.0	0.0	0.0	0.0	0.0	0.0	0.0	0.0	0.0	0.0	0.0	0.0	0.0	0.0	0.0	0.0	0.0	0.0	
Lesser Black-backed Gull	0.0	0.0	0.0	0.0	0.0	0.0	0.0	0.0	0.0	0.0	0.0	0.0	0.0	0.0	0.0	0.0	0.0	0.0	0.0	0.0	0.0	0.0	0.0	0.0	0.0	0.0	0.0	0.0	0.0	0.0	0.0	0.0	0.0	0.0	0.0	0.0	0.0	0.0038023	0.0	0.0	0.0	0.0	0.0	0.0	0.0	0.007874	0.0	0.0	
Glaucous Gull	0.0	0.0	0.0	0.0	0.0	0.0	0.0	0.0	0.0183486	0.0	0.0	0.0	0.0079365	0.0	0.0	0.0	0.0	0.0	0.0	0.0	0.0	0.0	0.0	0.0	0.0	0.0	0.0	0.0	0.0	0.0	0.0	0.0	0.0	0.0	0.0	0.0	0.0	0.0	0.0	0.0	0.0	0.0	0.0	0.0	0.0	0.0	0.0	0.0	
Great Black-backed Gull	0.4545455	0.2781955	0.4137931	0.4651163	0.322314	0.1458333	0.3191489	0.25	0.293578	0.2606061	0.2192982	0.1381579	0.2301587	0.0967742	0.1039427	0.1144366	0.1414634	0.1028668	0.1716102	0.127572	0.185567	0.2941176	0.1612903	0.1590909	0.2	0.1111111	0.2931034	0.2121212	0.1639344	0.1509434	0.1940299	0.1544118	0.1789474	0.1047619	0.1265823	0.1115385	0.0732601	0.1406844	0.1421801	0.2077295	0.1520468	0.2142857	0.1710526	0.0956175	0.0992908	0.1968504	0.3391304	0.261194	
Larus sp.	0.0	0.0	0.0	0.0	0.0	0.0	0.0	0.0	0.0	0.0	0.0	0.0	0.0	0.0	0.0	0.0	0.002439	0.005059	0.0042373	0.0041152	0.0	0.0	0.0	0.0	0.0	0.0	0.0	0.0015	0.0	0.0	0.0	0.0	0.0	0.0	0.0	0.0	0.0	0.0	0.0	0.0	0.0	0.0	0.0	0.0	0.0	0.0	0.0086957	0.0074627	
gull sp.	0.1122995	0.112782	0.1172414	0.1162791	0.0991736	0.09375	0.1382979	0.1304348	0.0642202	0.0787879	0.1403509	0.0986842	0.0952381	0.0645161	0.0286738	0.0492958	0.0634146	0.0438449	0.0487288	0.0617284	0.0618557	0.1029412	0.0	0.0795455	0.0	0.0666667	0.0689655	0.0606061	0.0655738	0.0566038	0.0597015	0.0441176	0.0894737	0.0571429	0.0337553	0.0538462	0.0622711	0.0760456	0.0521327	0.1207729	0.0818713	0.0982143	0.1184211	0.0677291	0.106383	0.0944882	0.1043478	0.1119403	
Caspian Tern	0.0	0.0	0.0	0.0	0.0	0.0	0.0	0.0	0.0	0.0	0.0	0.0	0.0	0.0	0.0	0.0	0.0	0.0	0.0	0.0	0.0	0.0	0.0	0.0	0.0	0.0	0.0	0.0	0.0	0.0	0.0	0.0015	0.0	0.0	0.0	0.0	0.0	0.0038023	0.0	0.0	0.0	0.0	0.0	0.0	0.0	0.0	0.0	0.0	
Common Tern	0.0	0.0	0.0	0.0	0.0	0.0	0.0	0.0	0.0	0.0	0.0	0.0	0.0	0.0	0.0	0.0	0.002439	0.0033727	0.0021186	0.0123457	0.1030928	0.2794118	0.0806452	0.0909091	0.1333333	0.1111111	0.2586207	0.1060606	0.0655738	0.0566038	0.0746269	0.0294118	0.0368421	0.0333333	0.0126582	0.0	0.0	0.0	0.0	0.0	0.0	0.0	0.0	0.0	0.0	0.0	0.0	0.0	
Forster's Tern	0.0	0.0	0.0	0.0	0.0	0.0	0.0	0.0	0.0	0.0	0.0	0.0	0.0	0.0	0.0	0.0	0.002439	0.0	0.0	0.0	0.0	0.0	0.0	0.0	0.0	0.0	0.0	0.0	0.0	0.0	0.0	0.0	0.0	0.0	0.0	0.0	0.0	0.0	0.0	0.0	0.0	0.0	0.0	0.0	0.0	0.0	0.0	0.0	
large tern sp.	0.0	0.0	0.0	0.0	0.0	0.0	0.0	0.0	0.0	0.0	0.0	0.0	0.0	0.0	0.0	0.0	0.0	0.0	0.0	0.0	0.0	0.0	0.016129	0.0	0.0	0.0	0.0	0.0	0.0	0.0	0.0	0.0	0.0	0.0	0.0	0.0	0.0	0.0	0.0	0.0	0.0	0.0	0.0	0.0	0.0	0.0	0.0	0.0	
Black Skimmer	0.0	0.0	0.0	0.0	0.0	0.0	0.0	0.0	0.0	0.0	0.0	0.0	0.0	0.0	0.0	0.0	0.0	0.0	0.0	0.0	0.0	0.0	0.0	0.0	0.0222222	0.0	0.0172414	0.0	0.0	0.0	0.0	0.0	0.0	0.0	0.0	0.0	0.0	0.0	0.0	0.0	0.0	0.0	0.0	0.0	0.0	0.0	0.0	0.0	
Red-throated Loon	0.0053476	0.0	0.0	0.0	0.0	0.0	0.0	0.0108696	0.0	0.0	0.0	0.0065789	0.0079365	0.0	0.0015	0.0	0.0	0.0	0.0	0.0	0.0	0.0	0.0	0.0	0.0	0.0	0.0	0.0	0.0	0.0	0.0	0.0	0.0	0.0	0.0	0.0	0.0	0.0	0.0	0.0	0.0	0.0	0.0	0.0	0.0	0.0	0.0086957	0.0074627	
Common Loon	0.0374332	0.0075188	0.0137931	0.005814	0.0	0.0	0.0106383	0.0	0.0	0.0	0.0	0.0	0.0015	0.0	0.0	0.0088028	0.0073171	0.0084317	0.0042373	0.0041152	0.0	0.0	0.0	0.0	0.0	0.0	0.0	0.0	0.0	0.0	0.0	0.0	0.0	0.0	0.0	0.0	0.007326	0.0038023	0.0047393	0.0096618	0.0	0.0	0.0131579	0.0119522	0.0	0.015748	0.0086957	0.0149254	
loon sp.	0.0	0.0	0.0	0.0	0.0	0.0	0.0	0.0	0.0	0.0	0.0	0.0	0.0	0.0046083	0.0	0.0017606	0.0	0.0	0.0	0.0	0.0	0.0	0.0	0.0	0.0	0.0	0.0	0.0	0.0	0.0	0.0	0.0	0.0	0.0	0.0	0.0	0.0	0.0	0.0	0.0	0.0	0.0	0.0	0.0	0.0	0.007874	0.0086957	0.0	
White-faced Storm-Petrel	0.0	0.0	0.0	0.0	0.0	0.0	0.0	0.0	0.0	0.0	0.0	0.0	0.0	0.0	0.0	0.0	0.0	0.0	0.0	0.0	0.0	0.0	0.0	0.0	0.0	0.0	0.0	0.0	0.0	0.0	0.0	0.0	0.0015	0.0	0.0	0.0	0.0	0.0	0.0	0.0	0.0	0.0	0.0	0.0	0.0	0.0	0.0	0.0	
Great Cormorant	0.0320856	0.0	0.0015	0.0232558	0.0661157	0.0	0.0212766	0.0108696	0.0275229	0.0060606	0.0087719	0.0197368	0.0079365	0.0	0.0	0.0	0.0	0.0	0.0	0.0	0.0	0.0	0.0	0.0	0.0	0.0	0.0	0.0	0.0	0.0	0.0	0.0	0.0	0.0	0.0	0.0	0.0	0.0038023	0.0	0.0	0.005848	0.0	0.0	0.0039841	0.0	0.007874	0.026087	0.0522388	
Double-crested Cormorant	0.3529412	0.075188	0.3310345	0.3197674	0.2644628	0.1145833	0.2340426	0.1956522	0.3211009	0.3333333	0.2105263	0.2302632	0.3412698	0.3271889	0.3584229	0.3221831	0.3560976	0.2917369	0.3220339	0.3415638	0.3298969	0.3823529	0.2903226	0.3181818	0.3777778	0.4222222	0.5517241	0.4090909	0.3770492	0.4339623	0.2985075	0.2058824	0.2105263	0.1095238	0.1476793	0.1384615	0.1501832	0.2053232	0.1895735	0.1352657	0.0526316	0.0714286	0.0526316	0.0358566	0.035461	0.0551181	0.2347826	0.1567164	
cormorant sp.	0.0106952	0.0150376	0.0068966	0.0174419	0.0082645	0.0104167	0.0106383	0.0108696	0.0091743	0.0	0.0	0.0197368	0.0	0.0138249	0.0035842	0.0017606	0.0	0.0	0.0	0.0	0.0	0.0	0.0	0.0	0.0	0.0	0.0	0.0	0.0	0.0	0.0	0.0	0.0	0.0	0.0	0.0	0.0	0.0038023	0.0	0.0	0.005848	0.0	0.0	0.0079681	0.0141844	0.023622	0.026087	0.0223881	
American Bittern	0.0	0.0	0.0	0.0	0.0	0.0	0.0	0.0	0.0	0.0	0.0	0.0	0.0	0.0	0.0	0.0	0.0	0.0775717	0.0	0.0	0.0	0.0	0.0	0.0	0.0	0.0	0.0	0.0	0.0	0.0	0.0	0.0	0.0	0.0	0.0015	0.0	0.0	0.0	0.0	0.0	0.0	0.0	0.0	0.0	0.0	0.0	0.0	0.0	
Great Blue Heron	0.0374332	0.0150376	0.0137931	0.0232558	0.0082645	0.0208333	0.0106383	0.0543478	0.0366972	0.030303	0.0087719	0.0394737	0.015873	0.0046083	0.0143369	0.0176056	0.0073171	0.0337268	0.0148305	0.0164609	0.0103093	0.0	0.0015	0.0113636	0.0666667	0.0015	0.0517241	0.0454545	0.0	0.0943396	0.0149254	0.0147059	0.0052632	0.0190476	0.0042194	0.0115385	0.025641	0.0304183	0.0094787	0.0193237	0.005848	0.0089286	0.0263158	0.0199203	0.0638298	0.1023622	0.0782609	0.0522388	
Great Egret	0.0	0.0	0.0	0.0	0.0	0.0	0.0	0.0	0.0	0.0060606	0.0087719	0.0394737	0.1666667	0.1152074	0.2222222	0.1725352	0.2341463	0.2529511	0.2775424	0.1646091	0.1546392	0.1323529	0.1290323	0.2045455	0.2444444	0.2444444	0.2931034	0.1969697	0.1967213	0.2830189	0.1492537	0.0220588	0.0210526	0.0095238	0.0168776	0.0076923	0.021978	0.0190114	0.0189573	0.0386473	0.0175439	0.0	0.0	0.0	0.0	0.0	0.0	0.0	
Snowy Egret	0.0	0.0	0.0	0.0	0.0	0.0	0.0	0.0	0.0	0.0	0.0	0.0	0.0015	0.0015	0.0035842	0.0176056	0.0097561	0.0151771	0.0169492	0.0164609	0.0015	0.0147059	0.0322581	0.0454545	0.0222222	0.0	0.0172414	0.030303	0.0163934	0.1320755	0.0	0.0015	0.0	0.0095238	0.0	0.0038462	0.0	0.0	0.0	0.0	0.0	0.0	0.0	0.0	0.0	0.0	0.0	0.0	
Little Blue Heron	0.0	0.0	0.0	0.0	0.0	0.0	0.0	0.0	0.0	0.0	0.0	0.0	0.0	0.0	0.0	0.0	0.0	0.0	0.0	0.0	0.0	0.0	0.0	0.0	0.0	0.0	0.0	0.0151515	0.0	0.0	0.0	0.0	0.0	0.0	0.0	0.0	0.0	0.0	0.0	0.0	0.0	0.0	0.0	0.0	0.0	0.0	0.0	0.0	
white egret sp.	0.0	0.0	0.0	0.0	0.0	0.0	0.0	0.0	0.0	0.0	0.0	0.0	0.0	0.0	0.0	0.0	0.0	0.0	0.0	0.0	0.0	0.0	0.0	0.0	0.0	0.0	0.0	0.0	0.0	0.0	0.0	0.0	0.0	0.0	0.0	0.0	0.0	0.0	0.0	0.0048309	0.0	0.0	0.0	0.0	0.0	0.0	0.0	0.0	
Green Heron	0.0	0.0	0.0	0.0	0.0	0.0	0.0	0.0	0.0	0.0	0.0	0.0	0.0	0.0	0.0	0.056338	0.0195122	0.0084317	0.0338983	0.0041152	0.0015	0.0	0.0	0.0	0.0222222	0.0	0.0	0.0	0.0327869	0.0377358	0.0298507	0.0294118	0.0578947	0.0761905	0.0421941	0.0730769	0.018315	0.0076046	0.0	0.0	0.0	0.0	0.0	0.0	0.0	0.0	0.0	0.0	
Black-crowned Night-Heron	0.0053476	0.0	0.0	0.0	0.0	0.0	0.0	0.0	0.0	0.0121212	0.0	0.0855263	0.0793651	0.1059908	0.0609319	0.1461268	0.2243902	0.2917369	0.2605932	0.2510288	0.1752577	0.1323529	0.1612903	0.1363636	0.1333333	0.1555556	0.1206897	0.2424242	0.0983607	0.2075472	0.1940299	0.0661765	0.0894737	0.1	0.0379747	0.0192308	0.047619	0.0114068	0.0236967	0.0144928	0.0116959	0.0178571	0.0131579	0.0	0.0141844	0.007874	0.0086957	0.0298507	
Yellow-crowned Night-Heron	0.0	0.0	0.0	0.0	0.0	0.0	0.0	0.0	0.0	0.0	0.0	0.0	0.0	0.0	0.0	0.0035211	0.0	0.0522766	0.0	0.0041152	0.0618557	0.1470588	0.0806452	0.0454545	0.0888889	0.0666667	0.1551724	0.0606061	0.0	0.0	0.0	0.0073529	0.0052632	0.0	0.0	0.0	0.0	0.0	0.0	0.0	0.0	0.0	0.0	0.0	0.0	0.0	0.0	0.0	
heron sp.	0.0	0.0	0.0	0.0	0.0	0.0	0.0	0.0	0.0	0.0	0.0	0.0	0.0	0.0	0.0	0.0	0.0	0.0	0.0063559	0.0041152	0.0	0.0	0.0	0.0113636	0.0	0.0	0.0	0.0	0.0	0.0188679	0.0	0.0	0.0052632	0.0142857	0.0	0.0038462	0.0	0.0	0.0	0.0015	0.0	0.0	0.0	0.0	0.0	0.0	0.0	0.0	
Glossy Ibis	0.0	0.0	0.0	0.0	0.0	0.0	0.0	0.0	0.0	0.0	0.0	0.0	0.0	0.0	0.0	0.0	0.0	0.0016863	0.0	0.0	0.0	0.0	0.0	0.0	0.0	0.0	0.0	0.0	0.0	0.0	0.0	0.0	0.0	0.0	0.0	0.0	0.0	0.0	0.0	0.0	0.0	0.0	0.0	0.0	0.0	0.0	0.0	0.0	
Black Vulture	0.0	0.0	0.0	0.005814	0.0	0.0	0.0	0.0	0.0	0.0	0.0087719	0.0	0.015873	0.0	0.0	0.0	0.0	0.0	0.0	0.0082305	0.0015	0.0	0.0015	0.0	0.0	0.0	0.0	0.0015	0.0	0.0	0.0	0.0	0.0	0.0047619	0.0042194	0.0	0.0	0.0076046	0.0047393	0.0	0.0	0.0	0.0	0.0	0.0	0.0	0.0	0.0	
Turkey Vulture	0.0213904	0.0	0.0015	0.0348837	0.0165289	0.0	0.0	0.0108696	0.0091743	0.0121212	0.0350877	0.0197368	0.0396825	0.0138249	0.0035842	0.0140845	0.0097561	0.0067454	0.0254237	0.0164609	0.0103093	0.0	0.0015	0.0113636	0.0222222	0.0222222	0.0172414	0.0151515	0.0	0.0	0.0	0.0	0.0052632	0.0047619	0.0084388	0.0038462	0.007326	0.0380228	0.0094787	0.0917874	0.0175439	0.0	0.0	0.0119522	0.0070922	0.023622	0.0086957	0.0	
Osprey	0.0	0.0	0.0	0.0	0.0	0.0	0.0	0.0	0.0	0.0	0.0175439	0.0065789	0.015873	0.0	0.0071685	0.0123239	0.0292683	0.0269815	0.0169492	0.0041152	0.0	0.0	0.0015	0.0	0.0	0.0222222	0.0172414	0.030303	0.0015	0.0377358	0.0298507	0.0073529	0.0526316	0.0761905	0.0632911	0.0692308	0.032967	0.0418251	0.0189573	0.0434783	0.0	0.0089286	0.0	0.0	0.0	0.0	0.0	0.0	
Northern Harrier	0.0	0.0	0.0	0.0	0.0	0.0	0.0	0.0	0.0	0.0	0.0	0.0065789	0.0	0.0	0.0	0.0	0.0	0.0033727	0.0	0.0	0.0	0.0	0.0	0.0	0.0	0.0	0.0	0.0	0.0	0.0	0.0	0.0	0.0105263	0.0047619	0.0	0.0038462	0.003663	0.0038023	0.0047393	0.0144928	0.0015	0.0	0.0	0.0039841	0.0	0.0	0.026087	0.0074627	
Sharp-shinned Hawk	0.0160428	0.0150376	0.0068966	0.005814	0.0082645	0.0	0.0106383	0.0108696	0.0	0.0121212	0.0087719	0.0065789	0.0079365	0.0	0.0035842	0.0	0.0	0.005059	0.0	0.0	0.0	0.0	0.0	0.0	0.0	0.0	0.0	0.0	0.0	0.0	0.0	0.0	0.0	0.0142857	0.0042194	0.0615385	0.029304	0.0380228	0.014218	0.0386473	0.0175439	0.0	0.0131579	0.0079681	0.0283688	0.023622	0.0434783	0.0447761	
Cooper's Hawk	0.1176471	0.0977444	0.1172414	0.1511628	0.1239669	0.0416667	0.1382979	0.0652174	0.1009174	0.0121212	0.0087719	0.0	0.0079365	0.0	0.0143369	0.0	0.0	0.0067454	0.0	0.0	0.0	0.0	0.0015	0.0113636	0.0	0.0	0.0	0.0151515	0.0	0.0188679	0.0	0.0	0.0157895	0.0238095	0.0084388	0.0423077	0.0549451	0.0912548	0.0805687	0.1207729	0.0760234	0.0982143	0.0789474	0.0438247	0.1205674	0.1102362	0.1913043	0.1641791	
Sharp-shinned/Cooper's Hawk	0.0	0.0	0.0	0.0	0.0	0.0	0.0	0.0	0.0	0.0	0.0087719	0.0	0.0	0.0	0.0	0.0	0.0	0.0	0.0	0.0	0.0	0.0	0.0	0.0	0.0	0.0	0.0	0.0	0.0	0.0	0.0	0.0	0.0	0.0	0.0	0.0	0.0	0.0	0.0	0.0	0.0	0.0	0.0	0.0	0.0	0.0	0.0	0.0	
Accipiter sp.	0.0160428	0.0150376	0.0137931	0.0116279	0.0165289	0.0	0.0	0.0	0.0	0.0	0.0	0.0065789	0.0079365	0.0	0.0071685	0.0017606	0.0	0.005059	0.0015	0.0	0.0	0.0	0.0	0.0113636	0.0	0.0	0.0	0.0	0.0	0.0	0.0	0.0	0.0052632	0.0142857	0.0126582	0.0192308	0.003663	0.0228137	0.0047393	0.0338164	0.0175439	0.0267857	0.0	0.0039841	0.0212766	0.0	0.0086957	0.0149254	
Bald Eagle	0.0106952	0.0	0.0275862	0.0290698	0.0015	0.0208333	0.0106383	0.0	0.0550459	0.0	0.0175439	0.0015	0.0079365	0.0138249	0.0	0.0017606	0.0	0.0016863	0.0042373	0.0	0.0	0.0	0.0	0.0	0.0	0.0	0.0	0.0	0.0	0.0	0.0	0.0	0.0015	0.0238095	0.0042194	0.0346154	0.003663	0.0456274	0.0047393	0.0241546	0.0	0.0	0.0	0.0	0.0015	0.0551181	0.0086957	0.0074627	
Red-shouldered Hawk	0.0	0.0	0.0	0.0	0.0	0.0	0.0	0.0	0.0091743	0.0	0.0	0.0	0.0	0.0046083	0.0	0.0	0.0	0.0	0.0	0.0	0.0	0.0	0.0	0.0	0.0	0.0	0.0	0.0	0.0	0.0	0.0	0.0	0.0	0.0047619	0.0	0.0153846	0.003663	0.0152091	0.014218	0.0193237	0.005848	0.0015	0.0	0.0119522	0.0	0.0	0.0173913	0.0	
Broad-winged Hawk	0.0	0.0	0.0	0.0	0.0	0.0	0.0	0.0	0.0	0.0	0.0	0.0	0.0	0.0	0.0	0.0	0.0	0.010118	0.0	0.0	0.0	0.0	0.0	0.0	0.0	0.0	0.0	0.0	0.0	0.0	0.0	0.0	0.0	0.0047619	0.0042194	0.0115385	0.0	0.0076046	0.0047393	0.0	0.0	0.0	0.0	0.0	0.0	0.0	0.0	0.0	
Red-tailed Hawk	0.4117647	0.2481203	0.2206897	0.3313953	0.1652893	0.21875	0.2765957	0.173913	0.2385321	0.2424242	0.2894737	0.3092105	0.2539683	0.2534562	0.297491	0.2799296	0.1609756	0.2596965	0.1292373	0.0987654	0.0927835	0.0588235	0.1290323	0.0795455	0.0	0.0222222	0.1206897	0.1060606	0.0983607	0.1509434	0.1343284	0.1176471	0.1842105	0.247619	0.1940928	0.2692308	0.2600733	0.243346	0.2464455	0.3719807	0.2982456	0.2321429	0.3026316	0.2948207	0.3191489	0.3543307	0.3565217	0.358209	
Rough-legged Hawk	0.0	0.0	0.0	0.0	0.0	0.0	0.0	0.0	0.0	0.0	0.0	0.0	0.0	0.0	0.0	0.0	0.0	0.0	0.0	0.0	0.0	0.0	0.0	0.0	0.0	0.0	0.0	0.0	0.0	0.0	0.0	0.0	0.0	0.0	0.0	0.0	0.0	0.0	0.0	0.0	0.0	0.0	0.0	0.0	0.0	0.0	0.0086957	0.0	
Buteo sp.	0.0	0.0	0.0	0.005814	0.0	0.0	0.0	0.0	0.0	0.0	0.0175439	0.0	0.0079365	0.0	0.0071685	0.0	0.0	0.0016863	0.0	0.0	0.0	0.0	0.0	0.0	0.0	0.0	0.0	0.0	0.0	0.0	0.0	0.0	0.0	0.0	0.0	0.0	0.0	0.0	0.0	0.0144928	0.0015	0.0089286	0.0	0.0	0.0	0.0	0.0	0.0	
hawk sp.	0.0	0.0	0.0068966	0.0	0.0	0.0	0.0	0.0	0.0	0.0	0.0	0.0	0.0	0.0	0.0	0.0	0.0	0.0033727	0.0042373	0.0	0.0	0.0	0.0	0.0	0.0	0.0	0.0	0.0	0.0	0.0	0.0	0.0	0.0	0.0	0.0	0.0	0.0	0.0	0.0	0.0	0.0	0.0	0.0	0.0	0.0	0.0	0.0	0.0	
Eastern Screech-Owl	0.0	0.0	0.0	0.0	0.0	0.0	0.0	0.0	0.0	0.0	0.0	0.0	0.0	0.0	0.0	0.0	0.0	0.0	0.0	0.0	0.0	0.0	0.0	0.0	0.0	0.0	0.0	0.0	0.0	0.0	0.0	0.0	0.0	0.0	0.0	0.0	0.014652	0.0038023	0.0	0.0	0.0	0.0	0.0	0.0	0.0	0.0	0.0	0.0149254	
Great Horned Owl	0.2673797	0.0	0.0137931	0.1337209	0.2066116	0.0	0.0	0.0	0.0	0.0	0.0	0.0	0.0015	0.0	0.0	0.0	0.0	0.0	0.0	0.0	0.0	0.0	0.0	0.0	0.0	0.0	0.0	0.0	0.0	0.0	0.0	0.0	0.0	0.0	0.0	0.0	0.0	0.0	0.0	0.0	0.0	0.0	0.0	0.0	0.0	0.0	0.0	0.0	
Long-eared Owl	0.0	0.0	0.0	0.0	0.0	0.0	0.0106383	0.0	0.0	0.0	0.0	0.0	0.0	0.0	0.0	0.0	0.0	0.0	0.0	0.0	0.0	0.0	0.0	0.0	0.0	0.0	0.0	0.0	0.0	0.0	0.0	0.0	0.0	0.0	0.0	0.0	0.0	0.0	0.0	0.0	0.0	0.0	0.0	0.0	0.0	0.0	0.0086957	0.0	
Belted Kingfisher	0.0641711	0.0150376	0.0206897	0.0406977	0.0165289	0.0	0.0015	0.0108696	0.0	0.0242424	0.0087719	0.0197368	0.031746	0.0230415	0.046595	0.0897887	0.0121951	0.0118044	0.0042373	0.0015	0.0015	0.0015	0.0	0.0	0.0	0.0222222	0.0344828	0.030303	0.0	0.0943396	0.0746269	0.0220588	0.0157895	0.0428571	0.0126582	0.0538462	0.0732601	0.0342205	0.0189573	0.057971	0.0292398	0.0178571	0.0526316	0.0079681	0.0070922	0.0314961	0.0608696	0.0522388	
Yellow-bellied Sapsucker	0.2513369	0.2105263	0.1793103	0.0813953	0.0909091	0.09375	0.0851064	0.0434783	0.0825688	0.0787879	0.0614035	0.1644737	0.2301587	0.3225806	0.1648746	0.0933099	0.0585366	0.0084317	0.0063559	0.0	0.0	0.0	0.0	0.0	0.0	0.0	0.0	0.0	0.0	0.0	0.0	0.0	0.0	0.0095238	0.0084388	0.3	0.3919414	0.4448669	0.3791469	0.3333333	0.2397661	0.1964286	0.0921053	0.4501992	0.3120567	0.2204724	0.2347826	0.141791	
Red-headed Woodpecker	0.0	0.0	0.0	0.0	0.0	0.0	0.0	0.0	0.0	0.0	0.0	0.0	0.0	0.0	0.0	0.0	0.0	0.0	0.0	0.0	0.0	0.0	0.0	0.0	0.0	0.0	0.0	0.0	0.0	0.0	0.0	0.0	0.0	0.0142857	0.0042194	0.0	0.003663	0.0114068	0.0379147	0.0241546	0.005848	0.0	0.0	0.0039841	0.0	0.0	0.0	0.0	
Red-bellied Woodpecker	0.4438503	0.3082707	0.2689655	0.2616279	0.2644628	0.1666667	0.2765957	0.2391304	0.3027523	0.3393939	0.3508772	0.3881579	0.4206349	0.4101382	0.4336918	0.4753521	0.4463415	0.5126476	0.3199153	0.345679	0.2164948	0.1470588	0.1290323	0.1818182	0.1777778	0.1333333	0.0862069	0.1363636	0.2295082	0.2830189	0.1641791	0.2205882	0.1947368	0.2761905	0.2278481	0.3230769	0.3736264	0.3269962	0.4739336	0.4299517	0.3391813	0.3482143	0.3684211	0.1792829	0.2836879	0.4173228	0.3565217	0.358209	
Downy Woodpecker	0.4331551	0.3458647	0.3172414	0.377907	0.3305785	0.2291667	0.2765957	0.2065217	0.3027523	0.3090909	0.3421053	0.3947368	0.4206349	0.4147465	0.4587814	0.415493	0.3756098	0.3473862	0.2330508	0.3045267	0.1134021	0.0882353	0.1451613	0.2159091	0.2	0.0666667	0.0862069	0.1818182	0.1803279	0.3018868	0.2835821	0.3161765	0.3578947	0.4142857	0.3291139	0.2846154	0.2673993	0.2623574	0.3080569	0.2463768	0.2163743	0.2410714	0.1710526	0.3904382	0.2907801	0.3543307	0.2782609	0.3059701	
Hairy Woodpecker	0.0481283	0.0601504	0.0344828	0.0523256	0.0247934	0.03125	0.0531915	0.0217391	0.0183486	0.0121212	0.0087719	0.0197368	0.0714286	0.0414747	0.0215054	0.0140845	0.0097561	0.0118044	0.0169492	0.0082305	0.0	0.0147059	0.016129	0.0	0.0	0.0	0.0172414	0.0	0.0163934	0.0	0.0	0.0220588	0.0157895	0.0015	0.0084388	0.0038462	0.010989	0.0076046	0.0094787	0.0096618	0.0	0.0446429	0.0657895	0.0159363	0.0141844	0.0708661	0.0521739	0.0522388	
Downy/Hairy Woodpecker	0.0	0.0	0.0	0.0	0.0	0.0	0.0	0.0	0.0	0.0	0.0	0.0	0.0	0.0	0.0	0.0	0.0	0.0	0.0	0.0	0.0	0.0	0.0	0.0	0.0	0.0	0.0	0.0	0.0	0.0	0.0	0.0073529	0.0	0.0	0.0	0.0	0.0	0.0	0.0	0.0	0.0	0.0	0.0015	0.0	0.0	0.0	0.0	0.0	
Northern Flicker	0.0748663	0.0827068	0.0689655	0.0523256	0.0743802	0.0208333	0.0425532	0.0869565	0.0642202	0.1151515	0.2280702	0.4407895	0.5555556	0.5437788	0.5017921	0.4454225	0.2902439	0.2478921	0.1991525	0.1769547	0.1340206	0.1029412	0.1451613	0.1590909	0.1333333	0.1111111	0.1034483	0.2424242	0.3934426	0.4339623	0.4776119	0.4632353	0.3736842	0.4952381	0.4810127	0.5153846	0.4542125	0.338403	0.1990521	0.2222222	0.1111111	0.0714286	0.0789474	0.0119522	0.0851064	0.0551181	0.0956522	0.0671642	
woodpecker sp.	0.0	0.0	0.0	0.0	0.0	0.0	0.0	0.0	0.0	0.0	0.0	0.0	0.0	0.0	0.0	0.0	0.0	0.0	0.0	0.0	0.0	0.0	0.0	0.0	0.0	0.0	0.0	0.0	0.0	0.0	0.0	0.0	0.0	0.0	0.0	0.0	0.0	0.0	0.0047393	0.0	0.0	0.0	0.0	0.0	0.0	0.0	0.0	0.0	
American Kestrel	0.1069519	0.0300752	0.0275862	0.0639535	0.0413223	0.0208333	0.0106383	0.0326087	0.0458716	0.0242424	0.0263158	0.0263158	0.015873	0.0138249	0.046595	0.028169	0.0195122	0.0337268	0.0127119	0.0123457	0.0015	0.0294118	0.0322581	0.0681818	0.1333333	0.0666667	0.137931	0.0757576	0.0819672	0.0943396	0.0597015	0.0588235	0.0578947	0.0809524	0.0379747	0.0884615	0.0842491	0.0798479	0.07109	0.0434783	0.0292398	0.0267857	0.0394737	0.0916335	0.0638298	0.0314961	0.1043478	0.0671642	
Merlin	0.0	0.0075188	0.0068966	0.0	0.0	0.0015	0.0	0.0	0.0091743	0.0121212	0.0	0.0065789	0.0	0.0	0.0071685	0.0035211	0.0	0.0033727	0.0	0.0	0.0	0.0	0.0	0.0	0.0	0.0	0.0	0.0	0.0	0.0	0.0	0.0	0.0052632	0.0047619	0.0	0.0115385	0.0	0.0076046	0.014218	0.0241546	0.0	0.0	0.0	0.0039841	0.0	0.0	0.0	0.0	
Peregrine Falcon	0.0588235	0.0300752	0.0344828	0.0813953	0.0015	0.0104167	0.0425532	0.0108696	0.1009174	0.030303	0.0350877	0.0394737	0.0238095	0.0322581	0.0322581	0.0140845	0.0317073	0.0539629	0.0254237	0.0164609	0.0206186	0.0294118	0.0322581	0.0454545	0.0222222	0.1333333	0.1034483	0.0454545	0.0015	0.0754717	0.0	0.0015	0.0052632	0.0761905	0.0421941	0.0192308	0.03663	0.0342205	0.0236967	0.0386473	0.0233918	0.0178571	0.0394737	0.0557769	0.035461	0.023622	0.0434783	0.0597015	
small falcon sp.	0.0	0.0	0.0	0.0	0.0	0.0	0.0	0.0	0.0	0.0	0.0	0.0	0.0	0.0	0.0035842	0.0	0.0	0.0	0.0	0.0	0.0	0.0	0.0	0.0	0.0	0.0	0.0	0.0	0.0	0.0	0.0	0.0	0.0	0.0	0.0	0.0038462	0.0	0.0	0.0	0.0048309	0.0	0.0	0.0	0.0	0.0	0.0	0.0	0.0	
falcon sp.	0.0	0.0	0.0	0.0	0.0	0.0	0.0	0.0	0.0	0.0060606	0.0	0.0065789	0.0	0.0046083	0.0	0.0017606	0.002439	0.0	0.0021186	0.0	0.0	0.0	0.0	0.0	0.0	0.0	0.0	0.0	0.0	0.0	0.0	0.0	0.0	0.0	0.0042194	0.0076923	0.003663	0.0038023	0.0047393	0.0	0.0	0.0	0.0	0.0	0.0	0.0	0.0	0.0	
diurnal raptor sp.	0.0	0.0075188	0.0	0.0	0.0	0.0	0.0	0.0	0.0	0.0	0.0	0.0065789	0.0	0.0046083	0.0	0.0	0.0	0.0016863	0.0021186	0.0	0.0	0.0	0.0	0.0	0.0	0.0	0.0	0.0	0.0	0.0	0.0	0.0	0.0105263	0.0	0.0	0.0076923	0.0	0.0038023	0.0	0.0	0.0	0.0	0.0	0.0079681	0.0070922	0.007874	0.0086957	0.0	
Monk Parakeet	0.0	0.0	0.0	0.0	0.0	0.0	0.0015	0.0	0.0	0.0060606	0.0	0.0	0.0	0.0	0.0	0.0	0.0	0.0	0.0	0.0	0.0015	0.0015	0.0	0.0	0.0	0.0	0.0	0.0015	0.0163934	0.0	0.0	0.0	0.0	0.0	0.0	0.0	0.0	0.0	0.0	0.0	0.0	0.0	0.0	0.0	0.0	0.0	0.0	0.0	
Olive-sided Flycatcher	0.0	0.0	0.0	0.0	0.0	0.0	0.0	0.0	0.0	0.0	0.0	0.0	0.0	0.0	0.0	0.0	0.0015	0.0455312	0.0614407	0.0781893	0.0015	0.0	0.016129	0.0	0.0	0.0	0.0	0.0	0.0	0.0377358	0.0149254	0.0	0.0	0.0	0.0	0.0038462	0.0	0.0	0.0	0.0	0.0	0.0	0.0	0.0	0.0	0.0	0.0	0.0	
Eastern Wood-Pewee	0.0	0.0	0.0	0.0	0.0	0.0	0.0	0.0	0.0	0.0	0.0	0.0	0.0	0.0	0.0035842	0.0017606	0.004878	0.0708263	0.1440678	0.3045267	0.1237113	0.0147059	0.0	0.0227273	0.0	0.0	0.0	0.0	0.0327869	0.1132075	0.1791045	0.0882353	0.1578947	0.3142857	0.1687764	0.2576923	0.2161172	0.0114068	0.014218	0.0	0.0	0.0	0.0	0.0	0.0	0.0	0.0	0.0	
pewee sp. (Contopus sp.)	0.0	0.0	0.0	0.0	0.0	0.0	0.0	0.0	0.0	0.0	0.0	0.0	0.0	0.0	0.0	0.0	0.0	0.0	0.0021186	0.0	0.0	0.0	0.0	0.0	0.0	0.0	0.0	0.0	0.0	0.0	0.0	0.0	0.0	0.0	0.0	0.0	0.0	0.0	0.0	0.0	0.0	0.0	0.0	0.0	0.0	0.0	0.0	0.0	
Yellow-bellied Flycatcher	0.0	0.0	0.0	0.0	0.0	0.0	0.0	0.0	0.0	0.0	0.0	0.0	0.0	0.0	0.0	0.0	0.0	0.0	0.0021186	0.0082305	0.0	0.0	0.0	0.0	0.0	0.0	0.0	0.0	0.0	0.0188679	0.0	0.0294118	0.0210526	0.0380952	0.0	0.0	0.0	0.0	0.0	0.0	0.0	0.0	0.0	0.0	0.0	0.0	0.0	0.0	
Acadian Flycatcher	0.0	0.0	0.0	0.0	0.0	0.0	0.0	0.0	0.0	0.0	0.0	0.0	0.0	0.0	0.0	0.0	0.0	0.0	0.0	0.0164609	0.0309278	0.0	0.0	0.0	0.0	0.0	0.0	0.0	0.0	0.0	0.0	0.0	0.0	0.0	0.0	0.0	0.0	0.0	0.0	0.0	0.0	0.0	0.0	0.0	0.0	0.0	0.0	0.0	
Alder Flycatcher	0.0	0.0	0.0	0.0	0.0	0.0	0.0	0.0	0.0	0.0	0.0	0.0	0.0	0.0	0.0	0.0	0.0	0.005059	0.0042373	0.0	0.0103093	0.0	0.0	0.0	0.0	0.0	0.0	0.0	0.0	0.0	0.0	0.0	0.0	0.0	0.0	0.0	0.0	0.0	0.0	0.0	0.0	0.0	0.0	0.0	0.0	0.0	0.0	0.0	
Willow Flycatcher	0.0	0.0	0.0	0.0	0.0	0.0	0.0	0.0	0.0	0.0	0.0	0.0	0.0	0.0	0.0	0.0	0.0	0.0016863	0.0	0.0082305	0.0	0.0	0.0	0.0	0.0	0.0	0.0	0.0	0.0	0.0	0.0447761	0.0294118	0.0	0.0047619	0.0	0.0	0.0	0.0	0.0	0.0	0.0	0.0	0.0	0.0	0.0	0.0	0.0	0.0	
Alder/Willow Flycatcher (Traill's Flycatcher)	0.0	0.0	0.0	0.0	0.0	0.0	0.0	0.0	0.0	0.0	0.0	0.0	0.0	0.0	0.0	0.0	0.0	0.0	0.0	0.0015	0.0	0.0	0.0	0.0	0.0	0.0	0.0	0.0	0.0	0.0	0.0	0.0073529	0.0052632	0.0	0.0	0.0	0.0	0.0	0.0	0.0	0.0	0.0	0.0	0.0	0.0	0.0	0.0	0.0	
Least Flycatcher	0.0	0.0	0.0	0.0	0.0	0.0	0.0	0.0	0.0	0.0	0.0	0.0	0.0	0.0	0.0	0.0017606	0.0536585	0.06914	0.0402542	0.0329218	0.0	0.0	0.0	0.0	0.0	0.0	0.0	0.0	0.0	0.0	0.0	0.0073529	0.0684211	0.0047619	0.021097	0.0307692	0.0	0.0	0.0	0.0	0.0	0.0	0.0	0.0	0.0	0.0	0.0	0.0	
Pacific-slope/Cordilleran Flycatcher (Western Flycatcher)	0.0	0.0	0.0	0.0	0.0	0.0	0.0	0.0	0.0	0.0	0.0	0.0	0.0	0.0	0.0	0.0	0.0	0.0	0.0	0.0	0.0	0.0	0.0	0.0	0.0	0.0	0.0	0.0	0.0	0.0	0.0	0.0	0.0	0.0	0.0	0.0	0.0	0.0	0.0	0.0	0.0	0.0	0.0	0.0	0.0	0.1023622	0.0	0.0	
Empidonax sp.	0.0	0.0	0.0	0.0	0.0	0.0	0.0	0.0	0.0	0.0	0.0	0.0	0.0	0.0	0.0	0.0	0.0146341	0.0219224	0.0466102	0.0534979	0.0206186	0.0	0.0	0.0	0.0	0.0	0.0	0.0	0.0	0.0	0.0895522	0.0441176	0.1421053	0.0952381	0.0084388	0.0346154	0.003663	0.0	0.0	0.0	0.0	0.0	0.0	0.0	0.0	0.0	0.0	0.0	
Eastern Phoebe	0.0	0.0	0.0	0.0	0.0	0.0	0.0	0.0	0.0	0.0969697	0.0877193	0.2171053	0.2142857	0.235023	0.0573477	0.0193662	0.0121951	0.0185497	0.0084746	0.0041152	0.0103093	0.0	0.0	0.0	0.0	0.0	0.0	0.0	0.0	0.0188679	0.0447761	0.0220588	0.0263158	0.0285714	0.0759494	0.3192308	0.3919414	0.2357414	0.2180095	0.2270531	0.0350877	0.0267857	0.0	0.0079681	0.0	0.0	0.0	0.0	
Great Crested Flycatcher	0.0	0.0	0.0	0.0	0.0	0.0	0.0	0.0	0.0	0.0	0.0	0.0	0.0	0.0	0.0	0.0017606	0.1219512	0.1888702	0.0826271	0.0740741	0.0618557	0.0735294	0.0483871	0.0454545	0.0	0.0	0.0	0.0151515	0.0163934	0.0	0.1044776	0.1323529	0.1421053	0.1238095	0.0759494	0.0076923	0.010989	0.0	0.0	0.0	0.0	0.0	0.0	0.0	0.0	0.0	0.0	0.0	
Eastern Kingbird	0.0	0.0	0.0	0.0	0.0	0.0	0.0	0.0	0.0	0.0	0.0	0.0	0.0	0.0	0.0	0.0492958	0.0170732	0.1956155	0.154661	0.18107	0.1752577	0.1176471	0.1290323	0.0795455	0.1555556	0.1555556	0.137931	0.1818182	0.2786885	0.2830189	0.2238806	0.0514706	0.0263158	0.0285714	0.0084388	0.0	0.0	0.0	0.0	0.0	0.0	0.0	0.0	0.0	0.0	0.0	0.0	0.0	
flycatcher sp. (Tyrannidae sp.)	0.0	0.0	0.0	0.0	0.0	0.0	0.0	0.0	0.0	0.0	0.0	0.0	0.0	0.0	0.0	0.0	0.002439	0.0016863	0.0042373	0.0	0.0	0.0	0.0	0.0113636	0.0	0.0	0.0	0.0	0.0	0.0	0.0	0.0	0.0	0.0095238	0.0042194	0.0	0.003663	0.0	0.0047393	0.0	0.0	0.0	0.0	0.0	0.0	0.0	0.0	0.0	
White-eyed Vireo	0.0	0.0	0.0	0.0	0.0	0.0	0.0	0.0	0.0	0.0	0.0	0.0	0.0	0.1059908	0.0860215	0.0598592	0.0658537	0.0252951	0.0	0.0041152	0.0	0.0	0.0	0.0	0.0222222	0.0	0.0	0.0	0.0	0.0	0.0	0.0015	0.0	0.0	0.0084388	0.0115385	0.021978	0.0	0.0	0.0048309	0.0	0.0	0.0	0.0	0.0	0.0	0.0	0.0	
Yellow-throated Vireo	0.0	0.0	0.0	0.0	0.0	0.0	0.0	0.0	0.0	0.0	0.0	0.0	0.0	0.0	0.0	0.0809859	0.0634146	0.143339	0.0275424	0.0246914	0.0	0.0	0.0	0.0	0.0	0.0	0.0	0.0	0.0	0.0	0.0	0.0	0.0052632	0.0142857	0.0	0.0038462	0.0	0.0038023	0.0	0.0	0.0	0.0	0.0	0.0	0.0	0.0	0.0	0.0	
Blue-headed Vireo	0.0	0.0	0.0	0.0	0.0	0.0	0.0	0.0	0.0	0.0	0.0	0.0	0.0	0.0046083	0.1111111	0.3697183	0.3170732	0.296796	0.0614407	0.0	0.0	0.0	0.0	0.0	0.0	0.0	0.0	0.0	0.0	0.0	0.0	0.0	0.0	0.0	0.021097	0.0769231	0.1355311	0.121673	0.0616114	0.0869565	0.005848	0.0	0.0	0.0	0.0	0.0	0.0	0.0	
Philadelphia Vireo	0.0	0.0	0.0	0.0	0.0	0.0	0.0	0.0	0.0	0.0	0.0	0.0	0.0	0.0	0.0	0.0	0.0	0.0	0.0042373	0.0123457	0.0	0.0	0.0	0.0	0.0	0.0	0.0	0.0	0.0	0.0	0.0	0.0	0.0	0.0047619	0.0590717	0.0	0.007326	0.0	0.0	0.0	0.0	0.0	0.0	0.0	0.0	0.0	0.0	0.0	
Warbling Vireo	0.0	0.0	0.0	0.0	0.0	0.0	0.0	0.0	0.0	0.0	0.0	0.0	0.0	0.0	0.0107527	0.1672535	0.2585366	0.4114671	0.3072034	0.3703704	0.2061856	0.1470588	0.1290323	0.125	0.1111111	0.0222222	0.0172414	0.0606061	0.1639344	0.245283	0.1791045	0.1544118	0.1947368	0.0571429	0.0253165	0.0	0.0	0.0	0.0	0.0	0.0	0.0	0.0	0.0	0.0	0.0	0.0	0.0	
Philadelphia/Warbling Vireo	0.0	0.0	0.0	0.0	0.0	0.0	0.0	0.0	0.0	0.0	0.0	0.0	0.0	0.0	0.0	0.0	0.0	0.0	0.0	0.0	0.0	0.0	0.0	0.0	0.0	0.0	0.0	0.0	0.0	0.0	0.0	0.0	0.0	0.0	0.0015	0.0	0.0	0.0	0.0	0.0	0.0	0.0	0.0	0.0	0.0	0.0	0.0	0.0	
Red-eyed Vireo	0.0	0.0	0.0	0.0	0.0	0.0	0.0	0.0	0.0	0.0	0.0	0.0	0.0	0.0	0.0	0.0193662	0.0341463	0.3271501	0.2288136	0.4032922	0.1340206	0.0294118	0.0645161	0.0568182	0.0666667	0.0015	0.0172414	0.0151515	0.0327869	0.1698113	0.119403	0.1691176	0.2421053	0.2333333	0.278481	0.1961538	0.1245421	0.0342205	0.0047393	0.0	0.0	0.0	0.0	0.0	0.0	0.0	0.0	0.0	
vireo sp.	0.0	0.0	0.0	0.0	0.0	0.0	0.0	0.0	0.0	0.0	0.0	0.0	0.0	0.0	0.0035842	0.0	0.0	0.0	0.0	0.0041152	0.0	0.0	0.0	0.0113636	0.0	0.0	0.0	0.0	0.0	0.0	0.0	0.0	0.0	0.0	0.0	0.0	0.0	0.0	0.0	0.0	0.0	0.0	0.0	0.0	0.0	0.0	0.0	0.0	
Blue Jay	0.6042781	0.518797	0.537931	0.505814	0.4297521	0.4895833	0.4893617	0.5434783	0.587156	0.5575758	0.6403509	0.625	0.6666667	0.7142857	0.702509	0.709507	0.6414634	0.7116358	0.5847458	0.5843621	0.4742268	0.25	0.3387097	0.5681818	0.4666667	0.3111111	0.3793103	0.4848485	0.5737705	0.6226415	0.6119403	0.6985294	0.6789474	0.6761905	0.6835443	0.6576923	0.6300366	0.5969582	0.6540284	0.6376812	0.5204678	0.3839286	0.4342105	0.2709163	0.4184397	0.6299213	0.4956522	0.5522388	
American Crow	0.171123	0.0676692	0.1793103	0.1802326	0.1404959	0.09375	0.0744681	0.1195652	0.1926606	0.1333333	0.1052632	0.0855263	0.1031746	0.0921659	0.0752688	0.0774648	0.0585366	0.0708263	0.0614407	0.0493827	0.0412371	0.0294118	0.0483871	0.0795455	0.0222222	0.0666667	0.1206897	0.0909091	0.0327869	0.1132075	0.0	0.0147059	0.0631579	0.0714286	0.1012658	0.1153846	0.1172161	0.1939163	0.1469194	0.1207729	0.0584795	0.0982143	0.0526316	0.0358566	0.035461	0.1102362	0.173913	0.0970149	
Fish Crow	0.0106952	0.0015	0.0	0.0174419	0.0015	0.0	0.0212766	0.0	0.0183486	0.0121212	0.0263158	0.0131579	0.0396825	0.0092166	0.0179211	0.0158451	0.0073171	0.0084317	0.0042373	0.0164609	0.0721649	0.1176471	0.0806452	0.0568182	0.1111111	0.1111111	0.2586207	0.1060606	0.0655738	0.0566038	0.0597015	0.0367647	0.0	0.0	0.0042194	0.0	0.003663	0.0	0.0047393	0.0	0.0015	0.0	0.0131579	0.0119522	0.0	0.0	0.026087	0.0074627	
crow sp.	0.0213904	0.0075188	0.0068966	0.0232558	0.0	0.0104167	0.0319149	0.0	0.0	0.0	0.0	0.0065789	0.0079365	0.0138249	0.0143369	0.0176056	0.0195122	0.0118044	0.0190678	0.0082305	0.0309278	0.1176471	0.0	0.0113636	0.0444444	0.0666667	0.0344828	0.0	0.0	0.0	0.0	0.0073529	0.0157895	0.0142857	0.0084388	0.0192308	0.007326	0.0	0.0	0.0048309	0.0	0.0178571	0.0	0.0	0.0141844	0.007874	0.0347826	0.0074627	
Common Raven	0.0427807	0.0300752	0.0344828	0.0015	0.0082645	0.0015	0.0	0.0015	0.0091743	0.0060606	0.0175439	0.0015	0.0555556	0.0046083	0.0	0.0140845	0.002439	0.0067454	0.0042373	0.0015	0.0206186	0.0147059	0.0015	0.0015	0.0	0.0222222	0.0	0.0015	0.0	0.0377358	0.0015	0.0015	0.0	0.0095238	0.021097	0.0076923	0.025641	0.0152091	0.014218	0.0144928	0.0116959	0.0089286	0.0131579	0.0039841	0.0015	0.0393701	0.0086957	0.0149254	
crow/raven sp.	0.0	0.0	0.0	0.0	0.0	0.0	0.0	0.0	0.0	0.0	0.0	0.0	0.0	0.0	0.0	0.0	0.0	0.0	0.0	0.0	0.0	0.0	0.0	0.0	0.0	0.0	0.0	0.0	0.0	0.0	0.0	0.0	0.0	0.0	0.0	0.0	0.0	0.0015	0.0	0.0	0.0	0.0	0.0	0.0	0.0	0.0	0.0	0.0	
Black-capped Chickadee	0.342246	0.2330827	0.2275862	0.3313953	0.2561983	0.2083333	0.3297872	0.25	0.266055	0.2848485	0.2807018	0.3092105	0.2698413	0.281106	0.2544803	0.2764085	0.2853659	0.2984823	0.1864407	0.1687243	0.0412371	0.0441176	0.0322581	0.0568182	0.0	0.0	0.0015	0.0151515	0.0819672	0.1320755	0.0895522	0.1029412	0.1263158	0.0761905	0.07173	0.0846154	0.0805861	0.3269962	0.5829384	0.5507246	0.3976608	0.3571429	0.3947368	0.1792829	0.2411348	0.4330709	0.3913043	0.3656716	
Tufted Titmouse	0.4438503	0.3533835	0.2689655	0.4011628	0.2644628	0.2083333	0.3191489	0.2282609	0.266055	0.2909091	0.3333333	0.3618421	0.3492063	0.4101382	0.3942652	0.3010563	0.2365854	0.1298482	0.0423729	0.0041152	0.0515464	0.0294118	0.016129	0.0113636	0.0	0.0	0.0	0.0	0.0819672	0.1320755	0.1343284	0.1102941	0.0947368	0.1047619	0.07173	0.0807692	0.0732601	0.1330798	0.4407583	0.531401	0.4853801	0.3660714	0.3289474	0.1992032	0.3829787	0.488189	0.4608696	0.5522388	
Horned Lark	0.0	0.0	0.0	0.0	0.0	0.0	0.0	0.0	0.0	0.0	0.0	0.0	0.0	0.0	0.0	0.0	0.0	0.0	0.0	0.0	0.0	0.0	0.0	0.0	0.0	0.0	0.0	0.0	0.0	0.0	0.0	0.0	0.0	0.0	0.0	0.0	0.0	0.0	0.0	0.0	0.0	0.0	0.0	0.0039841	0.0	0.0	0.0086957	0.0	
Northern Rough-winged Swallow	0.0	0.0	0.0	0.0	0.0	0.0	0.0	0.0	0.0	0.0	0.0	0.0065789	0.0079365	0.0829493	0.0358423	0.0633803	0.0512195	0.0387858	0.0529661	0.0164609	0.0721649	0.0294118	0.016129	0.0227273	0.0	0.0444444	0.0	0.0151515	0.0	0.0188679	0.0	0.0	0.0	0.0	0.0	0.0	0.0	0.0	0.0	0.0	0.0	0.0	0.0	0.0	0.0	0.0	0.0	0.0	
Purple Martin	0.0	0.0	0.0	0.0	0.0	0.0	0.0	0.0	0.0	0.0	0.0	0.0	0.0	0.0	0.0	0.0	0.002439	0.0033727	0.0	0.0	0.0	0.0	0.0	0.0	0.0	0.0	0.0	0.0	0.0	0.0	0.0	0.0	0.0	0.0	0.0	0.0	0.0	0.0	0.0	0.0	0.0	0.0	0.0	0.0	0.0	0.0	0.0	0.0	
Tree Swallow	0.0	0.0	0.0	0.0	0.0	0.0	0.0	0.0	0.0	0.0121212	0.0175439	0.0197368	0.0396825	0.0230415	0.0322581	0.0176056	0.0317073	0.0522766	0.0317797	0.0288066	0.0927835	0.1911765	0.1129032	0.0340909	0.0888889	0.0666667	0.0689655	0.0	0.0491803	0.0377358	0.0	0.0220588	0.0	0.0047619	0.0042194	0.0	0.007326	0.0076046	0.0094787	0.0048309	0.0	0.0	0.0	0.0	0.0	0.0	0.0	0.0	
Bank Swallow	0.0	0.0	0.0	0.0	0.0	0.0	0.0	0.0	0.0	0.0	0.0	0.0	0.0	0.0	0.0	0.0	0.004878	0.005059	0.0	0.0	0.0	0.0	0.0	0.0	0.0	0.0	0.0	0.0	0.0	0.0	0.0	0.0	0.0	0.0	0.0042194	0.0	0.0	0.0	0.0	0.0015	0.0	0.0	0.0	0.0	0.0	0.0	0.0	0.0	
Barn Swallow	0.0	0.0	0.0	0.0	0.0	0.0	0.0	0.0	0.0	0.0	0.0	0.0	0.0015	0.0276498	0.0107527	0.0598592	0.1121951	0.0944351	0.1631356	0.1358025	0.2371134	0.3382353	0.2258065	0.2613636	0.2666667	0.3111111	0.4137931	0.2727273	0.2459016	0.2641509	0.2238806	0.1029412	0.0157895	0.0095238	0.0084388	0.0	0.0	0.0	0.0	0.0015	0.0	0.0	0.0	0.0	0.0	0.0	0.0	0.0	
Cliff Swallow	0.0	0.0	0.0	0.0	0.0	0.0	0.0	0.0	0.0	0.0	0.0	0.0	0.0	0.0	0.0	0.0	0.002439	0.005059	0.0	0.0	0.0	0.0	0.0	0.0	0.0	0.0	0.0	0.0	0.0	0.0	0.0	0.0	0.0	0.0	0.0	0.0	0.0	0.0	0.0	0.0	0.0	0.0	0.0	0.0	0.0	0.0	0.0	0.0	
swallow sp.	0.0	0.0	0.0	0.0	0.0	0.0	0.0	0.0	0.0	0.0	0.0	0.0	0.0	0.0	0.0	0.0	0.004878	0.005059	0.0042373	0.0	0.0	0.0	0.0	0.0	0.0	0.0	0.0	0.030303	0.0	0.0	0.0	0.0	0.0052632	0.0	0.0	0.0	0.0	0.0	0.0	0.0	0.0	0.0	0.0	0.0	0.0	0.0	0.0	0.0	
Ruby-crowned Kinglet	0.0962567	0.0827068	0.0689655	0.0290698	0.0165289	0.0208333	0.0319149	0.0108696	0.0550459	0.0121212	0.0263158	0.0657895	0.1111111	0.3824885	0.5089606	0.5757042	0.4121951	0.3423272	0.0042373	0.0	0.0	0.0	0.0	0.0	0.0	0.0	0.0	0.0	0.0	0.0	0.0149254	0.0147059	0.0	0.0047619	0.0464135	0.1730769	0.4432234	0.5019011	0.4454976	0.4444444	0.2397661	0.2053571	0.0657895	0.0119522	0.0283688	0.0629921	0.0434783	0.0373134	
Golden-crowned Kinglet	0.0	0.0	0.0	0.0	0.0082645	0.0	0.0	0.0	0.0	0.0060606	0.0964912	0.1447368	0.0873016	0.0460829	0.0394265	0.0017606	0.0	0.0	0.0	0.0	0.0	0.0	0.0	0.0	0.0	0.0	0.0	0.0	0.0	0.0	0.0	0.0	0.0	0.0	0.0	0.0576923	0.1135531	0.2471483	0.2369668	0.3285024	0.1929825	0.1607143	0.0394737	0.0119522	0.0070922	0.0	0.026087	0.0	
Ruby-crowned/Golden-crowned Kinglet	0.0	0.0	0.0	0.0	0.0	0.0	0.0	0.0	0.0	0.0	0.0	0.0	0.0	0.0	0.0035842	0.0	0.0	0.0	0.0	0.0	0.0	0.0	0.0	0.0	0.0	0.0	0.0	0.0	0.0	0.0	0.0	0.0	0.0	0.0	0.0	0.0	0.0	0.0	0.0	0.0	0.0	0.0	0.0	0.0	0.0	0.0	0.0	0.0	
Red-breasted Nuthatch	0.0160428	0.0	0.0	0.0015	0.0	0.0104167	0.0106383	0.0	0.0091743	0.0	0.0	0.0	0.0	0.0	0.0	0.0	0.0	0.0016863	0.0	0.0	0.0	0.0	0.0	0.0015	0.0	0.0	0.0	0.0	0.0	0.0	0.0447761	0.0735294	0.2947368	0.2380952	0.1392405	0.1269231	0.1978022	0.1634981	0.2274882	0.1835749	0.0526316	0.0982143	0.0394737	0.0159363	0.0425532	0.0866142	0.0086957	0.0671642	
White-breasted Nuthatch	0.4759358	0.4285714	0.3310345	0.377907	0.2892562	0.2083333	0.393617	0.2282609	0.3119266	0.3151515	0.3421053	0.4078947	0.2936508	0.2857143	0.2043011	0.1637324	0.1731707	0.1551433	0.0847458	0.0534979	0.0309278	0.0294118	0.0322581	0.1022727	0.1555556	0.0666667	0.0862069	0.0606061	0.1311475	0.1886792	0.238806	0.2720588	0.1947368	0.2238095	0.1983122	0.2307692	0.2857143	0.4030418	0.450237	0.4154589	0.3216374	0.3035714	0.3421053	0.1434263	0.2765957	0.3937008	0.3217391	0.380597	
nuthatch sp.	0.0	0.0	0.0	0.0	0.0	0.0	0.0	0.0	0.0	0.0	0.0	0.0	0.0	0.0	0.0	0.0	0.0	0.0	0.0	0.0	0.0	0.0	0.0	0.0113636	0.0	0.0	0.0	0.0	0.0	0.0	0.0	0.0147059	0.0	0.0	0.0	0.0	0.0	0.0	0.0	0.0	0.0	0.0	0.0	0.0	0.0	0.0	0.0	0.0	
Brown Creeper	0.0695187	0.0601504	0.0275862	0.0348837	0.0165289	0.0520833	0.0744681	0.0326087	0.1376147	0.0848485	0.0701754	0.0921053	0.0873016	0.124424	0.046595	0.0	0.0	0.0	0.0	0.0	0.0	0.0	0.0	0.0	0.0	0.0	0.0	0.0	0.0	0.0	0.0	0.0	0.0157895	0.0	0.0	0.0576923	0.1391941	0.1863118	0.1374408	0.1304348	0.0467836	0.0714286	0.0921053	0.0318725	0.0141844	0.0551181	0.026087	0.0820896	
Blue-gray Gnatcatcher	0.0	0.0	0.0	0.0	0.0	0.0	0.0	0.0	0.0	0.0	0.0	0.0065789	0.1666667	0.1152074	0.0681004	0.2834507	0.297561	0.158516	0.0169492	0.0205761	0.0	0.0	0.0	0.0	0.0	0.0	0.0	0.0	0.0327869	0.0754717	0.0298507	0.0367647	0.0526316	0.0761905	0.0042194	0.0115385	0.010989	0.0	0.0047393	0.0	0.0	0.0	0.0	0.0015	0.0070922	0.0	0.0	0.0	
House Wren	0.0	0.0	0.0	0.0	0.0	0.0	0.0	0.0	0.0	0.0	0.0	0.0	0.0	0.0092166	0.0250896	0.2147887	0.2780488	0.2546374	0.1483051	0.1111111	0.1030928	0.0	0.0483871	0.0227273	0.0444444	0.0015	0.0172414	0.030303	0.0819672	0.0377358	0.0298507	0.0220588	0.0526316	0.1095238	0.092827	0.1307692	0.1684982	0.0418251	0.028436	0.0338164	0.0409357	0.0	0.0	0.0039841	0.0	0.0	0.0	0.0	
Winter Wren	0.0	0.0	0.0	0.005814	0.0	0.0	0.0106383	0.0	0.0	0.0	0.0789474	0.0131579	0.0	0.0138249	0.0322581	0.040493	0.0097561	0.0033727	0.0	0.0	0.0	0.0	0.0	0.0	0.0	0.0	0.0	0.0	0.0	0.0	0.0	0.0	0.0	0.0	0.0042194	0.0961538	0.1868132	0.1634981	0.1421801	0.173913	0.0994152	0.0267857	0.0789474	0.0079681	0.0	0.023622	0.0015	0.0074627	
Marsh Wren	0.0	0.0	0.0	0.0	0.0	0.0	0.0	0.0	0.0	0.0	0.0	0.0	0.0	0.0	0.0	0.0	0.0	0.0	0.0	0.0	0.0	0.0	0.0	0.0	0.0	0.0	0.0	0.0	0.0	0.0	0.0	0.0	0.0	0.0142857	0.0	0.0307692	0.029304	0.0038023	0.0	0.0	0.0	0.0	0.0	0.0	0.0	0.0	0.0	0.0	
Carolina Wren	0.0641711	0.037594	0.0275862	0.0465116	0.0247934	0.0	0.0106383	0.0217391	0.0275229	0.0060606	0.0	0.0263158	0.0	0.0184332	0.0	0.0176056	0.0121951	0.0202361	0.0190678	0.0	0.0103093	0.0	0.0	0.0227273	0.0	0.0	0.0517241	0.0757576	0.0983607	0.1886792	0.1343284	0.1544118	0.1368421	0.0904762	0.164557	0.0461538	0.0842491	0.0456274	0.0663507	0.0772947	0.0643275	0.0089286	0.0	0.0015	0.0070922	0.0629921	0.0608696	0.0149254	
wren sp.	0.0	0.0	0.0	0.0	0.0	0.0	0.0	0.0	0.0	0.0	0.0	0.0	0.0	0.0	0.0	0.0	0.0	0.0	0.0	0.0	0.0	0.0	0.0	0.0	0.0	0.0	0.0	0.0	0.0	0.0	0.0	0.0	0.0	0.0	0.0	0.0	0.0	0.0	0.0	0.0	0.005848	0.0	0.0	0.0	0.0	0.0	0.0	0.0	
European Starling	0.5989305	0.4135338	0.4068966	0.5406977	0.5867769	0.4270833	0.5638298	0.5217391	0.587156	0.6787879	0.7368421	0.7828947	0.8015873	0.8248848	0.8136201	0.7940141	0.8341463	0.8499157	0.809322	0.8106996	0.742268	0.7647059	0.7741935	0.8409091	0.7555556	0.8	0.7068966	0.7727273	0.7540984	0.7358491	0.7761194	0.7352941	0.6789474	0.6142857	0.6919831	0.7115385	0.6666667	0.6121673	0.5545024	0.47343	0.4385965	0.5	0.5921053	0.438247	0.3829787	0.3937008	0.6347826	0.4477612	
Gray Catbird	0.0588235	0.0827068	0.0344828	0.0290698	0.0330579	0.0416667	0.0638298	0.0217391	0.0091743	0.0909091	0.1403509	0.0789474	0.015873	0.1105991	0.0752688	0.375	0.6609756	0.7908938	0.7605932	0.691358	0.4329897	0.3382353	0.4193548	0.4431818	0.3777778	0.2444444	0.3103448	0.4393939	0.4918033	0.6226415	0.6268657	0.6544118	0.5736842	0.5904762	0.5949367	0.6653846	0.6117216	0.418251	0.2559242	0.2028986	0.1111111	0.0892857	0.0131579	0.0199203	0.0212766	0.0393701	0.0956522	0.0373134	
Brown Thrasher	0.0374332	0.0601504	0.0137931	0.0116279	0.0082645	0.0104167	0.0212766	0.0108696	0.0183486	0.0181818	0.0175439	0.0526316	0.0079365	0.0921659	0.0609319	0.0757042	0.0780488	0.0286678	0.0190678	0.0123457	0.0	0.0	0.0	0.0	0.0	0.0	0.0	0.0151515	0.0163934	0.0	0.0	0.0	0.0	0.0904762	0.2194093	0.2884615	0.2454212	0.0684411	0.0473934	0.0193237	0.005848	0.0015	0.0	0.0015	0.0141844	0.0	0.0347826	0.0149254	
Northern Mockingbird	0.1657754	0.2030075	0.1310345	0.1453488	0.1404959	0.1145833	0.106383	0.173913	0.146789	0.1939394	0.1140351	0.1513158	0.1507937	0.0967742	0.1362007	0.1302817	0.1073171	0.1028668	0.0614407	0.0781893	0.1340206	0.2352941	0.2096774	0.1704545	0.2444444	0.1777778	0.362069	0.2575758	0.147541	0.2830189	0.2238806	0.1102941	0.1473684	0.0952381	0.1223629	0.2269231	0.2124542	0.2091255	0.1421801	0.1545894	0.128655	0.0982143	0.0526316	0.0756972	0.0921986	0.1889764	0.2434783	0.1716418	
Eastern Bluebird	0.0	0.0	0.0	0.0	0.0	0.0	0.0	0.0	0.0	0.0	0.0	0.0263158	0.0079365	0.0046083	0.0035842	0.0	0.0	0.0033727	0.0	0.0	0.0	0.0	0.0	0.0	0.0	0.0	0.0	0.0	0.0	0.0	0.0	0.0	0.0	0.0	0.0	0.0038462	0.0	0.0038023	0.0	0.0144928	0.0175439	0.0089286	0.0	0.0	0.0	0.0	0.0	0.0	
Veery	0.0	0.0	0.0	0.0	0.0	0.0	0.0	0.0	0.0	0.0	0.0	0.0	0.0	0.0	0.0	0.0792254	0.3317073	0.3996627	0.2944915	0.0823045	0.0103093	0.0	0.0	0.0	0.0	0.0	0.0	0.0	0.0	0.0	0.0447761	0.0955882	0.3052632	0.2333333	0.1223629	0.0230769	0.032967	0.0	0.0	0.0	0.0	0.0	0.0	0.0	0.0	0.0	0.0	0.0	
Gray-cheeked Thrush	0.0	0.0	0.0	0.0	0.0	0.0	0.0	0.0	0.0	0.0	0.0	0.0	0.0	0.0	0.0	0.0	0.0015	0.0286678	0.1122881	0.1111111	0.0	0.0	0.0	0.0	0.0	0.0	0.0	0.0	0.0	0.0	0.0	0.0073529	0.0052632	0.0047619	0.0421941	0.1115385	0.040293	0.0038023	0.0	0.0	0.0	0.0	0.0	0.0	0.0	0.0	0.0	0.0	
Gray-cheeked/Bicknell's Thrush	0.0	0.0	0.0	0.0	0.0	0.0	0.0	0.0	0.0	0.0	0.0	0.0	0.0	0.0	0.0	0.0	0.0	0.0016863	0.0042373	0.0041152	0.0	0.0	0.0	0.0	0.0	0.0	0.0	0.0	0.0	0.0	0.0	0.0	0.0	0.0	0.0	0.0	0.003663	0.0	0.0	0.0	0.0	0.0	0.0	0.0	0.0	0.0	0.0	0.0	
Swainson's Thrush	0.0	0.0	0.0	0.0	0.0	0.0	0.0	0.0	0.0	0.0	0.0	0.0	0.0	0.0	0.0	0.0	0.0292683	0.3473862	0.3707627	0.2880658	0.0103093	0.0	0.0	0.0	0.0	0.0	0.0	0.0	0.0	0.0	0.0149254	0.0073529	0.0736842	0.2	0.2109705	0.3038462	0.2747253	0.095057	0.056872	0.0096618	0.0	0.0	0.0	0.0	0.0	0.0	0.0	0.0	
Hermit Thrush	0.1497326	0.112782	0.0551724	0.0930233	0.0578512	0.0104167	0.0106383	0.0	0.0091743	0.0242424	0.0175439	0.0921053	0.3253968	0.4423963	0.5555556	0.5985915	0.5707317	0.3575042	0.0423729	0.0041152	0.0	0.0	0.0	0.0	0.0	0.0	0.0	0.0	0.0	0.0	0.0	0.0	0.0	0.0	0.0042194	0.0115385	0.2161172	0.391635	0.3791469	0.5652174	0.4619883	0.5446429	0.4473684	0.2868526	0.0992908	0.0629921	0.026087	0.0447761	
Catharus sp.	0.0	0.0	0.0	0.0	0.0	0.0	0.0	0.0	0.0	0.0	0.0	0.0	0.0	0.0	0.0	0.0070423	0.0243902	0.0354132	0.0317797	0.0452675	0.0	0.0	0.0	0.0	0.0	0.0	0.0	0.0	0.0	0.0	0.0	0.0514706	0.0368421	0.0571429	0.0337553	0.0653846	0.029304	0.0190114	0.0663507	0.0338164	0.0116959	0.0	0.0	0.0039841	0.0	0.0	0.0	0.0	
Wood Thrush	0.0	0.0	0.0	0.0	0.0	0.0	0.0	0.0	0.0	0.0	0.0	0.0	0.0	0.0	0.0	0.1707746	0.3414634	0.3490725	0.25	0.0987654	0.0309278	0.0588235	0.0322581	0.0227273	0.0	0.0	0.0344828	0.030303	0.0163934	0.0188679	0.0597015	0.0147059	0.0894737	0.0571429	0.0843882	0.0692308	0.1025641	0.0570342	0.014218	0.0	0.0	0.0	0.0	0.0	0.0	0.0	0.0	0.0	
American Robin	0.5882353	0.4736842	0.4206897	0.4186047	0.446281	0.3958333	0.4574468	0.5326087	0.5137615	0.6848485	0.7807018	0.75	0.8571429	0.8387097	0.8960573	0.8802817	0.8268293	0.8718381	0.7881356	0.8641975	0.7319588	0.5294118	0.6451613	0.8409091	0.7555556	0.7777778	0.637931	0.7878788	0.6885246	0.8301887	0.8507463	0.8676471	0.7894737	0.7333333	0.7552743	0.7115385	0.6666667	0.6007605	0.5876777	0.6231884	0.4561404	0.3571429	0.3289474	0.3625498	0.2978723	0.2834646	0.4	0.3656716	
thrush sp.	0.0	0.0	0.0	0.0	0.0	0.0	0.0	0.0	0.0	0.0	0.0	0.0	0.0	0.0	0.0	0.0	0.002439	0.0016863	0.0021186	0.0	0.0	0.0	0.0	0.0	0.0	0.0	0.0	0.0	0.0	0.0	0.0	0.0	0.0	0.0	0.0	0.0	0.003663	0.0	0.0094787	0.0	0.0	0.0	0.0	0.0	0.0	0.0	0.0	0.0	
Cedar Waxwing	0.0534759	0.0300752	0.0068966	0.0	0.0165289	0.0	0.0	0.0108696	0.0	0.0060606	0.0087719	0.0131579	0.015873	0.0092166	0.0035842	0.0035211	0.004878	0.0708263	0.2627119	0.3497942	0.3092784	0.1470588	0.0806452	0.1818182	0.1777778	0.1777778	0.0862069	0.1060606	0.1311475	0.2264151	0.1044776	0.125	0.0473684	0.1238095	0.1940928	0.1153846	0.0586081	0.0532319	0.0473934	0.0869565	0.0233918	0.0267857	0.0394737	0.0557769	0.0780142	0.0551181	0.0173913	0.0298507	
House Sparrow	0.8128342	0.7443609	0.7241379	0.7732558	0.7107438	0.7083333	0.6382979	0.7717391	0.7798165	0.7575758	0.7982456	0.7960526	0.9206349	0.8663594	0.8853047	0.8626761	0.8756098	0.8937605	0.8834746	0.9012346	0.8762887	0.7941176	0.8709677	0.8863636	0.9111111	0.9111111	0.862069	0.9090909	0.852459	0.9433962	0.8507463	0.9044118	0.7947368	0.7333333	0.7341772	0.7846154	0.7802198	0.8022814	0.8104265	0.7487923	0.7017544	0.8660714	0.8552632	0.7211155	0.7092199	0.7401575	0.773913	0.7089552	
American Pipit	0.0	0.0	0.0	0.0	0.0	0.0	0.0	0.0	0.0	0.0	0.0	0.0	0.0	0.0	0.0	0.0	0.0	0.0	0.0	0.0	0.0	0.0	0.0	0.0	0.0	0.0	0.0	0.0	0.0	0.0	0.0	0.0	0.0	0.0	0.0	0.0	0.0	0.0076046	0.0047393	0.0	0.0	0.0	0.0	0.0	0.0	0.0	0.0	0.0	
House Finch	0.4010695	0.2105263	0.2413793	0.2790698	0.214876	0.1979167	0.2446809	0.1847826	0.3394495	0.1575758	0.2631579	0.2828947	0.3968254	0.3410138	0.3154122	0.2693662	0.2707317	0.2647555	0.2330508	0.218107	0.2371134	0.1617647	0.2258065	0.25	0.2444444	0.2888889	0.1896552	0.1969697	0.2295082	0.3018868	0.238806	0.1838235	0.1210526	0.1142857	0.0759494	0.1038462	0.1172161	0.1140684	0.0853081	0.0869565	0.0467836	0.0982143	0.0131579	0.0557769	0.0992908	0.1259843	0.1304348	0.1641791	
Purple Finch	0.0106952	0.0	0.0	0.005814	0.0	0.0104167	0.0	0.0	0.0	0.0	0.0	0.0065789	0.0	0.0	0.0035842	0.0070423	0.002439	0.0015	0.0	0.0	0.0	0.0	0.0	0.0	0.0	0.0	0.0	0.0	0.0	0.0	0.0	0.0	0.0	0.0047619	0.0042194	0.0076923	0.010989	0.0228137	0.014218	0.0338164	0.005848	0.0	0.0015	0.0039841	0.0	0.0	0.0	0.0	
Common Redpoll	0.0	0.0	0.0	0.0	0.0	0.0	0.0	0.0	0.0	0.0	0.0	0.0	0.0	0.0	0.0	0.0	0.0	0.0	0.0	0.0	0.0	0.0	0.0	0.0	0.0	0.0	0.0	0.0	0.0	0.0	0.0	0.0	0.0	0.0	0.0	0.0	0.0	0.0	0.0	0.0	0.0	0.0	0.0	0.0039841	0.0	0.0	0.0	0.0	
Pine Siskin	0.0213904	0.0	0.0	0.0174419	0.0	0.0	0.0	0.0	0.0	0.0	0.0087719	0.0	0.0079365	0.0	0.0	0.0017606	0.002439	0.0	0.0	0.0	0.0	0.0	0.0	0.0	0.0	0.0	0.0	0.0	0.0	0.0	0.0	0.0	0.0	0.0	0.0	0.0	0.0	0.0	0.0	0.0	0.0	0.0	0.0	0.0039841	0.0	0.007874	0.0	0.0	
American Goldfinch	0.3368984	0.2105263	0.1724138	0.2965116	0.214876	0.0625	0.2340426	0.076087	0.2568807	0.2242424	0.2807018	0.2565789	0.3174603	0.281106	0.3476703	0.4014085	0.2146341	0.2934233	0.0889831	0.037037	0.0206186	0.0441176	0.0	0.0	0.0222222	0.0222222	0.1034483	0.0606061	0.0491803	0.1886792	0.1940299	0.1102941	0.1473684	0.1714286	0.1350211	0.1230769	0.0842491	0.1444867	0.0995261	0.0966184	0.0701754	0.0625	0.0526316	0.0756972	0.1276596	0.1417323	0.2086957	0.1791045	
finch sp.	0.0	0.0	0.0	0.0	0.0	0.0	0.0	0.0	0.0	0.0	0.0	0.0	0.0	0.0	0.0	0.0	0.0	0.0016863	0.0	0.0	0.0	0.0	0.0	0.0	0.0	0.0	0.0	0.0	0.0	0.0188679	0.0	0.0	0.0	0.0	0.0	0.0	0.0	0.0	0.0	0.0	0.0	0.0	0.0	0.0	0.0	0.0	0.0	0.0	
Lapland Longspur	0.0	0.0	0.0	0.0174419	0.0330579	0.0	0.0	0.0	0.0	0.0	0.0	0.0	0.0	0.0	0.0	0.0	0.0	0.0	0.0	0.0	0.0	0.0	0.0	0.0	0.0	0.0	0.0	0.0	0.0	0.0	0.0	0.0	0.0	0.0	0.0	0.0	0.0	0.0	0.0	0.0	0.0	0.0	0.0	0.0	0.0	0.0	0.0	0.0	
Snow Bunting	0.0	0.0	0.0	0.005814	0.0	0.0	0.0	0.0	0.0	0.0	0.0	0.0	0.0	0.0	0.0	0.0	0.0	0.0	0.0	0.0	0.0	0.0	0.0	0.0	0.0	0.0	0.0	0.0	0.0	0.0	0.0	0.0	0.0	0.0	0.0	0.0	0.0	0.0	0.0	0.0	0.0	0.0	0.0131579	0.0	0.0	0.0	0.0	0.0	
Grasshopper Sparrow	0.0	0.0	0.0	0.0	0.0	0.0	0.0	0.0	0.0	0.0	0.0	0.0	0.0	0.0	0.0	0.0017606	0.0	0.0	0.0	0.0	0.0	0.0	0.0	0.0	0.0	0.0	0.0	0.0	0.0	0.0	0.0	0.0	0.0	0.0	0.0	0.0	0.0	0.0015	0.0	0.0	0.0	0.0	0.0	0.0	0.0	0.0	0.0	0.0	
Chipping Sparrow	0.0	0.0	0.0	0.0	0.0	0.0	0.0	0.0	0.0	0.0	0.0	0.0526316	0.1269841	0.2396313	0.2724014	0.3890845	0.2268293	0.148398	0.0402542	0.0164609	0.0015	0.0	0.0	0.0	0.0	0.0	0.0	0.0151515	0.0	0.0	0.0	0.0073529	0.0052632	0.0190476	0.0084388	0.0730769	0.1428571	0.1673004	0.1421801	0.2415459	0.1461988	0.0178571	0.0131579	0.0	0.0141844	0.007874	0.0173913	0.0	
Clay-colored Sparrow	0.0	0.0	0.0	0.0	0.0	0.0	0.0	0.0	0.0	0.0	0.0	0.0	0.0	0.0	0.0	0.0	0.0	0.0	0.0	0.0	0.0	0.0	0.0	0.0	0.0	0.0	0.0	0.0	0.0	0.0	0.0	0.0	0.0	0.0	0.0	0.0269231	0.0	0.0	0.0	0.0	0.0	0.0	0.0	0.0	0.0	0.0	0.0	0.0	
Field Sparrow	0.0	0.0	0.0	0.0	0.0	0.0	0.0	0.0	0.0	0.0181818	0.0263158	0.0197368	0.0238095	0.0506912	0.0609319	0.0897887	0.0268293	0.0151771	0.0084746	0.0015	0.0	0.0147059	0.0	0.0	0.0	0.0	0.0	0.0	0.0	0.0	0.0	0.0	0.0	0.0	0.0084388	0.0076923	0.032967	0.0836502	0.0473934	0.0917874	0.0643275	0.0089286	0.0	0.0	0.0070922	0.007874	0.0	0.0074627	
American Tree Sparrow	0.0053476	0.0075188	0.0	0.0	0.0	0.0	0.0	0.0	0.0	0.0	0.0	0.0	0.0	0.0	0.0	0.0	0.0	0.0	0.0	0.0	0.0	0.0	0.0	0.0	0.0	0.0	0.0	0.0	0.0	0.0	0.0	0.0	0.0	0.0	0.0	0.0	0.0	0.0	0.0	0.0	0.0	0.0	0.0	0.0079681	0.0070922	0.023622	0.0347826	0.0074627	
Fox Sparrow	0.0695187	0.0827068	0.0482759	0.1104651	0.0661157	0.0625	0.0957447	0.0326087	0.1743119	0.2484848	0.2192982	0.1776316	0.0714286	0.0460829	0.0107527	0.0	0.0	0.0	0.0	0.0	0.0	0.0	0.0	0.0	0.0	0.0	0.0	0.0	0.0	0.0	0.0	0.0	0.0	0.0	0.0	0.0	0.0	0.0038023	0.0	0.0	0.0116959	0.0803571	0.0921053	0.2071713	0.1489362	0.1338583	0.1478261	0.0970149	
Dark-eyed Junco	0.2352941	0.1052632	0.1034483	0.1744186	0.0413223	0.09375	0.0531915	0.1413043	0.2110092	0.3515152	0.3684211	0.3092105	0.2619048	0.2672811	0.3082437	0.0633803	0.0146341	0.0286678	0.0	0.0	0.0	0.0	0.0	0.0	0.0	0.0	0.0	0.0	0.0	0.0	0.0	0.0	0.0	0.0	0.0	0.0423077	0.1941392	0.3688213	0.2938389	0.5024155	0.5789474	0.5267857	0.4210526	0.4462151	0.2411348	0.2519685	0.2869565	0.1492537	
White-crowned Sparrow	0.0	0.0	0.0	0.0	0.0	0.0	0.0	0.0	0.0	0.0	0.0	0.0	0.0	0.0046083	0.0	0.0105634	0.0878049	0.074199	0.0169492	0.0	0.0	0.0	0.0	0.0	0.0	0.0	0.0	0.0	0.0	0.0	0.0	0.0	0.0	0.0	0.0	0.0038462	0.047619	0.0874525	0.014218	0.0531401	0.0175439	0.0267857	0.0	0.0	0.0070922	0.0	0.0	0.0	
White-throated Sparrow	0.7112299	0.7443609	0.5931034	0.622093	0.5371901	0.4583333	0.5	0.5217391	0.587156	0.6363636	0.622807	0.6842105	0.7936508	0.797235	0.8315412	0.8028169	0.6902439	0.6357504	0.375	0.2057613	0.1134021	0.0294118	0.0483871	0.0113636	0.0222222	0.0222222	0.0	0.0	0.0163934	0.0188679	0.0298507	0.0220588	0.0368421	0.0380952	0.0168776	0.3230769	0.5604396	0.7186312	0.7298578	0.7487923	0.7660819	0.8214286	0.7894737	0.7808765	0.7234043	0.7165354	0.6956522	0.6268657	
Vesper Sparrow	0.0	0.0	0.0	0.0	0.0	0.0	0.0	0.0	0.0	0.0	0.0	0.0	0.0	0.0	0.0	0.0	0.0	0.0	0.0	0.0	0.0	0.0	0.0	0.0	0.0	0.0	0.0	0.0	0.0	0.0	0.0	0.0	0.0	0.0	0.0	0.0076923	0.0	0.0038023	0.0047393	0.0	0.0	0.0	0.0	0.0	0.0	0.0	0.0	0.0	
Seaside Sparrow	0.0	0.0	0.0	0.0	0.0	0.0	0.0	0.0	0.0	0.0	0.0	0.0	0.0	0.0	0.0	0.0	0.1	0.0134907	0.0	0.0	0.0	0.0	0.0	0.0	0.0	0.0	0.0	0.0	0.0	0.0	0.0	0.0	0.0	0.0	0.0	0.0	0.0	0.0	0.0	0.0	0.0	0.0	0.0	0.0	0.0	0.0	0.0	0.0	
Nelson's Sparrow	0.0	0.0	0.0	0.0	0.0	0.0	0.0	0.0	0.0	0.0	0.0	0.0	0.0	0.0	0.0	0.0	0.0	0.0	0.0	0.0	0.0	0.0	0.0	0.0	0.0	0.0	0.0	0.0	0.0	0.0	0.0	0.0	0.0	0.0	0.0	0.0	0.029304	0.0038023	0.0	0.0048309	0.0	0.0	0.0	0.0	0.0	0.0	0.0	0.0	
Saltmarsh Sparrow	0.0	0.0	0.0	0.0	0.0	0.0	0.0	0.0	0.0	0.0	0.0	0.0	0.0	0.0	0.0	0.0	0.0	0.0	0.0	0.0	0.0	0.0	0.0	0.0	0.0	0.0	0.0	0.0	0.0	0.0	0.0	0.0	0.0	0.0	0.0	0.0	0.014652	0.0038023	0.0	0.0	0.0	0.0	0.0	0.0	0.0	0.0	0.0	0.0	
Nelson's x Saltmarsh Sparrow (hybrid)	0.0	0.0	0.0	0.0	0.0	0.0	0.0	0.0	0.0	0.0	0.0	0.0	0.0	0.0	0.0	0.0	0.0	0.0	0.0	0.0	0.0	0.0	0.0	0.0	0.0	0.0	0.0	0.0	0.0	0.0	0.0	0.0	0.0	0.0	0.0	0.0	0.007326	0.0	0.0	0.0	0.0	0.0	0.0	0.0	0.0	0.0	0.0	0.0	
Nelson's/Saltmarsh Sparrow (Sharp-tailed Sparrow)	0.0	0.0	0.0	0.0	0.0	0.0	0.0	0.0	0.0	0.0	0.0	0.0	0.0	0.0	0.0	0.0	0.0	0.0	0.0	0.0	0.0	0.0	0.0	0.0	0.0	0.0	0.0	0.0	0.0	0.0	0.0	0.0	0.0	0.0	0.0	0.0	0.0	0.0038023	0.0	0.0	0.0	0.0	0.0	0.0	0.0	0.0	0.0086957	0.0	
Savannah Sparrow	0.0	0.0	0.0	0.0	0.0	0.0	0.0106383	0.0	0.0	0.0	0.0	0.0015	0.0	0.0138249	0.0860215	0.0616197	0.0243902	0.0219224	0.0063559	0.0	0.0	0.0	0.0	0.0	0.0	0.0	0.0	0.0	0.0	0.0	0.0	0.0	0.0	0.0095238	0.0	0.0115385	0.043956	0.0684411	0.0236967	0.0483092	0.0409357	0.0178571	0.0	0.0079681	0.0	0.0	0.0	0.0	
Song Sparrow	0.1657754	0.1729323	0.1310345	0.2151163	0.1983471	0.1979167	0.1276596	0.1847826	0.2752294	0.4787879	0.4385965	0.4605263	0.4047619	0.4792627	0.4480287	0.3292254	0.3073171	0.1956155	0.1567797	0.1193416	0.1340206	0.1323529	0.1612903	0.1022727	0.0888889	0.0888889	0.2931034	0.1818182	0.0983607	0.1886792	0.0597015	0.0735294	0.0578947	0.0571429	0.0590717	0.2576923	0.4139194	0.513308	0.3459716	0.4830918	0.3918129	0.2410714	0.1842105	0.1792829	0.141844	0.2047244	0.3652174	0.2164179	
Lincoln's Sparrow	0.0	0.0	0.0	0.0	0.0	0.0	0.0	0.0	0.0	0.0	0.0	0.0	0.0	0.0	0.0	0.0	0.0536585	0.0236088	0.0720339	0.0123457	0.0	0.0	0.0	0.0	0.0	0.0	0.0	0.0	0.0	0.0	0.0	0.0	0.0	0.0047619	0.0168776	0.05	0.043956	0.0342205	0.0189573	0.0289855	0.0116959	0.0	0.0131579	0.0	0.0	0.0	0.0347826	0.0	
Swamp Sparrow	0.0481283	0.0676692	0.0275862	0.005814	0.0247934	0.0208333	0.0106383	0.0108696	0.0	0.0242424	0.0263158	0.0328947	0.1269841	0.3041475	0.2078853	0.4401408	0.295122	0.1467116	0.095339	0.0041152	0.0	0.0	0.0	0.0	0.0	0.0	0.0	0.0	0.0	0.0	0.0	0.0	0.0	0.0	0.0084388	0.1076923	0.2564103	0.2053232	0.1753555	0.1545894	0.1111111	0.0714286	0.0657895	0.0916335	0.0638298	0.023622	0.1043478	0.0597015	
Eastern Towhee	0.0320856	0.0526316	0.0275862	0.0232558	0.0495868	0.0208333	0.0212766	0.0	0.0091743	0.0242424	0.0087719	0.0526316	0.1428571	0.2857143	0.3548387	0.4823944	0.4902439	0.2344013	0.1483051	0.1399177	0.0721649	0.0147059	0.016129	0.0113636	0.0	0.0222222	0.0344828	0.0151515	0.0163934	0.0015	0.0149254	0.0220588	0.0052632	0.0047619	0.0042194	0.1384615	0.3113553	0.2547529	0.2417062	0.115942	0.0409357	0.0267857	0.0263158	0.0039841	0.0425532	0.015748	0.026087	0.0447761	
sparrow sp.	0.0053476	0.0075188	0.0068966	0.005814	0.0082645	0.0104167	0.0212766	0.0217391	0.0	0.0060606	0.0087719	0.0	0.0079365	0.0046083	0.0	0.0017606	0.002439	0.005059	0.0021186	0.0041152	0.0	0.0	0.0	0.0	0.0222222	0.0	0.0	0.0	0.0163934	0.0	0.0	0.0	0.0052632	0.0	0.0042194	0.0269231	0.025641	0.0380228	0.0094787	0.0144928	0.0292398	0.0	0.0	0.0079681	0.0	0.007874	0.0086957	0.0149254	
Yellow-breasted Chat	0.0	0.0	0.0	0.0	0.0	0.0	0.0	0.0	0.0	0.0	0.0	0.0	0.0	0.0	0.0	0.0	0.0	0.0	0.0	0.0082305	0.0	0.0	0.0	0.0	0.0	0.0	0.0	0.0	0.0	0.0	0.0	0.0	0.0	0.0333333	0.0	0.0038462	0.0	0.0	0.0047393	0.0724638	0.1812865	0.2946429	0.2631579	0.2788845	0.0496454	0.007874	0.0015	0.0	
Bobolink	0.0	0.0	0.0	0.0	0.0	0.0	0.0	0.0	0.0	0.0	0.0	0.0	0.0	0.0	0.0	0.0	0.0	0.0303541	0.0	0.0	0.0	0.0	0.0	0.0	0.0	0.0	0.0	0.0	0.0	0.0	0.0	0.0	0.0	0.0	0.0	0.0038462	0.0	0.0	0.0	0.0	0.0	0.0	0.0	0.0	0.0	0.0	0.0	0.0	
Eastern Meadowlark	0.0	0.0	0.0	0.0	0.0	0.0	0.0	0.0	0.0	0.0	0.0	0.0	0.0079365	0.0	0.0	0.0	0.0	0.0	0.0	0.0	0.0	0.0	0.0	0.0	0.0	0.0	0.0	0.0	0.0	0.0	0.0	0.0	0.0	0.0	0.0	0.0	0.0	0.0114068	0.0	0.0048309	0.005848	0.0	0.0	0.0	0.0	0.0	0.0	0.0	
Orchard Oriole	0.0	0.0	0.0	0.0	0.0	0.0	0.0	0.0	0.0	0.0	0.0	0.0	0.0	0.0	0.0	0.0774648	0.0829268	0.0370995	0.0254237	0.0	0.0	0.0147059	0.0	0.0113636	0.0444444	0.0	0.0	0.0	0.0	0.0	0.0	0.0	0.0	0.0095238	0.0	0.0	0.0	0.0	0.0	0.0	0.0	0.0	0.0	0.0	0.0	0.0	0.0	0.0	
Baltimore Oriole	0.0053476	0.0	0.0	0.0	0.0	0.0	0.0	0.0	0.0	0.0	0.0	0.0	0.0	0.0	0.0179211	0.1267606	0.2707317	0.6121417	0.5084746	0.4650206	0.257732	0.1911765	0.1612903	0.1477273	0.0666667	0.0	0.0517241	0.0606061	0.1639344	0.3018868	0.3283582	0.1911765	0.1947368	0.1714286	0.0843882	0.1038462	0.014652	0.0	0.0189573	0.0	0.0	0.0	0.0	0.0	0.0015	0.0015	0.0173913	0.0074627	
Red-winged Blackbird	0.0374332	0.0225564	0.0137931	0.0406977	0.0	0.0	0.0106383	0.1521739	0.2568807	0.2424242	0.2982456	0.3947368	0.4365079	0.4470046	0.4623656	0.5176056	0.4585366	0.5227656	0.3538136	0.3662551	0.4226804	0.2941176	0.2096774	0.2386364	0.3333333	0.2222222	0.3965517	0.1969697	0.1147541	0.1886792	0.0597015	0.0147059	0.0105263	0.0095238	0.0126582	0.0153846	0.010989	0.0152091	0.014218	0.0531401	0.0409357	0.0357143	0.0	0.0278884	0.0212766	0.0629921	0.026087	0.0074627	
Brown-headed Cowbird	0.0320856	0.037594	0.0344828	0.0697674	0.0165289	0.0104167	0.0425532	0.1086957	0.1009174	0.030303	0.0263158	0.0592105	0.015873	0.0460829	0.1792115	0.2816901	0.2609756	0.1956155	0.1101695	0.1193416	0.0721649	0.0294118	0.016129	0.0340909	0.0444444	0.0222222	0.0689655	0.1363636	0.0819672	0.0943396	0.0746269	0.0367647	0.0526316	0.0238095	0.021097	0.0115385	0.047619	0.0342205	0.028436	0.057971	0.0350877	0.0267857	0.0263158	0.0039841	0.035461	0.0314961	0.0086957	0.0074627	
Rusty Blackbird	0.0	0.0	0.0068966	0.0174419	0.0	0.0	0.0212766	0.0	0.0091743	0.0606061	0.0175439	0.0394737	0.0238095	0.1843318	0.0322581	0.0316901	0.0073171	0.005059	0.0	0.0	0.0	0.0	0.0	0.0	0.0	0.0	0.0	0.0	0.0	0.0	0.0	0.0	0.0	0.0	0.0042194	0.0	0.0	0.0114068	0.0	0.0483092	0.0233918	0.0089286	0.0015	0.0159363	0.0212766	0.0551181	0.0	0.0	
Common Grackle	0.2406417	0.1654135	0.2206897	0.3488372	0.2066116	0.1666667	0.287234	0.4021739	0.440367	0.4606061	0.4824561	0.5526316	0.6111111	0.5898618	0.6236559	0.653169	0.6097561	0.7015177	0.5550847	0.5843621	0.5154639	0.5	0.4032258	0.5113636	0.4888889	0.3333333	0.4827586	0.469697	0.442623	0.6415094	0.5820896	0.6323529	0.5368421	0.5571429	0.4894515	0.4961538	0.3553114	0.3498099	0.3507109	0.2898551	0.2046784	0.2142857	0.1578947	0.0956175	0.1347518	0.1653543	0.2521739	0.1492537	
blackbird sp.	0.0	0.0	0.0	0.0	0.0	0.0	0.0	0.0	0.0	0.0	0.0	0.0	0.0079365	0.0	0.0	0.0	0.0	0.0	0.0021186	0.0	0.0103093	0.0	0.0	0.0	0.0	0.0	0.0	0.0	0.0	0.0	0.0	0.0	0.0	0.0	0.0	0.0	0.0	0.0038023	0.0047393	0.0048309	0.005848	0.0	0.0131579	0.0	0.0	0.007874	0.0086957	0.0	
Ovenbird	0.0053476	0.0	0.0068966	0.0	0.0	0.0	0.0	0.0015	0.0	0.0	0.0	0.0	0.0	0.0	0.0	0.2640845	0.5585366	0.6222597	0.5233051	0.2057613	0.0206186	0.0147059	0.0	0.0	0.0	0.0	0.0	0.0	0.0	0.0377358	0.2238806	0.1985294	0.3210526	0.2285714	0.1518987	0.2115385	0.2600733	0.1673004	0.0758294	0.0483092	0.0292398	0.0357143	0.0131579	0.2151394	0.0638298	0.0314961	0.0086957	0.0015	
Worm-eating Warbler	0.0	0.0	0.0	0.0	0.0	0.0	0.0	0.0	0.0	0.0	0.0	0.0	0.0	0.0	0.0	0.1267606	0.0902439	0.0910624	0.0084746	0.0041152	0.0103093	0.0	0.0	0.0	0.0	0.0	0.0	0.0	0.0	0.0566038	0.0447761	0.0147059	0.0157895	0.0142857	0.0042194	0.0	0.0	0.0038023	0.0	0.0	0.0	0.0	0.0	0.0	0.0	0.0	0.0	0.0	
Louisiana Waterthrush	0.0	0.0	0.0	0.0	0.0	0.0	0.0	0.0	0.0	0.0	0.0	0.0	0.0015	0.0645161	0.1218638	0.1866197	0.0707317	0.0876897	0.0190678	0.0	0.0	0.0	0.0	0.0	0.0	0.0	0.0172414	0.0	0.0327869	0.0566038	0.0298507	0.0147059	0.0052632	0.0	0.0	0.0	0.0	0.0	0.0	0.0	0.0	0.0	0.0	0.0	0.0	0.0	0.0	0.0	
Northern Waterthrush	0.0	0.0	0.0	0.0	0.0	0.0	0.0	0.0	0.0	0.0	0.0	0.0	0.0	0.0046083	0.0501792	0.3908451	0.3560976	0.3895447	0.3411017	0.1316872	0.0103093	0.0	0.0	0.0	0.0	0.0	0.0	0.0757576	0.1311475	0.3584906	0.3731343	0.2867647	0.3105263	0.3190476	0.278481	0.1230769	0.032967	0.0038023	0.0	0.0	0.0	0.0	0.0	0.0	0.0	0.0	0.0	0.0	
Louisiana/Northern Waterthrush	0.0	0.0	0.0	0.0	0.0	0.0	0.0	0.0	0.0	0.0	0.0	0.0	0.0	0.0	0.0	0.0035211	0.0	0.0015	0.0	0.0	0.0	0.0	0.0	0.0	0.0	0.0	0.0	0.0	0.0	0.0	0.0	0.0	0.0	0.0	0.0	0.0	0.0	0.0	0.0	0.0	0.0	0.0	0.0	0.0	0.0	0.0	0.0	0.0	
Golden-winged Warbler	0.0	0.0	0.0	0.0	0.0	0.0	0.0	0.0	0.0	0.0	0.0	0.0	0.0	0.0	0.0	0.0	0.0	0.0016863	0.0	0.0	0.0	0.0	0.0	0.0	0.0	0.0	0.0	0.0	0.0	0.0	0.0	0.0	0.0157895	0.0	0.0	0.0	0.0	0.0	0.0	0.0	0.0	0.0	0.0	0.0	0.0	0.0	0.0	0.0	
Blue-winged Warbler	0.0	0.0	0.0	0.0	0.0	0.0	0.0	0.0	0.0	0.0	0.0	0.0	0.0	0.0	0.0	0.2323944	0.2170732	0.0876897	0.0190678	0.0	0.0	0.0	0.0	0.0	0.0	0.0	0.0	0.0	0.0491803	0.1698113	0.2238806	0.0882353	0.0684211	0.0333333	0.0	0.0	0.0	0.0	0.0	0.0	0.0	0.0	0.0	0.0	0.0	0.0	0.0	0.0	
Lawrence's Warbler (hybrid)	0.0	0.0	0.0	0.0	0.0	0.0	0.0	0.0	0.0	0.0	0.0	0.0	0.0	0.0	0.0	0.0	0.0	0.0016863	0.0	0.0	0.0	0.0	0.0	0.0	0.0	0.0	0.0	0.0	0.0	0.0	0.0149254	0.0	0.0	0.0	0.0	0.0	0.0	0.0	0.0	0.0	0.0	0.0	0.0	0.0	0.0	0.0	0.0	0.0	
Black-and-white Warbler	0.0053476	0.0015	0.0	0.0	0.0	0.0	0.0	0.0	0.0	0.0	0.0	0.0	0.0	0.0230415	0.1111111	0.4964789	0.5341463	0.6846543	0.565678	0.1358025	0.0103093	0.0147059	0.0	0.0	0.0666667	0.0	0.0	0.0454545	0.0491803	0.2830189	0.4626866	0.2426471	0.3473684	0.4238095	0.3459916	0.3423077	0.3040293	0.1178707	0.0	0.0144928	0.0	0.0	0.0	0.0	0.0	0.0	0.0	0.0	
Prothonotary Warbler	0.0	0.0	0.0	0.0	0.0	0.0	0.0	0.0	0.0	0.0	0.0	0.0	0.0	0.0	0.0	0.0017606	0.0	0.0	0.0	0.0041152	0.0	0.0	0.0	0.0	0.0	0.0	0.0	0.0	0.0	0.0	0.0	0.0	0.0	0.0	0.0	0.0	0.0	0.0	0.0	0.0	0.0	0.0	0.0	0.0	0.0	0.0	0.0	0.0	
Swainson's Warbler	0.0	0.0	0.0	0.0	0.0	0.0	0.0	0.0	0.0	0.0	0.0	0.0	0.0	0.0	0.0	0.1126761	0.0	0.0	0.0	0.0	0.0	0.0	0.0	0.0	0.0	0.0	0.0	0.0	0.0	0.0	0.0	0.0	0.0	0.0	0.0	0.0	0.0	0.0	0.0	0.0	0.0	0.0	0.0	0.0	0.0	0.0	0.0	0.0	
Tennessee Warbler	0.0	0.0	0.0	0.0	0.0	0.0	0.0	0.0	0.0	0.0	0.0	0.0	0.0	0.0	0.0	0.0	0.0	0.0084317	0.0381356	0.0246914	0.0	0.0	0.0	0.0	0.0	0.0	0.0	0.0	0.0	0.0	0.0	0.0147059	0.0105263	0.0142857	0.07173	0.0692308	0.0842491	0.0190114	0.0	0.0	0.0	0.0	0.0	0.0	0.0	0.0	0.0	0.0	
Orange-crowned Warbler	0.0481283	0.1353383	0.062069	0.0	0.0	0.0	0.0	0.0	0.0	0.0	0.0	0.0	0.0	0.0	0.0	0.0	0.0	0.0	0.0015	0.0041152	0.0	0.0	0.0	0.0	0.0	0.0	0.0	0.0	0.0	0.0	0.0	0.0	0.0	0.0	0.0	0.0	0.0	0.0	0.0	0.0096618	0.0	0.0	0.0	0.0	0.0	0.007874	0.0	0.0074627	
Nashville Warbler	0.0	0.0	0.0	0.005814	0.0	0.0	0.0	0.0	0.0	0.0	0.0	0.0	0.0	0.0	0.0	0.1214789	0.1170732	0.2141653	0.0233051	0.0082305	0.0	0.0	0.0	0.0	0.0	0.0	0.0	0.0	0.0	0.0	0.0149254	0.0073529	0.0105263	0.0285714	0.0379747	0.0615385	0.018315	0.0304183	0.0616114	0.0193237	0.005848	0.0	0.0	0.0	0.0	0.0	0.0	0.0	
Connecticut Warbler	0.0	0.0	0.0	0.0	0.0	0.0	0.0	0.0	0.0	0.0	0.0	0.0	0.0	0.0	0.0	0.0	0.0	0.0	0.0	0.0	0.0	0.0	0.0	0.0	0.0	0.0	0.0	0.0	0.0	0.0	0.0	0.0073529	0.0842105	0.0904762	0.0168776	0.0192308	0.0	0.0038023	0.0	0.0	0.0	0.0	0.0	0.0	0.0	0.0	0.0	0.0	
Mourning Warbler	0.0	0.0	0.0	0.0	0.0	0.0	0.0	0.0	0.0	0.0	0.0	0.0	0.0	0.0	0.0	0.0	0.0	0.0016863	0.0360169	0.1152263	0.0206186	0.0	0.0	0.0	0.0	0.0	0.0	0.0	0.0	0.0754717	0.0149254	0.0441176	0.0052632	0.0	0.0	0.0	0.0	0.0	0.0	0.0	0.0	0.0	0.0	0.0	0.0	0.0	0.0	0.0	
Kentucky Warbler	0.0	0.0	0.0	0.0	0.0	0.0	0.0	0.0	0.0	0.0	0.0	0.0	0.0	0.0	0.0	0.0	0.0	0.0	0.0127119	0.0	0.0	0.0	0.0	0.0	0.0	0.0	0.0	0.0	0.0	0.0188679	0.0	0.0	0.0	0.0	0.0	0.0	0.0	0.0	0.0	0.0	0.0	0.0	0.0	0.0	0.0	0.0	0.0	0.0	
Common Yellowthroat	0.0	0.0	0.0	0.0	0.0	0.0	0.0	0.0	0.0	0.0	0.0	0.0	0.0	0.0	0.0	0.096831	0.1292683	0.6053963	0.7118644	0.4526749	0.0309278	0.0	0.016129	0.0113636	0.0	0.0222222	0.0172414	0.0	0.0327869	0.0377358	0.2089552	0.1617647	0.5473684	0.5714286	0.4683544	0.5807692	0.4908425	0.2547529	0.1658768	0.0628019	0.0350877	0.0178571	0.0015	0.2031873	0.0425532	0.023622	0.0086957	0.0	
Hooded Warbler	0.0	0.0	0.0	0.0	0.0	0.0	0.0	0.0	0.0	0.0	0.0	0.0	0.0	0.0	0.0	0.0123239	0.0219512	0.0607083	0.029661	0.0	0.0	0.0	0.0	0.0	0.0	0.0	0.0	0.0	0.0	0.0188679	0.0298507	0.0735294	0.1263158	0.0380952	0.0	0.0038462	0.0	0.0	0.0	0.0	0.0	0.0	0.0	0.0	0.0	0.0	0.0	0.0	
American Redstart	0.0	0.0	0.0	0.0	0.0	0.0	0.0	0.0	0.0	0.0	0.0	0.0	0.0	0.0	0.0	0.0580986	0.0682927	0.6323777	0.6334746	0.473251	0.0206186	0.0	0.0322581	0.0	0.0	0.0	0.0	0.0151515	0.2459016	0.4716981	0.5522388	0.5147059	0.6736842	0.6571429	0.5443038	0.5230769	0.3956044	0.0646388	0.056872	0.0048309	0.0	0.0	0.0	0.0	0.0	0.0	0.0	0.0	
Cape May Warbler	0.0	0.0	0.0	0.0	0.0	0.0	0.0	0.0	0.0	0.0	0.0	0.0	0.0	0.0	0.0	0.0950704	0.0390244	0.2462057	0.1885593	0.0	0.0	0.0	0.0	0.0	0.0	0.0	0.0	0.0	0.0	0.0	0.0	0.0073529	0.0368421	0.0238095	0.0084388	0.0615385	0.0732601	0.0570342	0.028436	0.0048309	0.0	0.0	0.0	0.0	0.0	0.0	0.0	0.0	
Cerulean Warbler	0.0	0.0	0.0	0.0	0.0	0.0	0.0	0.0	0.0	0.0	0.0	0.0	0.0	0.0	0.0	0.0	0.004878	0.0033727	0.0360169	0.0	0.0	0.0	0.0	0.0	0.0	0.0	0.0	0.0	0.0	0.0	0.0	0.0	0.0	0.0	0.0	0.0	0.0	0.0	0.0	0.0	0.0	0.0	0.0	0.0	0.0	0.0	0.0	0.0	
Northern Parula	0.0	0.0	0.0	0.0	0.0	0.0	0.0	0.0	0.0	0.0	0.0	0.0	0.0	0.0	0.0	0.2323944	0.3829268	0.6256324	0.4745763	0.2139918	0.0	0.0	0.0	0.0	0.0222222	0.0	0.0344828	0.0	0.0163934	0.0188679	0.0298507	0.0220588	0.1368421	0.2809524	0.2489451	0.3730769	0.3333333	0.1406844	0.1374408	0.0434783	0.0116959	0.0	0.0	0.0	0.0	0.0	0.0	0.0	
Magnolia Warbler	0.0	0.0	0.0	0.0	0.0	0.0	0.0	0.0	0.0	0.0	0.0	0.0	0.0	0.0	0.0	0.0	0.002439	0.6374368	0.6271186	0.4156379	0.0412371	0.0	0.0	0.0	0.0	0.0	0.0	0.0	0.0	0.0566038	0.0597015	0.1029412	0.2210526	0.252381	0.1983122	0.2576923	0.1282051	0.0494297	0.0094787	0.0	0.0	0.0	0.0	0.0	0.0	0.0	0.0	0.0	
Bay-breasted Warbler	0.0	0.0	0.0	0.0	0.0	0.0	0.0	0.0	0.0	0.0	0.0	0.0	0.0	0.0	0.0	0.0017606	0.002439	0.074199	0.1800847	0.0699588	0.0	0.0	0.0	0.0	0.0	0.0	0.0	0.0	0.0	0.0	0.0	0.0	0.0	0.0047619	0.0084388	0.0269231	0.003663	0.0	0.0047393	0.0	0.0	0.0	0.0	0.0	0.0	0.0	0.0	0.0	
Blackburnian Warbler	0.0	0.0	0.0	0.0	0.0	0.0	0.0	0.0	0.0	0.0	0.0	0.0	0.0	0.0	0.0	0.0193662	0.0560976	0.2698145	0.1864407	0.1358025	0.0	0.0	0.0	0.0	0.0	0.0	0.0	0.0	0.0	0.0188679	0.0	0.0	0.0263158	0.0285714	0.0042194	0.0115385	0.0	0.0076046	0.0	0.0	0.0	0.0	0.0	0.0	0.0	0.0	0.0	0.0	
Yellow Warbler	0.0	0.0	0.0	0.0	0.0	0.0	0.0	0.0	0.0	0.0	0.0	0.0	0.0	0.0046083	0.0	0.1883803	0.3414634	0.2951096	0.2733051	0.2222222	0.0412371	0.0441176	0.016129	0.0227273	0.0	0.0222222	0.0172414	0.1060606	0.1311475	0.1320755	0.1641791	0.1102941	0.0947368	0.1142857	0.021097	0.0576923	0.047619	0.0038023	0.0	0.0	0.0	0.0	0.0	0.0	0.0	0.0	0.0	0.0	
Chestnut-sided Warbler	0.0	0.0	0.0	0.0	0.0	0.0	0.0	0.0	0.0	0.0	0.0	0.0	0.0	0.0	0.0	0.1619718	0.0170732	0.4451939	0.3220339	0.1069959	0.0	0.0	0.0	0.0	0.0	0.0	0.0	0.0	0.0	0.0377358	0.1492537	0.1176471	0.1105263	0.1619048	0.0337553	0.0615385	0.040293	0.0114068	0.0047393	0.0	0.0	0.0	0.0	0.0	0.0	0.0	0.0	0.0	
Blackpoll Warbler	0.0	0.0	0.0	0.0	0.0	0.0	0.0	0.0	0.0	0.0	0.0	0.0	0.0	0.0	0.0	0.0	0.002439	0.2462057	0.4364407	0.4444444	0.0206186	0.0	0.0	0.0	0.0	0.0	0.0	0.0	0.0	0.0	0.0	0.0073529	0.0157895	0.0333333	0.0295359	0.1615385	0.2234432	0.1673004	0.1848341	0.0531401	0.0	0.0178571	0.0	0.0	0.0	0.0	0.0	0.0	
Bay-breasted/Blackpoll Warbler	0.0	0.0	0.0	0.0	0.0	0.0	0.0	0.0	0.0	0.0	0.0	0.0	0.0	0.0	0.0	0.0	0.0	0.0	0.0	0.0	0.0	0.0	0.0	0.0	0.0	0.0	0.0	0.0	0.0	0.0	0.0	0.0	0.0	0.0	0.0	0.0038462	0.0	0.0	0.0	0.0048309	0.0	0.0	0.0	0.0	0.0	0.0	0.0	0.0	
Black-throated Blue Warbler	0.0	0.0	0.0	0.0	0.0	0.0	0.0	0.0	0.0	0.0	0.0	0.0	0.0	0.0	0.0	0.193662	0.1536585	0.6627319	0.4533898	0.0576132	0.0	0.0	0.0	0.0	0.0	0.0	0.0	0.0	0.0	0.0	0.0	0.0294118	0.2105263	0.2428571	0.1350211	0.2346154	0.2967033	0.2243346	0.2654028	0.0724638	0.0175439	0.0	0.0	0.3824701	0.141844	0.0551181	0.0086957	0.0	
Palm Warbler	0.0	0.0	0.0	0.0	0.0	0.0	0.0	0.0	0.0	0.0	0.0	0.0197368	0.0952381	0.0875576	0.2867384	0.4700704	0.3439024	0.0219224	0.0021186	0.0	0.0	0.0	0.0	0.0	0.0	0.0	0.0	0.0	0.0	0.0	0.0149254	0.0015	0.0157895	0.0714286	0.0421941	0.25	0.2893773	0.2813688	0.1469194	0.1352657	0.0292398	0.0625	0.0131579	0.0	0.0	0.0	0.0	0.0	
Pine Warbler	0.0	0.0	0.0	0.0015	0.0	0.0	0.0	0.0	0.0	0.0	0.0087719	0.1776316	0.1190476	0.1013825	0.2365591	0.0651408	0.004878	0.0185497	0.0021186	0.0	0.0	0.0	0.0	0.0	0.0	0.0	0.0	0.0	0.0	0.0188679	0.0	0.0	0.0315789	0.052381	0.0759494	0.1153846	0.1355311	0.1368821	0.0758294	0.0483092	0.0	0.0	0.0	0.0	0.0	0.0	0.0	0.0	
Yellow-rumped Warbler	0.0053476	0.0	0.0	0.0	0.0082645	0.0208333	0.0	0.0108696	0.0	0.0060606	0.0	0.0065789	0.0079365	0.0552995	0.3584229	0.6214789	0.5219512	0.5868465	0.3516949	0.0164609	0.0	0.0	0.0	0.0	0.0	0.0	0.0	0.0	0.0163934	0.0	0.0149254	0.0	0.0	0.0047619	0.0126582	0.0538462	0.1391941	0.4220532	0.478673	0.3719807	0.1111111	0.0267857	0.0015	0.0119522	0.0	0.0	0.0	0.0	
Yellow-throated Warbler	0.0	0.0	0.0	0.0	0.0	0.0	0.0	0.0	0.0	0.0	0.0	0.0	0.0	0.0322581	0.0358423	0.0105634	0.0015	0.010118	0.0021186	0.0	0.0	0.0	0.0	0.0	0.0	0.0	0.0	0.0	0.0327869	0.0	0.0	0.0	0.0	0.0	0.0	0.0	0.0	0.0	0.0	0.0	0.0	0.0	0.0	0.0	0.0	0.0	0.0	0.0	
Prairie Warbler	0.0	0.0	0.0	0.0	0.0	0.0	0.0	0.0	0.0	0.0	0.0	0.0	0.0	0.0	0.0035842	0.1566901	0.2439024	0.1568297	0.0084746	0.0041152	0.0	0.0	0.0	0.0	0.0	0.0	0.0	0.0151515	0.0	0.0	0.0	0.0	0.0263158	0.0142857	0.0295359	0.0076923	0.003663	0.0	0.0	0.0048309	0.0	0.0	0.0	0.0	0.0	0.0	0.0	0.0	
Hermit Warbler	0.0	0.0	0.0	0.0	0.0	0.0	0.0	0.0	0.0	0.0	0.0	0.0	0.0	0.0	0.0	0.0	0.002439	0.0	0.0	0.0	0.0	0.0	0.0	0.0	0.0	0.0	0.0	0.0	0.0	0.0	0.0	0.0	0.0	0.0	0.0	0.0	0.0	0.0	0.0	0.0	0.0	0.0	0.0	0.0	0.0	0.0	0.0	0.0	
Black-throated Green Warbler	0.0	0.0	0.0	0.0	0.0	0.0	0.0	0.0	0.0	0.0	0.0	0.0	0.0	0.0	0.0035842	0.1021127	0.2317073	0.4688027	0.2627119	0.1399177	0.0	0.0	0.016129	0.0	0.0	0.0	0.0	0.0	0.0	0.0	0.0	0.0220588	0.0315789	0.0619048	0.0506329	0.15	0.0659341	0.0380228	0.0616114	0.0144928	0.0	0.0	0.0	0.0	0.0	0.0	0.0	0.0	
Canada Warbler	0.0	0.0	0.0	0.0	0.0	0.0	0.0	0.0	0.0	0.0	0.0	0.0	0.0	0.0	0.0	0.0	0.004878	0.2816189	0.4152542	0.2304527	0.0	0.0147059	0.0	0.0	0.0	0.0	0.0	0.0	0.0	0.0377358	0.1940299	0.1617647	0.0789474	0.1	0.0126582	0.0076923	0.0	0.0	0.0	0.0	0.0	0.0	0.0	0.0	0.0	0.0	0.0	0.0	
Wilson's Warbler	0.0106952	0.0	0.0	0.0	0.0	0.0	0.0	0.0	0.0	0.0	0.0	0.0	0.0	0.0	0.0	0.0	0.0015	0.301855	0.3199153	0.0740741	0.0	0.0	0.0	0.0	0.0	0.0	0.0	0.0	0.0	0.0	0.0	0.0147059	0.0	0.0952381	0.0126582	0.0346154	0.021978	0.0038023	0.0	0.0	0.005848	0.0	0.0	0.0	0.0	0.0	0.0	0.0	
warbler sp. (Parulidae sp.)	0.0	0.0	0.0	0.0	0.0	0.0	0.0	0.0	0.0	0.0	0.0	0.0	0.0	0.0	0.0215054	0.0193662	0.0195122	0.0337268	0.0211864	0.0246914	0.0103093	0.0	0.0	0.0	0.0444444	0.0	0.0172414	0.0151515	0.0163934	0.0943396	0.1044776	0.1102941	0.0736842	0.1047619	0.0632911	0.0730769	0.0586081	0.0646388	0.042654	0.0338164	0.0116959	0.0	0.0	0.0079681	0.0	0.0	0.0	0.0	
Summer Tanager	0.0	0.0	0.0	0.0	0.0	0.0	0.0	0.0	0.0	0.0	0.0	0.0	0.0	0.0	0.0035842	0.0	0.002439	0.0151771	0.0148305	0.0	0.0	0.0	0.0	0.0	0.0	0.0	0.0	0.0	0.0	0.0	0.0	0.0	0.0	0.0	0.0	0.0	0.0	0.0	0.0	0.0	0.0	0.0	0.0	0.0	0.0	0.0	0.0	0.0	
Scarlet Tanager	0.0	0.0	0.0	0.0	0.0	0.0	0.0	0.0	0.0	0.0	0.0	0.0	0.0	0.0	0.0	0.0017606	0.0243902	0.3625632	0.1949153	0.1234568	0.0206186	0.0147059	0.0	0.0	0.0	0.0	0.0	0.0	0.0	0.0377358	0.0447761	0.0073529	0.0526316	0.1380952	0.0970464	0.1846154	0.1098901	0.0076046	0.0	0.0015	0.0	0.0	0.0	0.0	0.0	0.0	0.0	0.0	
Western Tanager	0.0	0.0	0.0	0.0	0.0	0.0	0.0	0.0	0.0	0.0	0.0	0.0	0.0	0.0	0.0	0.0	0.0	0.0	0.0	0.0	0.0	0.0	0.0	0.0	0.0	0.0	0.0	0.0	0.0	0.0	0.0	0.0	0.0	0.0	0.0	0.0	0.0	0.0	0.0	0.0	0.0	0.0	0.0	0.438247	0.177305	0.0708661	0.0	0.0	
tanager sp. (Piranga sp.)	0.0	0.0	0.0	0.0	0.0	0.0	0.0	0.0	0.0	0.0	0.0	0.0	0.0	0.0	0.0	0.0	0.0	0.0	0.0021186	0.0	0.0	0.0	0.0	0.0	0.0	0.0	0.0	0.0	0.0	0.0	0.0	0.0	0.0	0.0	0.0	0.0	0.0	0.0	0.0	0.0	0.0	0.0	0.0	0.0	0.0	0.0	0.0	0.0	
Northern Cardinal	0.5187166	0.5037594	0.3241379	0.4883721	0.3966942	0.375	0.4255319	0.4782609	0.4954128	0.5575758	0.5964912	0.5921053	0.6825397	0.7004608	0.6738351	0.7147887	0.6341463	0.7200675	0.6186441	0.6584362	0.5051546	0.3823529	0.3548387	0.5568182	0.4666667	0.4444444	0.4310345	0.5454545	0.5409836	0.6037736	0.7014925	0.6985294	0.6105263	0.547619	0.556962	0.5461538	0.5018315	0.4220532	0.4407583	0.47343	0.2807018	0.2946429	0.2631579	0.2071713	0.212766	0.4015748	0.4521739	0.3880597	
Rose-breasted Grosbeak	0.0	0.0	0.0	0.0	0.0	0.0	0.0	0.0	0.0	0.0	0.0	0.0	0.0	0.0	0.0	0.0492958	0.2560976	0.3507589	0.1461864	0.0329218	0.0103093	0.0	0.0	0.0	0.0	0.0	0.0172414	0.0	0.0	0.0	0.0	0.0073529	0.1105263	0.1809524	0.2067511	0.2038462	0.1135531	0.0038023	0.0047393	0.0048309	0.0	0.0	0.0	0.0	0.0	0.0	0.0	0.0	
Blue Grosbeak	0.0	0.0	0.0	0.0	0.0	0.0	0.0	0.0	0.0	0.0	0.0	0.0	0.0	0.0	0.0	0.0	0.0	0.0016863	0.0	0.0	0.0	0.0	0.0	0.0	0.0	0.0	0.0	0.0	0.0	0.0	0.0	0.0	0.0	0.0	0.0	0.0	0.003663	0.026616	0.0	0.0	0.0	0.0	0.0	0.0	0.0	0.0	0.0	0.0	
Indigo Bunting	0.0	0.0	0.0	0.0	0.0	0.0	0.0	0.0	0.0	0.0	0.0	0.0	0.0	0.0	0.0	0.0510563	0.1878049	0.1247892	0.0805085	0.0082305	0.0103093	0.0	0.0	0.0	0.0	0.0	0.0	0.0	0.0	0.0	0.0	0.0	0.0052632	0.0190476	0.0168776	0.0346154	0.03663	0.0	0.0	0.0241546	0.005848	0.0	0.0	0.0	0.0	0.0	0.0	0.0	
Dickcissel	0.0	0.0	0.0	0.0	0.0	0.0	0.0	0.0	0.0	0.0	0.0	0.0	0.0	0.0	0.0	0.0	0.0	0.0	0.0	0.0411523	0.0	0.0	0.0	0.0	0.0	0.0	0.0	0.0	0.0	0.0	0.0	0.0	0.0	0.0	0.0	0.0	0.0	0.0	0.0	0.0048309	0.0	0.0	0.0	0.0	0.0	0.0	0.0	0.0	
passerine sp.	0.0106952	0.0150376	0.0	0.005814	0.0	0.0	0.0	0.0108696	0.0	0.0	0.0087719	0.0	0.0396825	0.0	0.0071685	0.0105634	0.0219512	0.0151771	0.0105932	0.0123457	0.0309278	0.0	0.0	0.0568182	0.0444444	0.0015	0.0	0.030303	0.0491803	0.0566038	0.0298507	0.0588235	0.0421053	0.0857143	0.0295359	0.0423077	0.018315	0.0190114	0.0521327	0.0628019	0.0292398	0.0267857	0.0394737	0.0239044	0.0141844	0.0	0.0173913	0.0074627	
bird sp.	0.0	0.0	0.0	0.0	0.0	0.0	0.0	0.0	0.0	0.0	0.0	0.0	0.0	0.0	0.0	0.0	0.0	0.0	0.0	0.0	0.0	0.0	0.0	0.0	0.0	0.0	0.0	0.0	0.0	0.0	0.0	0.0	0.0	0.0047619	0.0	0.0	0.0	0.0	0.0	0.0048309	0.0	0.0	0.0	0.0	0.0	0.007874	0.0086957	0.0	

