Sample Size:	145.0	90.0	60.0	109.0	72.0	113.0	215.0	170.0	107.0	86.0	91.0	154.0	120.0	197.0	205.0	242.0	180.0	267.0	270.0	174.0	200.0	55.0	36.0	31.0	26.0	15.0	19.0	62.0	38.0	40.0	60.0	71.0	102.0	149.0	124.0	223.0	143.0	174.0	157.0	196.0	134.0	147.0	114.0	110.0	92.0	53.0	112.0	93.0	

Snow Goose	0.0	0.0	0.0	0.0	0.0	0.0	0.0	0.0	0.0	0.0	0.010989	0.0	0.0	0.0	0.0	0.0	0.0	0.0	0.0	0.0	0.0	0.0	0.0	0.0	0.0	0.0	0.0	0.0	0.0	0.0	0.0	0.0	0.0	0.0	0.0	0.0	0.0	0.0	0.0063694	0.0102041	0.0223881	0.0	0.0	0.0090909	0.0	0.0	0.0446429	0.0	
Brant	0.1310345	0.1	0.1166667	0.1559633	0.1944444	0.1681416	0.3116279	0.6882353	0.4205607	0.0465116	0.0659341	0.0584416	0.0416667	0.106599	0.0439024	0.0247934	0.0277778	0.0411985	0.0185185	0.0114943	0.07	0.0	0.0277778	0.0	0.0	0.0	0.0	0.0	0.0	0.0	0.0	0.0	0.0	0.0	0.0	0.0	0.0	0.0229885	0.0127389	0.0255102	0.0597015	0.1292517	0.2105263	0.0363636	0.0108696	0.0566038	0.0535714	0.0860215	
Cackling Goose	0.0	0.0	0.0	0.0	0.0	0.0	0.0	0.0	0.0	0.0	0.0015	0.012987	0.0083333	0.0	0.0	0.0	0.0	0.0	0.0	0.0	0.0	0.0	0.0	0.0	0.0	0.0	0.0	0.0	0.0	0.0	0.0	0.0	0.0	0.0	0.0	0.0	0.0	0.0	0.0	0.0	0.0	0.0	0.0	0.0015	0.0	0.0	0.0	0.0	
Canada Goose	0.4413793	0.4	0.3	0.4954128	0.5	0.5221239	0.572093	0.8529412	0.6635514	0.4069767	0.3956044	0.5194805	0.4166667	0.4467005	0.5317073	0.6404959	0.6277778	0.5131086	0.537037	0.5574713	0.875	0.5636364	0.2222222	0.3225806	0.4230769	0.1333333	0.1578947	0.2580645	0.3947368	0.325	0.3833333	0.3239437	0.3431373	0.261745	0.2177419	0.2959641	0.2937063	0.2241379	0.2484076	0.25	0.3731343	0.4013605	0.3333333	0.3363636	0.4347826	0.3018868	0.25	0.4623656	
goose sp.	0.0	0.0	0.0	0.0	0.0	0.0	0.0	0.0	0.0	0.0116279	0.0	0.0	0.0	0.0	0.0	0.0	0.0	0.0	0.0	0.0	0.0	0.0	0.0	0.0	0.0	0.0	0.0	0.0	0.0	0.0	0.0	0.0	0.0	0.0	0.0	0.0	0.0	0.0	0.0	0.0	0.0	0.0	0.0	0.0	0.0	0.0	0.0	0.0	
Mute Swan	0.0482759	0.0555556	0.0333333	0.0091743	0.0	0.0884956	0.0465116	0.0058824	0.0186916	0.0015	0.021978	0.0519481	0.0333333	0.0304569	0.004878	0.0	0.0	0.011236	0.0074074	0.0057471	0.0	0.0	0.0	0.0322581	0.0	0.0	0.0	0.0	0.0	0.0	0.0	0.0140845	0.0	0.0	0.0	0.0	0.0	0.0	0.0	0.0	0.0	0.0	0.0	0.0	0.0108696	0.0	0.0267857	0.0	
Wood Duck	0.2068966	0.2444444	0.1833333	0.1926606	0.2361111	0.0973451	0.0930233	0.1176471	0.1401869	0.1395349	0.0659341	0.1428571	0.225	0.142132	0.0341463	0.0206612	0.0055556	0.0337079	0.0037037	0.0402299	0.015	0.0181818	0.0	0.0	0.0	0.0666667	0.0526316	0.0322581	0.1052632	0.1	0.0666667	0.084507	0.1078431	0.0939597	0.0241935	0.0403587	0.0699301	0.0689655	0.0573248	0.1734694	0.0970149	0.0680272	0.1842105	0.1	0.1304348	0.0943396	0.1160714	0.2043011	
Blue-winged Teal	0.0	0.0	0.0	0.0	0.0	0.0	0.0	0.0	0.0	0.0	0.0	0.0	0.0	0.0	0.0195122	0.0	0.0	0.0	0.0	0.0	0.0	0.0	0.0	0.0	0.0	0.0	0.0	0.0	0.0	0.0	0.0166667	0.0	0.0	0.0	0.0	0.0	0.0	0.0	0.0254777	0.0	0.0	0.0	0.0	0.0	0.0	0.0	0.0	0.0	
Northern Shoveler	0.3034483	0.3666667	0.2833333	0.3211009	0.2777778	0.2920354	0.1209302	0.1470588	0.2056075	0.3023256	0.1758242	0.2792208	0.1666667	0.1015228	0.195122	0.0909091	0.0	0.0037453	0.0	0.0	0.0	0.0	0.0	0.0	0.0	0.0	0.0	0.0	0.0	0.0	0.0	0.0	0.0098039	0.0201342	0.0	0.0358744	0.0629371	0.0977011	0.1783439	0.0969388	0.141791	0.0952381	0.1929825	0.2909091	0.4565217	0.4339623	0.2053571	0.3548387	
Gadwall	0.2689655	0.2555556	0.15	0.1651376	0.1666667	0.1327434	0.2930233	0.7294118	0.3364486	0.0813953	0.0549451	0.0714286	0.125	0.142132	0.1463415	0.0867769	0.0666667	0.0599251	0.0259259	0.0804598	0.005	0.0015	0.0555556	0.0	0.0	0.0	0.0	0.0	0.0	0.0	0.0333333	0.056338	0.0392157	0.0671141	0.0806452	0.0672646	0.1398601	0.1149425	0.1910828	0.2142857	0.1865672	0.1836735	0.1491228	0.0545455	0.1195652	0.1509434	0.125	0.0752688	
American Wigeon	0.0068966	0.0	0.0	0.0	0.0	0.0	0.0	0.0	0.0	0.0	0.0	0.0	0.0	0.0	0.0	0.0	0.0	0.0	0.0	0.0	0.0	0.0	0.0	0.0	0.0	0.0	0.0	0.0	0.0	0.0	0.0	0.0	0.0	0.0	0.0	0.0	0.0	0.0	0.0	0.0	0.0	0.0	0.0	0.0	0.0	0.0	0.0	0.0	
Mallard	0.5931034	0.6	0.6666667	0.4954128	0.5416667	0.6106195	0.5953488	0.8529412	0.6915888	0.4883721	0.3956044	0.5324675	0.525	0.5583756	0.6292683	0.7272727	0.7277778	0.6329588	0.6407407	0.6609195	0.905	0.8	0.6388889	0.6451613	0.6923077	0.3333333	0.5263158	0.2419355	0.4210526	0.475	0.5333333	0.4225352	0.4215686	0.4228188	0.4596774	0.426009	0.4755245	0.4482759	0.4140127	0.4438776	0.4626866	0.5646259	0.6754386	0.4181818	0.576087	0.5283019	0.3392857	0.516129	
Mallard (Domestic type)	0.0	0.0	0.0	0.0	0.0	0.0	0.0	0.0	0.0	0.0	0.0	0.0	0.0	0.0	0.0	0.0	0.0	0.0	0.0	0.0	0.0	0.0	0.0	0.0	0.0	0.0	0.0	0.0	0.0	0.0	0.0	0.0	0.0	0.0	0.0	0.0	0.0	0.0	0.0063694	0.0	0.0	0.0	0.0087719	0.0	0.0108696	0.0	0.0	0.0	
American Black Duck	0.1931034	0.2111111	0.1	0.146789	0.25	0.2035398	0.3813953	0.6941176	0.411215	0.0465116	0.0549451	0.0064935	0.0166667	0.0406091	0.004878	0.0165289	0.0111111	0.011236	0.0037037	0.0172414	0.715	0.4181818	0.0277778	0.0322581	0.0384615	0.0	0.0	0.0645161	0.0526316	0.05	0.0833333	0.1408451	0.0294118	0.0067114	0.0403226	0.0224215	0.1048951	0.0172414	0.044586	0.0714286	0.0746269	0.2244898	0.2894737	0.1272727	0.1195652	0.1132075	0.1696429	0.2258065	
Mallard x American Black Duck (hybrid)	0.0344828	0.0111111	0.0333333	0.0091743	0.0	0.0265487	0.0093023	0.0235294	0.0093458	0.0	0.032967	0.0	0.0083333	0.0152284	0.0146341	0.0041322	0.0111111	0.0187266	0.0037037	0.0229885	0.0	0.0	0.0277778	0.0645161	0.0384615	0.0	0.0526316	0.0322581	0.1052632	0.05	0.1833333	0.0985915	0.0294118	0.0402685	0.0322581	0.0044843	0.0	0.0057471	0.0191083	0.0357143	0.0149254	0.0068027	0.0175439	0.0181818	0.0217391	0.0188679	0.0357143	0.1075269	
Northern Pintail	0.0	0.0	0.0	0.0	0.0	0.0	0.0	0.0	0.0	0.0	0.0	0.0	0.0	0.0	0.0	0.0	0.0	0.0	0.0	0.0	0.0	0.0	0.0	0.0	0.0	0.0	0.0	0.0	0.0	0.0	0.0	0.0	0.0	0.0	0.0	0.0	0.0	0.0	0.0	0.0561224	0.0597015	0.0	0.0789474	0.1090909	0.1521739	0.0	0.0089286	0.0	
Green-winged Teal	0.0068966	0.0	0.0	0.0091743	0.0	0.0	0.0	0.0058824	0.0	0.0581395	0.021978	0.0064935	0.0	0.0152284	0.004878	0.0	0.0	0.0	0.0	0.0	0.0	0.0	0.0	0.0	0.0	0.0	0.0	0.0	0.0	0.0	0.0	0.0	0.0294118	0.0	0.0	0.0	0.041958	0.0057471	0.0382166	0.0	0.0	0.0	0.0	0.0272727	0.0	0.0	0.0267857	0.0	
Canvasback	0.0	0.0111111	0.0	0.0	0.0	0.0	0.0	0.0	0.0	0.0	0.0	0.0	0.0	0.0	0.0	0.0	0.0	0.0	0.0	0.0	0.0	0.0	0.0	0.0	0.0	0.0	0.0	0.0	0.0	0.0	0.0	0.0	0.0	0.0	0.0	0.0	0.0	0.0	0.0	0.0	0.0	0.0	0.0	0.0	0.0	0.0	0.0015	0.0	
Redhead	0.0	0.0	0.0	0.0	0.0	0.0	0.0	0.0	0.0	0.0	0.0	0.0	0.0	0.0	0.0	0.0	0.0	0.0	0.0	0.0	0.0	0.0	0.0	0.0	0.0	0.0	0.0	0.0	0.0	0.0	0.0	0.0	0.0	0.0	0.0	0.0	0.0	0.0	0.0	0.0	0.0	0.0	0.0	0.0	0.0015	0.0	0.0	0.0	
Ring-necked Duck	0.0551724	0.0	0.0166667	0.0	0.0	0.0088496	0.0	0.0058824	0.0	0.0	0.043956	0.0	0.0	0.0	0.0	0.0	0.0	0.0	0.0	0.0	0.0	0.0	0.0	0.0	0.0	0.0	0.0	0.0	0.0	0.0	0.0	0.0	0.0	0.0	0.0	0.0	0.0	0.0	0.0	0.0	0.0	0.0136054	0.1315789	0.0909091	0.2608696	0.1320755	0.0625	0.1182796	
Greater Scaup	0.0	0.0	0.0	0.0091743	0.0	0.0	0.0186047	0.0	0.0	0.0	0.0	0.0	0.0	0.0	0.0	0.0	0.0055556	0.0	0.0	0.0	0.0	0.0	0.0	0.0	0.0	0.0	0.0	0.0	0.0	0.0	0.0	0.0	0.0	0.0	0.0	0.0	0.0	0.0	0.0	0.0	0.0	0.0	0.0	0.0	0.0	0.0	0.0	0.0	
Lesser Scaup	0.0	0.0	0.0166667	0.0458716	0.0138889	0.0	0.0232558	0.0	0.0093458	0.0	0.0	0.0064935	0.0	0.0	0.0	0.0	0.0	0.0	0.0	0.0	0.0	0.0	0.0	0.0	0.0	0.0	0.0	0.0	0.0	0.0	0.0	0.0	0.0	0.0	0.0	0.0	0.0	0.0	0.0	0.005102	0.0	0.0	0.0	0.0	0.0	0.0	0.0267857	0.0	
Greater/Lesser Scaup	0.0	0.0	0.0166667	0.0091743	0.0	0.0176991	0.0	0.0	0.0	0.0	0.010989	0.0	0.0	0.0	0.0	0.0	0.0	0.0	0.0	0.0	0.0	0.0	0.0	0.0	0.0	0.0	0.0	0.0	0.0	0.0	0.0	0.0	0.0	0.0	0.0	0.0	0.0	0.0	0.0	0.0	0.0	0.0	0.0	0.0	0.0	0.0	0.0089286	0.0	
Black Scoter	0.0	0.0	0.0	0.0	0.0	0.0	0.0	0.0	0.0	0.0	0.0	0.0	0.0	0.0	0.0	0.0	0.0	0.0	0.0	0.0	0.005	0.0	0.0	0.0	0.0	0.0	0.0	0.0	0.0	0.0	0.0	0.0	0.0	0.0	0.0	0.0	0.0	0.0	0.0	0.0	0.0	0.0	0.0	0.0	0.0	0.0	0.0	0.0	
Long-tailed Duck	0.0	0.0	0.0	0.0	0.0	0.0	0.0046512	0.0	0.0	0.0	0.0	0.0	0.0	0.0	0.0	0.0	0.0	0.0	0.0	0.0	0.0	0.0	0.0	0.0	0.0	0.0	0.0	0.0	0.0	0.0	0.0	0.0	0.0	0.0	0.0	0.0	0.0	0.0	0.0	0.0	0.0074627	0.0	0.0	0.0	0.0	0.0	0.0	0.0	
Bufflehead	0.3655172	0.3555556	0.35	0.2568807	0.3194444	0.2035398	0.4790698	0.6764706	0.5420561	0.2093023	0.1538462	0.2337662	0.2333333	0.1725888	0.0731707	0.0330579	0.0055556	0.0	0.0	0.0	0.0	0.0	0.0	0.0	0.0	0.0	0.0	0.0	0.0	0.0	0.0	0.0	0.0	0.0	0.0	0.0	0.0	0.0	0.0	0.0153061	0.119403	0.0408163	0.1754386	0.2363636	0.2717391	0.2830189	0.2142857	0.172043	
Common Goldeneye	0.0275862	0.0444444	0.0166667	0.0183486	0.0138889	0.0088496	0.0093023	0.0	0.0	0.0	0.0	0.0064935	0.0	0.0050761	0.0	0.0	0.0	0.0	0.0	0.0	0.0	0.0	0.0	0.0	0.0	0.0	0.0	0.0	0.0	0.0	0.0	0.0	0.0	0.0	0.0	0.0	0.0	0.0	0.0	0.0	0.0	0.0	0.0	0.0	0.0	0.0188679	0.0178571	0.0107527	
Hooded Merganser	0.2827586	0.3	0.2166667	0.3027523	0.2638889	0.1238938	0.1069767	0.1235294	0.1308411	0.0581395	0.043956	0.038961	0.0916667	0.0304569	0.0243902	0.0123967	0.0	0.0	0.0	0.0	0.0	0.0	0.0	0.0	0.0	0.0	0.0	0.0	0.0	0.0	0.0	0.0	0.0	0.0	0.0	0.0	0.0	0.0	0.0	0.0153061	0.0522388	0.0204082	0.0789474	0.1818182	0.2608696	0.245283	0.1785714	0.2258065	
Common Merganser	0.0068966	0.0111111	0.0	0.0458716	0.0138889	0.0973451	0.0465116	0.0	0.0	0.0	0.0	0.0	0.0	0.0	0.0	0.0	0.0	0.0	0.0	0.0	0.0	0.0	0.0	0.0	0.0	0.0	0.0	0.0	0.0	0.0	0.0	0.0	0.0	0.0	0.0	0.0	0.0	0.0	0.0	0.0	0.0	0.0	0.0	0.0272727	0.173913	0.0943396	0.0089286	0.0107527	
Red-breasted Merganser	0.1034483	0.1111111	0.1	0.0825688	0.0972222	0.1504425	0.4232558	0.5411765	0.5046729	0.0465116	0.0659341	0.0584416	0.0333333	0.0558376	0.0243902	0.0082645	0.0055556	0.0037453	0.0	0.0	0.0	0.0	0.0	0.0	0.0	0.0	0.0	0.0	0.0	0.0	0.0	0.0	0.0	0.0	0.0	0.0	0.0	0.0	0.0	0.005102	0.0149254	0.0	0.0175439	0.0090909	0.0434783	0.0566038	0.0535714	0.0215054	
Common/Red-breasted Merganser	0.0	0.0	0.0	0.0	0.0	0.0	0.0015	0.0	0.0	0.0	0.0	0.0	0.0	0.0	0.0	0.0	0.0	0.0	0.0	0.0	0.0	0.0	0.0	0.0	0.0	0.0	0.0	0.0	0.0	0.0	0.0	0.0	0.0	0.0	0.0	0.0	0.0	0.0	0.0	0.0	0.0	0.0	0.0	0.0	0.0	0.0	0.0	0.0	
Ruddy Duck	0.2689655	0.3333333	0.2	0.2201835	0.1111111	0.2300885	0.4930233	0.7823529	0.5794393	0.2790698	0.2197802	0.1818182	0.2	0.1015228	0.0682927	0.0247934	0.0777778	0.011236	0.0111111	0.0229885	0.015	0.0	0.0	0.0	0.0	0.0666667	0.0	0.0	0.0	0.0	0.0	0.0	0.0	0.0	0.0	0.0	0.013986	0.0344828	0.089172	0.0969388	0.1044776	0.0816327	0.1666667	0.1181818	0.2608696	0.2264151	0.1607143	0.2258065	
duck sp.	0.0068966	0.0111111	0.0333333	0.0	0.0138889	0.0176991	0.0046512	0.0058824	0.0186916	0.0232558	0.0	0.0064935	0.0166667	0.0	0.004878	0.0123967	0.0	0.0149813	0.0	0.0	0.005	0.0	0.0	0.0322581	0.0	0.0	0.0	0.016129	0.0	0.0	0.0833333	0.028169	0.0098039	0.0067114	0.0080645	0.0089686	0.0	0.0057471	0.0063694	0.0204082	0.0074627	0.0	0.0	0.0090909	0.0217391	0.0	0.0	0.0107527	
Wild Turkey	0.0	0.0015	0.0	0.0091743	0.0	0.0	0.0	0.0	0.0	0.0	0.0	0.0	0.0	0.0	0.0	0.0	0.0	0.0037453	0.0	0.0	0.0	0.0	0.0	0.0	0.0	0.0	0.0	0.0	0.0	0.0	0.0	0.0	0.0	0.0	0.0	0.0	0.0	0.0015	0.0015	0.0	0.0	0.0	0.0	0.0	0.0	0.0	0.0089286	0.0215054	
Pied-billed Grebe	0.1655172	0.1333333	0.1	0.146789	0.2361111	0.0973451	0.0976744	0.0882353	0.1121495	0.0232558	0.0879121	0.0974026	0.1083333	0.0253807	0.004878	0.0	0.0	0.0	0.0	0.0	0.0	0.0	0.0	0.0	0.0	0.0	0.0	0.0	0.0	0.0	0.0	0.0	0.0	0.0	0.0	0.0	0.013986	0.0	0.0127389	0.0306122	0.0671642	0.047619	0.0877193	0.1454545	0.2391304	0.1320755	0.1339286	0.1935484	
Horned Grebe	0.0	0.0	0.0	0.0091743	0.0	0.0	0.0	0.0	0.0	0.0	0.0	0.0064935	0.0	0.0	0.004878	0.0	0.0	0.0	0.0	0.0	0.0	0.0	0.0	0.0	0.0	0.0	0.0	0.0	0.0	0.0	0.0	0.0	0.0	0.0	0.0	0.0	0.0	0.0	0.0	0.0	0.0	0.0	0.0	0.0	0.0	0.0	0.0	0.0	
Rock Pigeon	0.5517241	0.5555556	0.4	0.5045872	0.4583333	0.5929204	0.627907	0.8411765	0.6728972	0.3837209	0.4725275	0.5714286	0.5583333	0.6700508	0.6439024	0.7603306	0.7388889	0.7003745	0.6481481	0.5747126	0.915	0.8	0.5555556	0.5806452	0.6923077	0.6	0.6315789	0.6612903	0.5526316	0.55	0.55	0.6478873	0.5196078	0.6442953	0.6935484	0.6636771	0.5594406	0.5517241	0.5859873	0.6122449	0.6343284	0.6054422	0.5964912	0.4909091	0.4673913	0.4339623	0.5535714	0.483871	
Mourning Dove	0.3034483	0.2666667	0.3166667	0.3119266	0.375	0.300885	0.5255814	0.7647059	0.5700935	0.3255814	0.2637363	0.4675325	0.45	0.5685279	0.5365854	0.7066116	0.6888889	0.6404494	0.6148148	0.6034483	0.915	0.7454545	0.5277778	0.5806452	0.6538462	0.2666667	0.3157895	0.3225806	0.6578947	0.625	0.7166667	0.6760563	0.6176471	0.590604	0.7177419	0.6098655	0.5874126	0.4712644	0.4203822	0.372449	0.5298507	0.5306122	0.5614035	0.3909091	0.4021739	0.4716981	0.3303571	0.3978495	
Yellow-billed Cuckoo	0.0	0.0	0.0	0.0	0.0	0.0	0.0	0.0	0.0	0.0	0.0	0.0	0.0	0.0	0.0	0.0	0.0015	0.0449438	0.0259259	0.0114943	0.0	0.0	0.0	0.0	0.0	0.0	0.0	0.0	0.0	0.0	0.0	0.0422535	0.0294118	0.0134228	0.0080645	0.0044843	0.0	0.0057471	0.0	0.0	0.0	0.0	0.0	0.0	0.0	0.0	0.0	0.0	
Black-billed Cuckoo	0.0	0.0	0.0	0.0	0.0	0.0	0.0	0.0	0.0	0.0	0.0	0.0	0.0	0.0	0.0	0.0	0.0	0.0224719	0.0296296	0.0172414	0.04	0.0181818	0.0015	0.0	0.0	0.0	0.0	0.0	0.0	0.0	0.0	0.0015	0.0294118	0.0939597	0.0	0.0044843	0.0	0.0	0.0	0.0	0.0	0.0	0.0	0.0	0.0	0.0	0.0	0.0	
Yellow-billed/Black-billed Cuckoo	0.0	0.0	0.0	0.0	0.0	0.0	0.0	0.0	0.0	0.0	0.0	0.0	0.0	0.0	0.0	0.0	0.0	0.0	0.0	0.0	0.0	0.0	0.0	0.0	0.0	0.0	0.0	0.0	0.0	0.0	0.0	0.0	0.0	0.0268456	0.0	0.0	0.0	0.0	0.0	0.0	0.0	0.0	0.0	0.0	0.0	0.0	0.0	0.0	
Common Nighthawk	0.0	0.0	0.0	0.0	0.0	0.0	0.0	0.0	0.0	0.0	0.0	0.0	0.0	0.0	0.0	0.0	0.0	0.0037453	0.0333333	0.0	0.0	0.0	0.0	0.0	0.0	0.0	0.0	0.0	0.0	0.0	0.0166667	0.0422535	0.0196078	0.0201342	0.0	0.0224215	0.006993	0.0	0.0063694	0.0	0.0	0.0	0.0	0.0	0.0	0.0	0.0	0.0	
Chuck-will's-widow	0.0	0.0	0.0	0.0	0.0	0.0	0.0	0.0	0.0	0.0	0.0	0.0	0.0	0.0	0.0	0.0	0.0	0.0	0.062963	0.0	0.0	0.0	0.0	0.0	0.0	0.0	0.0	0.0	0.0	0.0	0.0	0.0	0.0	0.0	0.0	0.0	0.0	0.0	0.0	0.0	0.0	0.0	0.0	0.0	0.0	0.0	0.0	0.0	
nightjar sp.	0.0	0.0	0.0	0.0	0.0	0.0	0.0	0.0	0.0	0.0	0.0	0.0	0.0	0.0	0.0	0.0	0.0	0.0037453	0.0	0.0	0.0	0.0	0.0	0.0	0.0	0.0	0.0	0.0	0.0	0.0	0.0	0.0	0.0	0.0	0.0	0.0	0.0	0.0	0.0	0.0	0.0	0.0	0.0	0.0	0.0	0.0	0.0	0.0	
Chimney Swift	0.0	0.0	0.0	0.0	0.0	0.0	0.0	0.0	0.0	0.0	0.0	0.0	0.0	0.0	0.0536585	0.214876	0.2944444	0.2659176	0.337037	0.2931034	0.65	0.5818182	0.25	0.1612903	0.1923077	0.2	0.1052632	0.0967742	0.3157895	0.25	0.3166667	0.2957746	0.2843137	0.3355705	0.3709677	0.3273543	0.3426573	0.0977011	0.0063694	0.0	0.0	0.0	0.0	0.0	0.0	0.0	0.0	0.0	
Ruby-throated Hummingbird	0.0	0.0	0.0	0.0	0.0	0.0	0.0	0.0	0.0	0.0	0.0	0.0	0.0	0.0	0.0	0.0206612	0.0	0.0187266	0.0296296	0.0632184	0.0	0.0	0.0	0.0	0.0	0.0	0.0	0.016129	0.0263158	0.075	0.1	0.1690141	0.3039216	0.2751678	0.3306452	0.2780269	0.0839161	0.0	0.0063694	0.0	0.0	0.0	0.0	0.0	0.0	0.0	0.0	0.0	
Virginia Rail	0.0	0.0	0.0	0.0	0.0	0.0	0.0	0.0	0.0	0.0	0.0	0.0	0.0	0.0	0.0	0.0	0.0	0.0	0.0	0.0	0.0	0.0	0.0	0.0	0.0	0.0	0.0	0.0	0.0	0.0	0.0	0.0	0.0	0.033557	0.0	0.0	0.0	0.0	0.0	0.0	0.0	0.0	0.0	0.0	0.0	0.0	0.0	0.0	
Sora	0.0	0.0	0.0	0.0	0.0	0.0	0.0	0.0	0.0	0.0	0.0	0.0	0.0	0.0	0.0	0.0	0.0	0.0	0.0	0.0	0.0	0.0	0.0	0.0	0.0	0.0	0.0	0.0	0.0	0.0	0.0	0.0	0.0	0.0	0.0	0.0	0.0	0.1149425	0.0636943	0.0	0.0	0.0	0.0	0.0	0.0	0.0	0.0	0.0	
American Coot	0.2758621	0.2666667	0.1833333	0.2385321	0.2361111	0.1769912	0.1209302	0.1058824	0.1121495	0.0930233	0.0549451	0.1168831	0.175	0.0558376	0.0487805	0.0330579	0.0	0.0	0.0	0.0	0.0	0.0	0.0	0.0	0.0	0.0	0.0	0.0	0.0	0.0	0.0	0.0	0.0	0.0067114	0.0	0.0	0.0	0.0	0.0015	0.0714286	0.0671642	0.0544218	0.1754386	0.2090909	0.2717391	0.2830189	0.2142857	0.2258065	
rail/crake sp.	0.0	0.0	0.0	0.0	0.0	0.0	0.0	0.0	0.0	0.0	0.0	0.0	0.0	0.0	0.0	0.0	0.0	0.0	0.0	0.0	0.0	0.0	0.0	0.0	0.0	0.0	0.0	0.0	0.0	0.0	0.0	0.0	0.0	0.0067114	0.0	0.0	0.0	0.0	0.0	0.0	0.0	0.0	0.0	0.0	0.0	0.0	0.0	0.0	
American Oystercatcher	0.0	0.0	0.0	0.0	0.0	0.0	0.0	0.0	0.0	0.0	0.0	0.0	0.0	0.0	0.0	0.0	0.0	0.0037453	0.0015	0.0	0.0	0.0	0.0	0.0	0.0	0.0	0.0	0.0	0.0	0.0	0.0	0.0	0.0	0.0	0.0	0.0	0.0	0.0	0.0	0.0	0.0	0.0	0.0	0.0	0.0	0.0	0.0	0.0	
Black-bellied Plover	0.0	0.0	0.0	0.0	0.0	0.0	0.0	0.0	0.0	0.0	0.0	0.0	0.0	0.0	0.0	0.0	0.0055556	0.0	0.0037037	0.0	0.0	0.0	0.0	0.0	0.0	0.0	0.0	0.0	0.0	0.0	0.0	0.0	0.0	0.0	0.0	0.0	0.0	0.0	0.0	0.0	0.0	0.0	0.0	0.0	0.0	0.0	0.0	0.0	
Semipalmated Plover	0.0	0.0	0.0	0.0	0.0	0.0	0.0	0.0	0.0	0.0	0.0	0.0	0.0	0.0	0.0	0.0	0.0	0.0	0.0	0.0	0.0	0.0	0.0	0.0	0.0	0.0	0.0	0.016129	0.0	0.0015	0.0	0.0	0.0	0.0	0.0	0.0	0.0	0.0	0.0	0.0	0.0	0.0	0.0	0.0	0.0	0.0	0.0	0.0	
Killdeer	0.0275862	0.0	0.0	0.0275229	0.0138889	0.0088496	0.0093023	0.0	0.0093458	0.0116279	0.0	0.0064935	0.0	0.0152284	0.0	0.0082645	0.0166667	0.0074906	0.0148148	0.0	0.0	0.0	0.0	0.0	0.0384615	0.0666667	0.0	0.016129	0.0263158	0.0	0.0333333	0.0	0.0196078	0.0067114	0.0	0.0089686	0.0	0.0057471	0.0191083	0.005102	0.0074627	0.0	0.0087719	0.0	0.0	0.0	0.0178571	0.0	
Ruddy Turnstone	0.0	0.0	0.0	0.0	0.0	0.0	0.0	0.0	0.0	0.0	0.0	0.0	0.0	0.0	0.0	0.0	0.0	0.0	0.0	0.0	0.0	0.0	0.0	0.0	0.0	0.0	0.0	0.0	0.0	0.0	0.0	0.0	0.0	0.0067114	0.0	0.0	0.0	0.0	0.0	0.0	0.0	0.0	0.0	0.0	0.0	0.0	0.0	0.0	
Least Sandpiper	0.0	0.0	0.0	0.0	0.0	0.0	0.0	0.0	0.0	0.0	0.0	0.0	0.0	0.0	0.0	0.0	0.0	0.0	0.0074074	0.0	0.0	0.0	0.0	0.0	0.0	0.0	0.0	0.0	0.0	0.025	0.0166667	0.028169	0.0	0.0134228	0.0080645	0.0	0.0	0.0	0.0	0.0	0.0	0.0	0.0	0.0	0.0	0.0	0.0	0.0	
Semipalmated Sandpiper	0.0	0.0	0.0	0.0	0.0	0.0	0.0	0.0	0.0	0.0	0.0	0.0	0.0	0.0	0.0	0.0	0.0	0.0	0.0	0.0	0.0	0.0	0.0	0.0	0.0	0.0	0.0	0.0	0.0263158	0.025	0.0166667	0.0140845	0.0	0.0	0.0	0.0	0.0	0.0	0.0	0.0	0.0	0.0	0.0	0.0	0.0	0.0	0.0	0.0	
American Woodcock	0.0	0.0	0.0	0.0	0.0	0.0	0.0046512	0.0015	0.0	0.0465116	0.0659341	0.0519481	0.0	0.0862944	0.0	0.0165289	0.0	0.0037453	0.0	0.0	0.0	0.0	0.0	0.0	0.0	0.0	0.0	0.0	0.0	0.0	0.0	0.0	0.0	0.0	0.0	0.0	0.0	0.0	0.0	0.005102	0.0	0.0	0.0175439	0.0545455	0.0	0.0377358	0.0	0.0	
Wilson's Snipe	0.0	0.0	0.0	0.0	0.0	0.0	0.0	0.0	0.0	0.0	0.0	0.0064935	0.0	0.0	0.0	0.0	0.0	0.0	0.0	0.0	0.0	0.0	0.0	0.0	0.0	0.0	0.0	0.0	0.0	0.0	0.0	0.0	0.0	0.0	0.0	0.0	0.0	0.0	0.0318471	0.005102	0.0	0.0	0.0	0.0	0.0	0.0	0.0	0.0	
Red-necked Phalarope	0.0	0.0	0.0	0.0	0.0	0.0	0.0	0.0	0.0	0.0	0.0	0.0	0.0	0.0	0.0	0.0	0.0	0.0	0.0	0.0	0.0	0.0	0.0	0.0	0.0	0.0	0.0	0.0	0.0	0.0	0.0166667	0.0	0.0	0.0	0.0	0.0	0.0	0.0	0.0	0.0	0.0	0.0	0.0	0.0	0.0	0.0	0.0	0.0	
Spotted Sandpiper	0.0	0.0	0.0	0.0	0.0	0.0	0.0	0.0	0.0	0.0	0.0	0.0	0.0	0.0050761	0.0015	0.0041322	0.0055556	0.0599251	0.0666667	0.0229885	0.0	0.0	0.0	0.0	0.0384615	0.0	0.0	0.016129	0.0263158	0.025	0.0333333	0.0422535	0.0490196	0.0134228	0.0	0.0044843	0.0	0.0	0.0	0.0	0.0	0.0	0.0	0.0	0.0	0.0	0.0	0.0	
Solitary Sandpiper	0.0	0.0	0.0	0.0	0.0	0.0	0.0	0.0	0.0	0.0	0.0	0.0	0.0	0.0	0.0	0.0	0.0	0.0149813	0.0037037	0.0	0.0	0.0	0.0	0.0	0.0	0.0	0.0	0.0	0.0	0.025	0.0833333	0.0	0.0392157	0.0134228	0.0	0.0044843	0.0	0.0	0.0	0.0	0.0	0.0	0.0	0.0	0.0	0.0	0.0	0.0	
Greater Yellowlegs	0.0	0.0	0.0	0.0	0.0	0.0	0.0	0.0	0.0	0.0	0.0	0.0	0.0	0.0	0.0097561	0.0	0.0	0.0037453	0.0	0.0	0.0	0.0	0.0	0.0	0.0	0.0	0.0	0.0	0.0	0.0	0.0333333	0.0	0.0098039	0.0	0.0	0.0	0.0	0.0	0.0	0.0	0.0	0.0	0.0	0.0	0.0	0.0	0.0	0.0	
shorebird sp.	0.0	0.0	0.0	0.0	0.0	0.0	0.0	0.0	0.0	0.0	0.0	0.0	0.0	0.0	0.0	0.0	0.0	0.0	0.0	0.0	0.0	0.0	0.0	0.0	0.0	0.0	0.0	0.0	0.0	0.0	0.0	0.0	0.0	0.0201342	0.0	0.0	0.0	0.0	0.0	0.0	0.0	0.0	0.0	0.0	0.0	0.0	0.0	0.0	
Razorbill	0.0	0.0	0.0	0.0	0.0138889	0.0	0.0	0.0	0.0	0.0	0.0	0.0	0.0	0.0	0.0	0.0	0.0	0.0	0.0	0.0	0.0	0.0	0.0	0.0	0.0	0.0	0.0	0.0	0.0	0.0	0.0	0.0	0.0	0.0	0.0	0.0	0.0	0.0	0.0	0.0	0.0	0.0	0.0	0.0	0.0	0.0	0.0	0.0	
Bonaparte's Gull	0.0	0.0	0.0	0.0	0.0	0.0	0.0	0.0	0.0	0.0	0.0	0.0	0.0	0.0	0.0	0.0	0.0	0.0	0.0	0.0	0.0	0.0	0.0	0.0	0.0	0.0	0.0	0.0	0.0	0.0	0.0	0.0	0.0	0.0	0.0	0.0	0.0	0.0	0.0	0.0	0.0	0.0	0.0	0.0	0.0	0.0188679	0.0	0.0	
Black-headed Gull	0.0	0.0	0.0	0.0458716	0.0	0.0	0.0	0.0235294	0.0	0.0	0.0	0.0	0.0	0.0	0.0	0.0	0.0	0.0	0.0	0.0	0.0	0.0	0.0	0.0	0.0	0.0	0.0	0.0	0.0	0.0	0.0	0.0	0.0	0.0	0.0	0.0	0.0	0.0	0.0	0.0	0.0	0.0	0.0	0.0	0.0	0.0	0.0	0.0	
Laughing Gull	0.0	0.0	0.0	0.0	0.0	0.0	0.0	0.0	0.0	0.0	0.0	0.0	0.0083333	0.0203046	0.0146341	0.0165289	0.0277778	0.0374532	0.0111111	0.0229885	0.78	0.4545455	0.0555556	0.0322581	0.0384615	0.0666667	0.1052632	0.0483871	0.0526316	0.0	0.05	0.084507	0.0392157	0.0604027	0.0080645	0.0358744	0.041958	0.0057471	0.0063694	0.0102041	0.0	0.0068027	0.0263158	0.0	0.0	0.0	0.0	0.0	
Ring-billed Gull	0.5103448	0.4444444	0.3666667	0.5045872	0.5694444	0.5929204	0.5813953	0.8529412	0.6261682	0.2674419	0.2857143	0.3246753	0.2666667	0.2436548	0.1268293	0.161157	0.1388889	0.1048689	0.0592593	0.091954	0.79	0.4	0.0555556	0.1290323	0.0384615	0.0666667	0.1052632	0.0806452	0.1842105	0.05	0.1	0.1549296	0.1960784	0.1342282	0.0887097	0.103139	0.1608392	0.091954	0.1910828	0.2040816	0.3880597	0.4353741	0.4298246	0.2818182	0.4565217	0.4528302	0.3303571	0.4408602	
Herring Gull	0.4275862	0.3555556	0.3166667	0.440367	0.4722222	0.380531	0.4790698	0.8	0.588785	0.1627907	0.1648352	0.1948052	0.2	0.2284264	0.1073171	0.1487603	0.1444444	0.1348315	0.0925926	0.1551724	0.805	0.4909091	0.2777778	0.2903226	0.2307692	0.1333333	0.1052632	0.0645161	0.2368421	0.05	0.15	0.1690141	0.1372549	0.1879195	0.1290323	0.1883408	0.1888112	0.1321839	0.1592357	0.1683673	0.3358209	0.3469388	0.3421053	0.2272727	0.2934783	0.245283	0.2589286	0.2473118	
Iceland Gull	0.0551724	0.0	0.0	0.0917431	0.1111111	0.2654867	0.0372093	0.0015	0.0093458	0.0	0.0	0.0	0.0	0.0	0.0	0.0	0.0	0.0	0.0	0.0	0.0	0.0	0.0	0.0	0.0	0.0	0.0	0.0	0.0	0.0	0.0	0.0	0.0	0.0	0.0	0.0	0.0	0.0	0.0	0.0	0.0	0.0	0.0	0.0	0.0	0.0	0.0	0.0	
Lesser Black-backed Gull	0.0068966	0.0	0.0	0.0	0.0	0.0	0.0	0.0	0.0093458	0.0116279	0.0	0.0	0.0	0.0	0.0	0.0	0.0	0.0	0.0	0.0	0.0	0.0	0.0	0.0	0.0	0.0	0.0	0.0	0.0	0.0	0.0	0.0	0.0	0.0	0.0	0.0	0.0	0.0	0.0	0.0	0.0	0.0	0.0	0.0	0.0	0.0015	0.0	0.0	
Great Black-backed Gull	0.4068966	0.3222222	0.2666667	0.412844	0.4027778	0.3274336	0.5069767	0.8058824	0.5607477	0.1511628	0.1758242	0.2077922	0.225	0.1878173	0.0878049	0.0950413	0.0833333	0.0861423	0.0518519	0.1321839	0.805	0.4909091	0.1388889	0.2580645	0.2692308	0.1333333	0.0526316	0.0645161	0.1315789	0.025	0.0666667	0.1267606	0.0490196	0.1275168	0.016129	0.0493274	0.1468531	0.045977	0.1146497	0.1020408	0.2686567	0.3741497	0.2982456	0.1818182	0.3478261	0.2264151	0.2142857	0.2688172	
Larus sp.	0.0	0.0	0.0	0.0	0.0	0.0	0.0	0.0	0.0	0.0	0.0	0.0	0.0	0.0	0.0	0.0	0.0	0.0	0.0	0.0	0.0	0.0	0.0	0.0	0.0	0.0	0.0	0.0	0.0	0.0	0.0	0.0	0.0	0.0	0.0	0.0	0.0	0.0	0.0	0.0	0.0	0.0	0.0	0.0	0.0	0.0188679	0.0	0.0	
gull sp.	0.0551724	0.1	0.0666667	0.0366972	0.0277778	0.0353982	0.0651163	0.0235294	0.0186916	0.0348837	0.0549451	0.0974026	0.0583333	0.0406091	0.0487805	0.0289256	0.0277778	0.0374532	0.0592593	0.045977	0.0	0.0181818	0.1111111	0.0322581	0.0384615	0.0666667	0.0	0.0	0.0263158	0.025	0.0333333	0.0422535	0.0392157	0.033557	0.1048387	0.0762332	0.0559441	0.0517241	0.0573248	0.0459184	0.0223881	0.0136054	0.0526316	0.0818182	0.076087	0.0754717	0.0535714	0.0752688	
Common Tern	0.0	0.0	0.0	0.0	0.0	0.0	0.0	0.0	0.0	0.0	0.0	0.0	0.0	0.0	0.0	0.0	0.0	0.0074906	0.0037037	0.0172414	0.01	0.0727273	0.0833333	0.0322581	0.0769231	0.0666667	0.0526316	0.0483871	0.0263158	0.025	0.0166667	0.0	0.0098039	0.0	0.0	0.0	0.0	0.0	0.0	0.0	0.0	0.0	0.0	0.0	0.0	0.0	0.0	0.0	
Forster's Tern	0.0	0.0	0.0	0.0	0.0	0.0	0.0	0.0	0.0	0.0	0.0	0.0	0.0	0.0	0.0	0.0	0.0	0.0	0.0	0.0	0.0	0.0	0.0	0.0	0.0	0.0	0.0	0.016129	0.0	0.0	0.0	0.0	0.0	0.0	0.0	0.0	0.0	0.0	0.0	0.0	0.0	0.0	0.0	0.0	0.0	0.0	0.0	0.0	
Black Skimmer	0.0	0.0	0.0	0.0	0.0	0.0	0.0	0.0	0.0	0.0	0.0	0.0	0.0	0.0	0.0	0.0	0.0	0.0	0.0015	0.0	0.0	0.0	0.0	0.0	0.0	0.0666667	0.0	0.0	0.0	0.0	0.0	0.0	0.0	0.0	0.0	0.0	0.0	0.0	0.0	0.0	0.0	0.0	0.0	0.0	0.0	0.0	0.0	0.0	
Red-throated Loon	0.0413793	0.0555556	0.0333333	0.0183486	0.0555556	0.0176991	0.0139535	0.0058824	0.0186916	0.0232558	0.0	0.025974	0.0	0.0253807	0.0146341	0.0082645	0.0111111	0.0037453	0.0	0.0	0.0	0.0	0.0	0.0	0.0	0.0	0.0	0.0	0.0	0.0	0.0	0.0	0.0	0.0	0.0	0.0	0.0	0.0	0.0	0.0	0.0074627	0.0	0.0	0.0	0.0	0.0188679	0.0	0.0107527	
Common Loon	0.1586207	0.1666667	0.0166667	0.0183486	0.0	0.0176991	0.055814	0.0470588	0.1121495	0.0	0.021978	0.0064935	0.0083333	0.0659898	0.0439024	0.0413223	0.05	0.0561798	0.0111111	0.0057471	0.0	0.0	0.0	0.0	0.0	0.0	0.0	0.0	0.0	0.0	0.0	0.0	0.0	0.0134228	0.0	0.0044843	0.0	0.0057471	0.0063694	0.0102041	0.0074627	0.0	0.0175439	0.0015	0.0	0.0	0.0178571	0.0	
loon sp.	0.0	0.0	0.0	0.0	0.0	0.0	0.0	0.0	0.0	0.0	0.0	0.0	0.0	0.0	0.0	0.0	0.0	0.0	0.0	0.0	0.0	0.0	0.0	0.0	0.0	0.0	0.0	0.0	0.0	0.0	0.0	0.0	0.0	0.0	0.0	0.0	0.0	0.0114943	0.0	0.0	0.0	0.0	0.0	0.0	0.0	0.0	0.0089286	0.0	
Great Cormorant	0.0413793	0.0666667	0.05	0.0183486	0.0277778	0.0088496	0.0093023	0.0058824	0.0093458	0.0116279	0.0	0.0064935	0.0083333	0.0152284	0.0	0.0	0.0055556	0.0037453	0.0	0.0	0.0	0.0	0.0	0.0	0.0	0.0	0.0	0.0	0.0	0.0	0.0	0.0	0.0	0.0	0.0	0.0	0.0	0.0057471	0.0	0.0	0.0	0.0136054	0.0	0.0090909	0.0	0.0188679	0.0267857	0.0215054	
Double-crested Cormorant	0.1931034	0.1444444	0.1333333	0.1743119	0.3333333	0.2654867	0.455814	0.8058824	0.5140187	0.2093023	0.1318681	0.2922078	0.275	0.3553299	0.3658537	0.4917355	0.4166667	0.3632959	0.3296296	0.3045977	0.84	0.5636364	0.3888889	0.3870968	0.5384615	0.2666667	0.2105263	0.1129032	0.2368421	0.25	0.1666667	0.1971831	0.1568627	0.1543624	0.1451613	0.103139	0.1748252	0.1149425	0.133758	0.122449	0.1567164	0.2789116	0.254386	0.1090909	0.0869565	0.0943396	0.0535714	0.0645161	
cormorant sp.	0.0137931	0.0	0.0	0.0	0.0277778	0.0	0.0	0.0	0.0	0.0116279	0.0	0.0064935	0.0	0.0152284	0.0	0.0	0.0	0.0	0.0	0.0	0.0	0.0	0.0	0.0	0.0	0.0	0.0	0.0	0.0	0.0	0.0	0.0	0.0	0.0	0.0	0.0	0.0	0.0	0.0	0.0	0.0	0.0	0.0	0.0090909	0.0	0.0	0.0	0.0	
American Bittern	0.0	0.0	0.0	0.0	0.0	0.0	0.0	0.0	0.0	0.0	0.0	0.0	0.0	0.0	0.0	0.0	0.0	0.011236	0.0037037	0.0	0.0	0.0	0.0	0.0	0.0	0.0	0.0	0.0	0.0	0.0	0.0	0.0	0.0	0.0	0.0	0.0	0.0	0.0	0.0	0.0	0.0	0.0	0.0	0.0	0.0	0.0	0.0	0.0	
Least Bittern	0.0	0.0	0.0	0.0	0.0	0.0	0.0	0.0	0.0	0.0	0.0	0.0	0.0	0.0	0.0	0.0	0.0	0.0	0.0	0.0	0.0	0.0	0.0	0.0	0.0	0.0	0.0	0.0	0.0	0.0	0.0	0.0	0.0	0.0067114	0.0	0.0	0.0	0.0	0.0	0.0	0.0	0.0	0.0	0.0	0.0	0.0	0.0	0.0	
Great Blue Heron	0.0206897	0.2111111	0.05	0.0458716	0.0138889	0.0	0.0697674	0.0117647	0.0186916	0.0116279	0.021978	0.0584416	0.0333333	0.035533	0.0146341	0.0082645	0.0111111	0.0187266	0.0148148	0.0057471	0.015	0.0	0.0	0.0	0.0384615	0.0	0.0	0.016129	0.0263158	0.075	0.0666667	0.028169	0.0686275	0.0402685	0.0403226	0.058296	0.1678322	0.0517241	0.0764331	0.0561224	0.0373134	0.0068027	0.0350877	0.0636364	0.0543478	0.0377358	0.0446429	0.0215054	
Great Egret	0.0	0.0	0.0	0.0	0.0	0.0	0.0	0.0	0.0	0.0	0.0	0.0974026	0.075	0.0761421	0.1609756	0.2355372	0.1555556	0.2846442	0.1703704	0.1781609	0.04	0.0727273	0.3888889	0.1612903	0.1923077	0.0666667	0.1578947	0.0483871	0.1052632	0.075	0.1	0.056338	0.0490196	0.0268456	0.0080645	0.0179372	0.006993	0.0287356	0.0191083	0.0	0.0	0.0	0.0	0.0	0.0	0.0	0.0	0.0	
Snowy Egret	0.0	0.0	0.0	0.0	0.0	0.0	0.0	0.0	0.0	0.0	0.0	0.0	0.0083333	0.0101523	0.0015	0.0041322	0.0333333	0.0187266	0.0185185	0.0057471	0.0	0.0	0.0277778	0.0322581	0.0	0.0	0.0	0.016129	0.0526316	0.0	0.0166667	0.0	0.0	0.0	0.0080645	0.0	0.0	0.0	0.0	0.0	0.0	0.0	0.0	0.0	0.0	0.0	0.0	0.0	
white egret sp.	0.0	0.0	0.0	0.0	0.0	0.0	0.0	0.0	0.0	0.0	0.0	0.0	0.0	0.0050761	0.0015	0.0041322	0.0	0.0037453	0.0	0.0	0.0	0.0	0.0	0.0	0.0	0.0	0.0	0.0	0.0	0.0	0.0	0.0	0.0	0.0	0.0	0.0	0.0	0.0	0.0	0.0	0.0	0.0	0.0	0.0	0.0	0.0	0.0	0.0	
Green Heron	0.0	0.0	0.0	0.0	0.0	0.0	0.0	0.0	0.0	0.0	0.0	0.0	0.0	0.0	0.0097561	0.0495868	0.0055556	0.0299625	0.0666667	0.0287356	0.0	0.0015	0.0	0.0	0.0384615	0.0	0.0	0.0	0.0	0.0	0.0	0.0	0.0392157	0.0	0.0	0.0134529	0.0	0.0	0.0	0.0	0.0	0.0	0.0	0.0	0.0	0.0	0.0	0.0	
Black-crowned Night-Heron	0.0206897	0.0222222	0.0166667	0.0	0.0	0.0	0.0	0.0	0.0	0.0	0.021978	0.0324675	0.0666667	0.0761421	0.195122	0.2479339	0.2777778	0.2696629	0.3518519	0.3390805	0.045	0.0727273	0.3611111	0.3870968	0.4615385	0.2	0.1578947	0.0806452	0.0526316	0.175	0.0666667	0.084507	0.0392157	0.0402685	0.0080645	0.0269058	0.020979	0.0229885	0.0191083	0.0102041	0.0015	0.0	0.0	0.0	0.0	0.0	0.0089286	0.0	
Yellow-crowned Night-Heron	0.0	0.0	0.0	0.0	0.0	0.0	0.0	0.0	0.0	0.0	0.0	0.0	0.0	0.0	0.0	0.0041322	0.0	0.0037453	0.0074074	0.0114943	0.0	0.0	0.0	0.0	0.0384615	0.0	0.0	0.016129	0.0	0.0	0.0	0.0140845	0.0	0.0	0.0	0.0089686	0.0	0.0	0.0	0.0	0.0	0.0	0.0	0.0	0.0	0.0	0.0	0.0	
heron sp.	0.0	0.0	0.0	0.0	0.0	0.0	0.0	0.0	0.0	0.0	0.0	0.0	0.0	0.0	0.0	0.0	0.0	0.0037453	0.0	0.0	0.0	0.0	0.0	0.0	0.0	0.0	0.0	0.0	0.0	0.0	0.0	0.0	0.0	0.0	0.0	0.0	0.0	0.0	0.0	0.0	0.0	0.0	0.0	0.0	0.0	0.0	0.0	0.0	
Black Vulture	0.0	0.0	0.0	0.0	0.0	0.0	0.0	0.0	0.0	0.0	0.010989	0.0	0.0	0.0	0.0	0.0123967	0.0	0.0	0.0	0.0	0.0	0.0	0.0	0.0	0.0	0.0	0.0	0.0	0.0	0.0	0.0	0.0	0.0	0.0	0.0	0.0	0.0	0.0	0.0	0.005102	0.0074627	0.0	0.0	0.0	0.0	0.0	0.0	0.0	
Turkey Vulture	0.0	0.0111111	0.0	0.0091743	0.0	0.0	0.0	0.0	0.0	0.0	0.0015	0.0064935	0.0015	0.035533	0.0015	0.0165289	0.0055556	0.0149813	0.0	0.0114943	0.0	0.0015	0.0	0.0	0.0	0.0	0.0	0.0	0.0263158	0.0	0.0	0.0	0.0098039	0.0268456	0.0	0.0134529	0.013986	0.0	0.0191083	0.0357143	0.0223881	0.0	0.0350877	0.0090909	0.0108696	0.0	0.0089286	0.0215054	
Osprey	0.0	0.0	0.0	0.0	0.0	0.0	0.0	0.0	0.0	0.0	0.010989	0.0064935	0.0083333	0.0203046	0.0146341	0.0041322	0.0111111	0.0037453	0.0074074	0.0015	0.005	0.0	0.0277778	0.0	0.0	0.0	0.0	0.016129	0.0263158	0.0	0.0333333	0.056338	0.1078431	0.0939597	0.0322581	0.0896861	0.0015	0.0287356	0.0127389	0.005102	0.0	0.0	0.0	0.0	0.0	0.0	0.0	0.0	
Golden Eagle	0.0	0.0	0.0	0.0	0.0	0.0	0.0	0.0	0.0	0.0	0.0	0.0	0.0	0.0	0.0	0.0	0.0	0.0	0.0	0.0	0.0	0.0	0.0	0.0	0.0	0.0	0.0	0.0	0.0	0.0	0.0	0.0	0.0	0.0	0.0	0.0	0.0	0.0	0.0	0.0	0.0074627	0.0	0.0	0.0	0.0	0.0	0.0	0.0	
Northern Harrier	0.0	0.0	0.0	0.0	0.0	0.0	0.0046512	0.0	0.0	0.0	0.0	0.0	0.0	0.0	0.0	0.0	0.0055556	0.0	0.0	0.0	0.0	0.0	0.0	0.0	0.0	0.0	0.0	0.0	0.0	0.0	0.0	0.0	0.0	0.0134228	0.0	0.0	0.013986	0.0	0.0127389	0.0102041	0.0074627	0.0	0.0175439	0.0	0.0	0.0	0.0	0.0	
Sharp-shinned Hawk	0.0068966	0.0111111	0.0333333	0.0091743	0.0416667	0.0353982	0.027907	0.2411765	0.0934579	0.0116279	0.010989	0.012987	0.0	0.0253807	0.0015	0.0	0.0	0.0	0.0	0.0	0.0	0.0	0.0	0.0	0.0	0.0	0.0	0.0	0.0	0.0	0.0	0.0	0.0588235	0.0469799	0.0564516	0.0134529	0.0769231	0.0287356	0.0318471	0.0204082	0.0597015	0.0	0.0175439	0.0090909	0.0	0.0188679	0.0178571	0.0322581	
Cooper's Hawk	0.1172414	0.1111111	0.0833333	0.0275229	0.0833333	0.1238938	0.0976744	0.0352941	0.046729	0.0581395	0.1208791	0.025974	0.0333333	0.0253807	0.0097561	0.0330579	0.0166667	0.0037453	0.0	0.0	0.0	0.0	0.0	0.0	0.0	0.0	0.0	0.0	0.0	0.0	0.0	0.0	0.0392157	0.0067114	0.0080645	0.0269058	0.013986	0.0172414	0.0318471	0.0153061	0.0522388	0.0340136	0.0701754	0.1181818	0.0326087	0.0015	0.1517857	0.1290323	
Sharp-shinned/Cooper's Hawk	0.0	0.0	0.0	0.0	0.0	0.0	0.0	0.0	0.0	0.0	0.0	0.0	0.0083333	0.0	0.0	0.0	0.0	0.0	0.0	0.0	0.0	0.0	0.0	0.0	0.0	0.0	0.0	0.0	0.0	0.0	0.0	0.0	0.0	0.0	0.0	0.0	0.0	0.0	0.0	0.0	0.0	0.0	0.0	0.0	0.0	0.0	0.0	0.0	
Accipiter sp.	0.0	0.0	0.0	0.0	0.0	0.0	0.0015	0.0	0.0	0.0	0.0	0.0	0.0	0.0	0.004878	0.0	0.0055556	0.0	0.0	0.0	0.0	0.0	0.0	0.0	0.0	0.0	0.0	0.0	0.0	0.0	0.0	0.0	0.0	0.0	0.0	0.0	0.0	0.0	0.0	0.0	0.0	0.0	0.0087719	0.0181818	0.0	0.0188679	0.0	0.0	
Bald Eagle	0.0137931	0.0	0.0	0.0091743	0.0	0.0	0.0093023	0.0	0.0	0.0116279	0.0015	0.0	0.0	0.0050761	0.0	0.0	0.0055556	0.0	0.0	0.0	0.005	0.0	0.0	0.0	0.0	0.0	0.0	0.0	0.0	0.0	0.0	0.0140845	0.0196078	0.0268456	0.0080645	0.0089686	0.0	0.0057471	0.0063694	0.0306122	0.0373134	0.0136054	0.0263158	0.0181818	0.0108696	0.0	0.0178571	0.0107527	
Red-shouldered Hawk	0.0068966	0.0222222	0.0	0.0	0.0	0.0	0.0	0.0	0.0015	0.0	0.010989	0.0	0.0	0.0050761	0.0	0.0041322	0.0	0.0037453	0.0	0.0	0.0	0.0	0.0	0.0	0.0	0.0	0.0	0.0	0.0263158	0.0	0.0	0.0	0.0	0.0067114	0.0	0.0	0.0	0.0057471	0.0	0.0153061	0.0373134	0.0	0.0263158	0.0181818	0.0326087	0.0	0.0089286	0.0	
Broad-winged Hawk	0.0	0.0	0.0	0.0	0.0	0.0	0.0	0.0	0.0	0.0	0.0	0.0	0.0	0.0152284	0.0	0.0	0.0111111	0.0	0.0	0.0	0.0	0.0	0.0	0.0	0.0	0.0	0.0	0.0	0.0263158	0.0	0.0	0.0	0.0294118	0.0536913	0.0564516	0.0807175	0.013986	0.0	0.0015	0.0	0.0	0.0	0.0	0.0	0.0	0.0	0.0	0.0	
Red-tailed Hawk	0.4068966	0.4666667	0.4	0.440367	0.5138889	0.3982301	0.5906977	0.8058824	0.5607477	0.372093	0.2747253	0.4155844	0.35	0.2944162	0.297561	0.3099174	0.3777778	0.2172285	0.2777778	0.1494253	0.825	0.4727273	0.1111111	0.1612903	0.3461538	0.0	0.0015	0.0322581	0.2368421	0.25	0.1	0.1690141	0.1764706	0.1342282	0.2419355	0.2152466	0.1958042	0.1666667	0.2038217	0.1989796	0.238806	0.3877551	0.2982456	0.3	0.2173913	0.3018868	0.2946429	0.344086	
Buteo sp.	0.0	0.0	0.0	0.0	0.0	0.0	0.0	0.0	0.0	0.0	0.0	0.0064935	0.0	0.0	0.0	0.0	0.0	0.0	0.0	0.0	0.0	0.0	0.0	0.0	0.0	0.0	0.0	0.0	0.0	0.0	0.0	0.0	0.0	0.0	0.0080645	0.0	0.0	0.0	0.0	0.0	0.0	0.0068027	0.0	0.0	0.0	0.0	0.0	0.0	
hawk sp.	0.0	0.0	0.0	0.0	0.0	0.0	0.0	0.0	0.0	0.0	0.0	0.0	0.0	0.0	0.0	0.0	0.0	0.0	0.0	0.0	0.0	0.0	0.0	0.0	0.0	0.0	0.0	0.0	0.0	0.0	0.0	0.0	0.0	0.0	0.0	0.0	0.0	0.0	0.0	0.0	0.0074627	0.0	0.0	0.0	0.0	0.0	0.0089286	0.0	
Eastern Screech-Owl	0.0	0.0	0.0	0.0	0.0	0.0	0.0	0.0	0.0	0.0	0.0	0.0	0.0	0.0	0.0	0.0	0.0	0.0	0.0	0.0	0.0	0.0	0.0	0.0	0.0	0.0	0.0	0.0	0.0	0.0	0.0	0.0	0.0098039	0.0	0.0	0.0	0.0	0.0	0.0	0.0	0.0	0.0	0.0	0.0	0.0	0.0	0.0	0.0	
Barred Owl	0.137931	0.0333333	0.1333333	0.1009174	0.0416667	0.0	0.0	0.0	0.0	0.0348837	0.0989011	0.2207792	0.15	0.106599	0.0097561	0.0	0.0	0.0	0.0	0.0	0.0	0.0	0.0	0.0	0.0	0.0	0.0	0.0	0.0	0.0	0.0	0.0	0.0	0.0	0.0	0.0	0.0	0.0	0.0	0.0	0.0	0.0	0.0	0.0	0.0	0.0	0.0	0.0	
Long-eared Owl	0.0015	0.0	0.0	0.0	0.0	0.0	0.0	0.0	0.0	0.0	0.0	0.0	0.0	0.0	0.0	0.0	0.0	0.0	0.0	0.0	0.0	0.0	0.0	0.0	0.0	0.0	0.0	0.0	0.0	0.0	0.0	0.0	0.0	0.0	0.0	0.0	0.0	0.0	0.0	0.0	0.0	0.0	0.0	0.0	0.0	0.0	0.0446429	0.1290323	
Northern Saw-whet Owl	0.0	0.0555556	0.0	0.0	0.0	0.0353982	0.0976744	0.0647059	0.0093458	0.0232558	0.1208791	0.2467532	0.1333333	0.0304569	0.0	0.0	0.0	0.0	0.0	0.0	0.0	0.0	0.0	0.0	0.0	0.0	0.0	0.0	0.0	0.0	0.0	0.0	0.0	0.0	0.0	0.0	0.0	0.0	0.0	0.0	0.0	0.0272109	0.0	0.0	0.0	0.0	0.0	0.0	
Belted Kingfisher	0.0551724	0.0777778	0.0	0.0183486	0.0138889	0.0	0.0046512	0.0058824	0.0	0.0	0.0	0.0	0.0083333	0.035533	0.0	0.0330579	0.0	0.0449438	0.0	0.0	0.22	0.0727273	0.0	0.0	0.0	0.0	0.0	0.0	0.0	0.0	0.0166667	0.0	0.0196078	0.0201342	0.0241935	0.0179372	0.041958	0.0689655	0.0191083	0.0204082	0.0223881	0.0340136	0.0087719	0.0181818	0.0217391	0.0	0.0267857	0.0215054	
Yellow-bellied Sapsucker	0.1310345	0.1444444	0.1666667	0.1009174	0.0555556	0.0265487	0.055814	0.0294118	0.0093458	0.0348837	0.0769231	0.0779221	0.2	0.2893401	0.2097561	0.0826446	0.0055556	0.0037453	0.0	0.0	0.0	0.0	0.0	0.0	0.0	0.0	0.0	0.0	0.0	0.0	0.0	0.0	0.0015	0.0	0.0322581	0.3542601	0.4755245	0.454023	0.4012739	0.2091837	0.1567164	0.3605442	0.1842105	0.1363636	0.2282609	0.245283	0.2142857	0.2688172	
Red-headed Woodpecker	0.0	0.0	0.0	0.0	0.0	0.0	0.0	0.0	0.0	0.0	0.0	0.0	0.0	0.0	0.0	0.0	0.0	0.0	0.0	0.0977011	0.04	0.0	0.0	0.0	0.0	0.0	0.0	0.0	0.0	0.0	0.0	0.0	0.0196078	0.033557	0.0	0.0044843	0.0	0.0172414	0.0063694	0.0	0.0	0.0	0.0	0.0	0.0	0.0	0.0	0.0	
Red-bellied Woodpecker	0.4	0.4777778	0.4333333	0.3486239	0.3055556	0.2831858	0.2	0.1294118	0.1869159	0.3139535	0.3626374	0.4415584	0.4083333	0.4314721	0.502439	0.6983471	0.6277778	0.5093633	0.5259259	0.4770115	0.09	0.1454545	0.1111111	0.0967742	0.2307692	0.0	0.1052632	0.1612903	0.1842105	0.3	0.1833333	0.2676056	0.2745098	0.2348993	0.2580645	0.3318386	0.2097902	0.2413793	0.2229299	0.1734694	0.1343284	0.0952381	0.245614	0.2818182	0.3043478	0.3207547	0.1875	0.3655914	
Downy Woodpecker	0.3724138	0.3888889	0.3666667	0.3486239	0.3888889	0.3893805	0.5348837	0.7882353	0.5514019	0.3255814	0.3076923	0.4480519	0.4	0.3857868	0.5170732	0.6033058	0.5555556	0.4419476	0.3555556	0.3678161	0.08	0.2181818	0.3611111	0.2258065	0.3461538	0.0666667	0.1052632	0.0645161	0.2105263	0.375	0.2666667	0.3098592	0.4411765	0.3691275	0.3467742	0.32287	0.2517483	0.2356322	0.2484076	0.1785714	0.1567164	0.0748299	0.2280702	0.2363636	0.326087	0.3584906	0.25	0.3763441	
Hairy Woodpecker	0.1103448	0.0888889	0.05	0.0733945	0.0694444	0.0973451	0.0418605	0.0352941	0.0747664	0.0930233	0.043956	0.1298701	0.125	0.1116751	0.1512195	0.1818182	0.0833333	0.0411985	0.0259259	0.0114943	0.01	0.0181818	0.0	0.0322581	0.0	0.0	0.0	0.0	0.0	0.0	0.0166667	0.0140845	0.0392157	0.0201342	0.0080645	0.044843	0.034965	0.0287356	0.0063694	0.0102041	0.0074627	0.0	0.0087719	0.0090909	0.0108696	0.0	0.0178571	0.0537634	
Pileated Woodpecker	0.0	0.0	0.0	0.0	0.0	0.0	0.0	0.0	0.0	0.0	0.0	0.0	0.0	0.0	0.004878	0.0	0.0	0.0	0.0	0.0	0.0	0.0	0.0	0.0	0.0	0.0	0.0	0.0	0.0	0.0	0.0	0.0	0.0	0.0	0.0	0.0	0.0	0.0	0.0	0.0	0.0	0.0	0.0	0.0	0.0	0.0	0.0	0.0	
Northern Flicker	0.0413793	0.0666667	0.0833333	0.0366972	0.0277778	0.0176991	0.0046512	0.0117647	0.0093458	0.0116279	0.032967	0.0454545	0.225	0.5583756	0.604878	0.5909091	0.3333333	0.2808989	0.3	0.1896552	0.05	0.0909091	0.0	0.0322581	0.1153846	0.0666667	0.1052632	0.0967742	0.2631579	0.525	0.4166667	0.4366197	0.4705882	0.5100671	0.7096774	0.6053812	0.3846154	0.3965517	0.3694268	0.2091837	0.1343284	0.0272109	0.1140351	0.0636364	0.0543478	0.0377358	0.0267857	0.0322581	
woodpecker sp.	0.0	0.0	0.0	0.0	0.0	0.0088496	0.0	0.0	0.0	0.0	0.0	0.0	0.0	0.0	0.0	0.0	0.0	0.0	0.0	0.0	0.0	0.0	0.0	0.0	0.0	0.0666667	0.0	0.0	0.0	0.0	0.0	0.0	0.0	0.0	0.0	0.0	0.0	0.0	0.0	0.0	0.0	0.0	0.0	0.0	0.0	0.0	0.0	0.0	
American Kestrel	0.0689655	0.1111111	0.1	0.0825688	0.125	0.1061947	0.2511628	0.0941176	0.0186916	0.0232558	0.0549451	0.025974	0.05	0.071066	0.0634146	0.1115702	0.0388889	0.0486891	0.0222222	0.0229885	0.005	0.0	0.0555556	0.0	0.0015	0.1333333	0.1052632	0.016129	0.0263158	0.025	0.0833333	0.084507	0.0392157	0.0469799	0.0403226	0.0762332	0.0769231	0.0574713	0.0636943	0.0510204	0.0373134	0.0204082	0.0526316	0.0636364	0.0326087	0.0754717	0.0357143	0.0322581	
Merlin	0.0068966	0.0111111	0.0166667	0.0275229	0.0416667	0.0088496	0.0	0.0	0.0	0.0	0.0	0.0	0.025	0.0	0.004878	0.0206612	0.0	0.0	0.0	0.0	0.0	0.0	0.0	0.0	0.0	0.0	0.0	0.0	0.0	0.0	0.0	0.0	0.0098039	0.0	0.0080645	0.0	0.006993	0.0172414	0.0	0.0153061	0.0	0.0	0.0087719	0.0272727	0.0	0.0	0.0089286	0.0	
Peregrine Falcon	0.0482759	0.0444444	0.05	0.0183486	0.0416667	0.0442478	0.1627907	0.0235294	0.0093458	0.0116279	0.010989	0.025974	0.0333333	0.0507614	0.0195122	0.0165289	0.0277778	0.0262172	0.0148148	0.0015	0.34	0.1818182	0.0277778	0.0015	0.0	0.0	0.0	0.0322581	0.0	0.0	0.0333333	0.056338	0.0196078	0.0536913	0.0483871	0.0224215	0.0629371	0.0287356	0.0127389	0.0306122	0.0373134	0.0068027	0.0	0.0272727	0.0108696	0.0566038	0.0625	0.0645161	
falcon sp.	0.0	0.0	0.0	0.0	0.0138889	0.0	0.0	0.0	0.0	0.0	0.0	0.0	0.0	0.0	0.0	0.0	0.0	0.0	0.0	0.0	0.0	0.0	0.0	0.0	0.0	0.0	0.0	0.0	0.0	0.0	0.0	0.0	0.0	0.0	0.0	0.0	0.0	0.0	0.0	0.0	0.0	0.0	0.0	0.0	0.0	0.0	0.0	0.0	
Monk Parakeet	0.0068966	0.0	0.0	0.0	0.0	0.0	0.0	0.0015	0.0	0.0	0.0	0.0	0.0	0.0	0.0	0.0041322	0.0055556	0.0037453	0.0015	0.0	0.0	0.0015	0.0	0.0	0.0	0.0	0.0	0.0	0.0	0.0015	0.0	0.0	0.0098039	0.0015	0.0	0.0	0.0	0.0	0.0	0.0	0.0	0.0	0.0	0.0090909	0.0	0.0	0.0	0.0	
Olive-sided Flycatcher	0.0	0.0	0.0	0.0	0.0	0.0	0.0	0.0	0.0	0.0	0.0	0.0	0.0	0.0	0.0	0.0	0.0	0.0074906	0.1111111	0.0402299	0.0	0.0	0.0	0.0	0.0	0.0	0.0	0.0	0.0	0.025	0.05	0.0140845	0.0196078	0.0536913	0.0	0.0044843	0.0	0.0	0.0	0.0	0.0	0.0	0.0	0.0	0.0	0.0	0.0	0.0	
Eastern Wood-Pewee	0.0	0.0	0.0	0.0	0.0	0.0	0.0	0.0	0.0	0.0	0.0	0.0	0.0	0.0	0.0	0.0	0.0055556	0.0786517	0.2444444	0.2758621	0.06	0.0181818	0.0	0.0015	0.0	0.0	0.0	0.0	0.0	0.075	0.0833333	0.2394366	0.4509804	0.3758389	0.3548387	0.3542601	0.1888112	0.045977	0.0015	0.0	0.0	0.0	0.0	0.0	0.0	0.0	0.0	0.0	
Yellow-bellied Flycatcher	0.0	0.0	0.0	0.0	0.0	0.0	0.0	0.0	0.0	0.0	0.0	0.0	0.0	0.0	0.0	0.0	0.0	0.0037453	0.0	0.0402299	0.0	0.0	0.0	0.0	0.0	0.0	0.0	0.0	0.0	0.0	0.0	0.0704225	0.0098039	0.0402685	0.0645161	0.0044843	0.0	0.0	0.0	0.0	0.0	0.0	0.0	0.0	0.0	0.0	0.0	0.0	
Acadian Flycatcher	0.0	0.0	0.0	0.0	0.0	0.0	0.0	0.0	0.0	0.0	0.0	0.0	0.0	0.0	0.0	0.0	0.0	0.0037453	0.0	0.0057471	0.0	0.0181818	0.0	0.0	0.0	0.0	0.0	0.0	0.0	0.0	0.0	0.0	0.0	0.0	0.0	0.0	0.0	0.0	0.0	0.0	0.0	0.0	0.0	0.0	0.0	0.0	0.0	0.0	
Alder Flycatcher	0.0	0.0	0.0	0.0	0.0	0.0	0.0	0.0	0.0	0.0	0.0	0.0	0.0	0.0	0.0	0.0	0.0	0.0	0.0	0.0287356	0.0	0.0	0.0	0.0	0.0	0.0	0.0	0.0	0.0	0.0	0.0	0.0	0.0	0.0	0.0	0.0	0.0	0.0	0.0	0.0	0.0	0.0	0.0	0.0	0.0	0.0	0.0	0.0	
Willow Flycatcher	0.0	0.0	0.0	0.0	0.0	0.0	0.0	0.0	0.0	0.0	0.0	0.0	0.0	0.0	0.0	0.0	0.0	0.0149813	0.0111111	0.0057471	0.005	0.0	0.0	0.0	0.0	0.0	0.0	0.0	0.0263158	0.025	0.0333333	0.0	0.0	0.0134228	0.0	0.0	0.0	0.0	0.0	0.0	0.0	0.0	0.0	0.0	0.0	0.0	0.0	0.0	
Alder/Willow Flycatcher (Traill's Flycatcher)	0.0	0.0	0.0	0.0	0.0	0.0	0.0	0.0	0.0	0.0	0.0	0.0	0.0	0.0	0.0	0.0	0.0	0.0	0.0015	0.0015	0.0	0.0	0.0	0.0	0.0	0.0	0.0	0.0	0.0	0.0	0.0166667	0.0140845	0.0	0.0134228	0.0	0.0044843	0.0	0.0057471	0.0	0.0	0.0	0.0	0.0	0.0	0.0	0.0	0.0	0.0	
Least Flycatcher	0.0	0.0	0.0	0.0	0.0	0.0	0.0	0.0	0.0	0.0	0.0	0.0	0.0	0.0	0.0	0.0082645	0.0	0.1385768	0.1333333	0.0172414	0.0	0.0	0.0	0.0	0.0	0.0	0.0	0.0	0.0263158	0.05	0.0333333	0.028169	0.0490196	0.1006711	0.0725806	0.0044843	0.013986	0.0015	0.0	0.0	0.0	0.0	0.0	0.0	0.0	0.0	0.0	0.0	
Empidonax sp.	0.0	0.0	0.0	0.0	0.0	0.0	0.0	0.0	0.0	0.0	0.0	0.0	0.0	0.0	0.0	0.0	0.0	0.0561798	0.0851852	0.091954	0.005	0.0181818	0.0277778	0.0	0.0	0.0	0.0	0.0	0.0263158	0.075	0.0833333	0.1408451	0.1960784	0.1610738	0.1048387	0.1121076	0.0	0.0057471	0.0	0.005102	0.0	0.0	0.0	0.0	0.0	0.0	0.0	0.0	
Eastern Phoebe	0.0	0.0	0.0	0.0	0.0	0.0	0.0	0.0	0.0	0.0	0.0	0.0649351	0.2916667	0.3857868	0.0585366	0.0495868	0.0277778	0.0299625	0.0074074	0.0114943	0.0	0.0	0.0	0.0322581	0.0	0.0	0.0	0.0	0.0263158	0.025	0.0	0.028169	0.0	0.0268456	0.0564516	0.3811659	0.3916084	0.4137931	0.2738854	0.127551	0.2910448	0.0612245	0.0175439	0.0	0.0	0.0	0.0	0.0	
Great Crested Flycatcher	0.0	0.0	0.0	0.0	0.0	0.0	0.0	0.0	0.0	0.0	0.0	0.0	0.0	0.0	0.0	0.0454545	0.0222222	0.1535581	0.1555556	0.1149425	0.015	0.0727273	0.0	0.0015	0.1153846	0.0	0.0	0.0	0.0	0.0	0.0166667	0.0704225	0.0784314	0.2147651	0.1129032	0.0089686	0.0	0.0	0.0	0.0	0.0	0.0	0.0	0.0	0.0	0.0	0.0	0.0	
Eastern Kingbird	0.0	0.0	0.0	0.0	0.0	0.0	0.0	0.0	0.0	0.0	0.0	0.0	0.0	0.0	0.0015	0.0454545	0.0333333	0.1872659	0.2	0.2068966	0.59	0.4909091	0.2222222	0.1935484	0.1538462	0.1333333	0.3684211	0.1612903	0.2368421	0.2	0.0833333	0.0704225	0.0098039	0.0067114	0.0241935	0.0044843	0.0	0.0	0.0	0.0	0.0	0.0	0.0	0.0	0.0	0.0	0.0	0.0	
White-eyed Vireo	0.0	0.0	0.0	0.0	0.0	0.0	0.0	0.0	0.0	0.0	0.0	0.0	0.0	0.0	0.0	0.0123967	0.0277778	0.0	0.0666667	0.0	0.0	0.0	0.0	0.0	0.0	0.0	0.0	0.0	0.0	0.0	0.0	0.028169	0.0	0.0067114	0.0080645	0.0044843	0.034965	0.0057471	0.0	0.0	0.0	0.0	0.0	0.0	0.0	0.0	0.0	0.0	
Yellow-throated Vireo	0.0	0.0	0.0	0.0	0.0	0.0	0.0	0.0	0.0	0.0	0.0	0.0	0.0	0.0	0.0	0.0289256	0.0055556	0.082397	0.0518519	0.0057471	0.0	0.0	0.0	0.0	0.0	0.0	0.0	0.0	0.0	0.0	0.0166667	0.0	0.0196078	0.0067114	0.0015	0.0044843	0.013986	0.0	0.0	0.0	0.0	0.0	0.0	0.0	0.0	0.0	0.0	0.0	
Blue-headed Vireo	0.0	0.0	0.0	0.0	0.0	0.0	0.0	0.0	0.0	0.0	0.0	0.0	0.0	0.0203046	0.1512195	0.4710744	0.1111111	0.2771536	0.2481481	0.0	0.0	0.0	0.0	0.0	0.0	0.0	0.0	0.0	0.0	0.0	0.0	0.0	0.0196078	0.0201342	0.0483871	0.1434978	0.027972	0.1551724	0.1401274	0.0204082	0.0074627	0.0136054	0.0	0.0	0.0	0.0	0.0	0.0	
Philadelphia Vireo	0.0	0.0	0.0	0.0	0.0	0.0	0.0	0.0	0.0	0.0	0.0	0.0	0.0	0.0	0.0	0.0	0.0	0.0	0.0	0.0	0.0	0.0	0.0	0.0	0.0	0.0	0.0	0.0	0.0	0.0	0.0	0.0	0.0	0.0	0.0	0.0	0.0	0.0	0.0	0.0	0.0	0.0068027	0.0	0.0	0.0	0.0	0.0	0.0	
Warbling Vireo	0.0	0.0	0.0	0.0	0.0	0.0	0.0	0.0	0.0	0.0	0.0	0.0	0.0	0.0	0.0	0.1239669	0.4444444	0.423221	0.4444444	0.4367816	0.115	0.2727273	0.1944444	0.1290323	0.3076923	0.0	0.2105263	0.1129032	0.1052632	0.225	0.2166667	0.1408451	0.2647059	0.2080537	0.0564516	0.0044843	0.0	0.0	0.0	0.0	0.0	0.0	0.0	0.0	0.0	0.0	0.0	0.0	
Philadelphia/Warbling Vireo	0.0	0.0	0.0	0.0	0.0	0.0	0.0	0.0	0.0	0.0	0.0	0.0	0.0	0.0	0.0	0.0	0.0	0.0	0.0037037	0.0	0.0	0.0	0.0	0.0	0.0	0.0	0.0	0.0	0.0	0.0	0.0	0.0	0.0	0.0	0.0	0.0	0.0	0.0	0.0	0.0	0.0	0.0	0.0	0.0	0.0	0.0	0.0	0.0	
Red-eyed Vireo	0.0	0.0	0.0	0.0	0.0	0.0	0.0	0.0	0.0	0.0	0.0	0.0	0.0	0.0	0.0	0.0082645	0.1055556	0.3146067	0.4666667	0.4597701	0.055	0.0909091	0.0277778	0.0015	0.1153846	0.0666667	0.0	0.016129	0.0263158	0.175	0.15	0.2535211	0.4705882	0.4026846	0.4112903	0.2780269	0.0699301	0.0517241	0.0254777	0.0	0.0	0.0	0.0	0.0	0.0	0.0	0.0	0.0	
Blue Jay	0.5310345	0.6222222	0.5833333	0.5412844	0.6111111	0.5309735	0.6186047	0.8470588	0.7196262	0.5465116	0.5824176	0.6558442	0.6916667	0.6548223	0.702439	0.7809917	0.7833333	0.6479401	0.6555556	0.6436782	0.88	0.7454545	0.3611111	0.4193548	0.5384615	0.1333333	0.3157895	0.3870968	0.7105263	0.85	0.7	0.6760563	0.627451	0.6442953	0.75	0.7264574	0.7132867	0.591954	0.5923567	0.5306122	0.6567164	0.6462585	0.7894737	0.4727273	0.6521739	0.5849057	0.4553571	0.6021505	
American Crow	0.2137931	0.1888889	0.1166667	0.2385321	0.2916667	0.2389381	0.4232558	0.7176471	0.4672897	0.127907	0.1868132	0.1688312	0.175	0.1319797	0.1170732	0.2933884	0.2777778	0.258427	0.1962963	0.0977011	0.775	0.4181818	0.0555556	0.0645161	0.0384615	0.0	0.0	0.1129032	0.0789474	0.025	0.0333333	0.056338	0.0784314	0.0671141	0.1129032	0.1390135	0.2587413	0.1494253	0.1910828	0.1173469	0.2835821	0.3265306	0.2807018	0.0636364	0.076087	0.2075472	0.1607143	0.1827957	
Fish Crow	0.0068966	0.0	0.0	0.0	0.0	0.0	0.1488372	0.6588235	0.1308411	0.0	0.010989	0.0064935	0.0083333	0.0050761	0.0097561	0.0206612	0.0055556	0.011236	0.0111111	0.0229885	0.005	0.0363636	0.0555556	0.0967742	0.0384615	0.0666667	0.0526316	0.016129	0.0526316	0.025	0.0333333	0.0422535	0.0	0.0134228	0.0080645	0.0	0.0	0.0015	0.0	0.0	0.0	0.0	0.0	0.0	0.0	0.0	0.0	0.0107527	
crow sp.	0.0206897	0.0111111	0.05	0.0091743	0.0138889	0.0	0.0046512	0.0117647	0.0	0.0	0.0	0.0	0.0083333	0.0101523	0.0146341	0.0123967	0.0166667	0.0262172	0.0037037	0.0057471	0.0	0.0	0.0	0.0	0.0	0.0	0.0	0.0	0.0	0.0	0.0	0.0	0.0	0.0067114	0.0	0.0044843	0.013986	0.0057471	0.0127389	0.0102041	0.0074627	0.0136054	0.0087719	0.0090909	0.0217391	0.0	0.0	0.0	
Common Raven	0.0	0.0	0.0	0.0091743	0.0	0.0	0.0	0.0	0.0	0.0	0.0	0.012987	0.0166667	0.0	0.0	0.0	0.0	0.0	0.0	0.0	0.0	0.0	0.0	0.0	0.0	0.0	0.0	0.016129	0.0	0.0	0.0	0.0	0.0	0.0	0.0	0.0044843	0.0	0.0057471	0.0	0.0102041	0.0	0.0	0.0	0.0090909	0.0	0.0188679	0.0	0.0	
Black-capped Chickadee	0.4965517	0.5111111	0.45	0.4678899	0.5	0.4955752	0.5953488	0.7823529	0.6168224	0.5348837	0.3516484	0.4675325	0.4666667	0.4111675	0.395122	0.2396694	0.1277778	0.1685393	0.1037037	0.045977	0.015	0.0363636	0.0277778	0.0015	0.0	0.0	0.1052632	0.0967742	0.1315789	0.15	0.0666667	0.0704225	0.1470588	0.0738255	0.0967742	0.0807175	0.0629371	0.0632184	0.044586	0.0408163	0.0223881	0.0544218	0.1315789	0.0909091	0.1195652	0.1698113	0.0803571	0.172043	
Tufted Titmouse	0.6275862	0.6555556	0.6666667	0.6330275	0.6111111	0.5929204	0.655814	0.8588235	0.6635514	0.6162791	0.5824176	0.5584416	0.55	0.5482234	0.5414634	0.4380165	0.3166667	0.0898876	0.0481481	0.0344828	0.0	0.0	0.0	0.0015	0.0	0.0	0.0	0.0	0.0263158	0.0	0.0166667	0.0140845	0.0980392	0.0536913	0.0241935	0.0179372	0.0	0.0114943	0.0127389	0.0102041	0.0149254	0.0068027	0.0263158	0.0181818	0.0326087	0.0377358	0.0267857	0.0537634	
Horned Lark	0.0275862	0.0	0.0	0.0	0.0	0.0	0.0	0.0	0.0	0.0	0.0	0.0	0.0	0.0	0.0	0.0	0.0	0.0	0.0	0.0	0.0	0.0	0.0	0.0	0.0	0.0	0.0	0.0	0.0	0.0	0.0	0.0	0.0	0.0	0.0	0.0	0.0	0.0	0.0	0.0	0.0	0.0	0.0	0.0	0.0	0.0	0.0089286	0.0	
Northern Rough-winged Swallow	0.0	0.0	0.0	0.0	0.0	0.0	0.0	0.0	0.0	0.0	0.0	0.0	0.0	0.0304569	0.1121951	0.1157025	0.0611111	0.1123596	0.1074074	0.0517241	0.005	0.0545455	0.0277778	0.0322581	0.0769231	0.0	0.0	0.0	0.0	0.025	0.0333333	0.0	0.0	0.0	0.0	0.0	0.0	0.0	0.0	0.0	0.0	0.0	0.0	0.0	0.0	0.0	0.0	0.0	
Purple Martin	0.0	0.0	0.0	0.0	0.0	0.0	0.0	0.0	0.0	0.0	0.0	0.0	0.0	0.0	0.0	0.0	0.0	0.0037453	0.0074074	0.0	0.0	0.0181818	0.0555556	0.0	0.0	0.0	0.0	0.0	0.0	0.0	0.0	0.0	0.0	0.0	0.0	0.0	0.0	0.0	0.0	0.0	0.0	0.0	0.0	0.0	0.0	0.0	0.0	0.0	
Tree Swallow	0.0	0.0	0.0	0.0	0.0	0.0	0.0	0.0	0.0	0.0	0.0	0.0	0.0	0.0253807	0.0585366	0.0330579	0.0222222	0.0486891	0.0481481	0.0229885	0.0	0.0	0.0555556	0.0	0.0	0.0	0.0	0.0	0.0	0.025	0.0166667	0.0	0.0	0.0067114	0.0	0.0	0.006993	0.0	0.0	0.0153061	0.0074627	0.0068027	0.0	0.0	0.0	0.0	0.0	0.0	
Bank Swallow	0.0	0.0	0.0	0.0	0.0	0.0	0.0	0.0	0.0	0.0	0.0	0.0	0.0	0.0	0.0	0.0041322	0.0055556	0.011236	0.0	0.0	0.0	0.0	0.0	0.0	0.0	0.0	0.0	0.0	0.0	0.0	0.0	0.0	0.0	0.0	0.0	0.0	0.0	0.0	0.0	0.0	0.0	0.0	0.0	0.0	0.0	0.0	0.0	0.0	
Barn Swallow	0.0	0.0	0.0	0.0	0.0	0.0	0.0	0.0	0.0	0.0	0.0	0.0	0.0083333	0.0761421	0.1804878	0.2355372	0.2166667	0.3258427	0.3777778	0.2241379	0.65	0.5454545	0.2222222	0.4516129	0.4615385	0.2666667	0.1052632	0.1129032	0.2631579	0.175	0.1	0.0704225	0.0490196	0.033557	0.0	0.0089686	0.0	0.0	0.0063694	0.0	0.0	0.0	0.0	0.0	0.0	0.0	0.0	0.0	
Cliff Swallow	0.0	0.0	0.0	0.0	0.0	0.0	0.0	0.0	0.0	0.0	0.0	0.0	0.0	0.0	0.0	0.0	0.0	0.0074906	0.0037037	0.0	0.0	0.0	0.0	0.0	0.0	0.0	0.0	0.0	0.0	0.0	0.0	0.0	0.0	0.0	0.0	0.0	0.0	0.0	0.0	0.0	0.0	0.0	0.0	0.0	0.0	0.0	0.0	0.0	
swallow sp.	0.0	0.0	0.0	0.0	0.0	0.0	0.0	0.0	0.0	0.0	0.0	0.0	0.0	0.0	0.004878	0.0	0.0	0.0037453	0.0	0.0	0.0	0.0	0.0	0.0	0.0	0.0	0.0	0.0	0.0	0.0	0.0	0.0	0.0	0.0	0.0	0.0	0.0	0.0	0.0	0.0	0.0	0.0	0.0	0.0	0.0	0.0	0.0	0.0	
Ruby-crowned Kinglet	0.0068966	0.0	0.0333333	0.0	0.0	0.0	0.0093023	0.0058824	0.0	0.0	0.0	0.0	0.0083333	0.4416244	0.5512195	0.5826446	0.1277778	0.3932584	0.1148148	0.0	0.0	0.0	0.0	0.0	0.0	0.0	0.0	0.0	0.0	0.0	0.0	0.0	0.0	0.0067114	0.0564516	0.2869955	0.6573427	0.454023	0.477707	0.4387755	0.3656716	0.2653061	0.1578947	0.0454545	0.0326087	0.0566038	0.0089286	0.0107527	
Golden-crowned Kinglet	0.0068966	0.0	0.0	0.0	0.0	0.0088496	0.0	0.0	0.0	0.0015	0.010989	0.0324675	0.2333333	0.4670051	0.1463415	0.0743802	0.0	0.0	0.0	0.0	0.0	0.0	0.0	0.0	0.0	0.0	0.0	0.0	0.0	0.0	0.0	0.0	0.0	0.0	0.0	0.1300448	0.2797203	0.2413793	0.1910828	0.2244898	0.1119403	0.0408163	0.0350877	0.0090909	0.0108696	0.0	0.0	0.0107527	
Red-breasted Nuthatch	0.0413793	0.0111111	0.0166667	0.1009174	0.125	0.0973451	0.2651163	0.0058824	0.0	0.0	0.010989	0.0194805	0.0	0.0101523	0.0390244	0.0371901	0.0111111	0.0262172	0.0518519	0.0	0.0	0.0	0.0	0.0015	0.0	0.0	0.0	0.0	0.0	0.0	0.0	0.0	0.0098039	0.0	0.0	0.0044843	0.0	0.0114943	0.0063694	0.0	0.0074627	0.0	0.0175439	0.0181818	0.0108696	0.0	0.0	0.0107527	
White-breasted Nuthatch	0.4137931	0.4333333	0.4333333	0.3944954	0.4583333	0.3628319	0.5209302	0.7941176	0.6074766	0.3837209	0.3626374	0.4545455	0.3583333	0.3654822	0.395122	0.3512397	0.0666667	0.0149813	0.0259259	0.0057471	0.005	0.0	0.0	0.0015	0.0	0.0	0.0	0.0	0.0	0.0	0.0833333	0.0985915	0.0980392	0.0671141	0.0564516	0.0358744	0.006993	0.0402299	0.0318471	0.0459184	0.0746269	0.0408163	0.1403509	0.1363636	0.1195652	0.1886792	0.0982143	0.2258065	
Brown Creeper	0.1034483	0.1	0.0833333	0.0366972	0.0138889	0.0353982	0.0604651	0.0588235	0.0280374	0.127907	0.0549451	0.0844156	0.1833333	0.3553299	0.3073171	0.1446281	0.0055556	0.0	0.0	0.0	0.0	0.0	0.0	0.0	0.0	0.0	0.0	0.0	0.0	0.0	0.0	0.0	0.0	0.0	0.0	0.0627803	0.1188811	0.1724138	0.089172	0.0561224	0.0373134	0.0272109	0.0964912	0.1	0.0978261	0.1132075	0.0982143	0.2043011	
Blue-gray Gnatcatcher	0.0	0.0	0.0	0.0	0.0	0.0	0.0	0.0	0.0	0.0	0.0	0.0	0.0083333	0.0304569	0.2390244	0.3719008	0.0888889	0.0486891	0.037037	0.0057471	0.0	0.0	0.0	0.0	0.0	0.0	0.0	0.0	0.0526316	0.05	0.0666667	0.1408451	0.1568627	0.1073826	0.0806452	0.0313901	0.0	0.0	0.0	0.0	0.0	0.0	0.0	0.0	0.0	0.0	0.0	0.0	
House Wren	0.0	0.0	0.0	0.0	0.0	0.0	0.0	0.0	0.0	0.0	0.0	0.0	0.0	0.0253807	0.0585366	0.0909091	0.0722222	0.2247191	0.1962963	0.0632184	0.025	0.0181818	0.0	0.0	0.0384615	0.0666667	0.0	0.0806452	0.0526316	0.075	0.05	0.028169	0.1078431	0.1610738	0.233871	0.1973094	0.048951	0.137931	0.0382166	0.0204082	0.0074627	0.0	0.0	0.0	0.0	0.0	0.0015	0.0215054	
Winter Wren	0.0068966	0.0111111	0.0	0.0	0.0138889	0.0	0.0093023	0.0058824	0.0	0.0	0.0	0.0064935	0.075	0.1928934	0.0682927	0.0702479	0.0055556	0.0	0.0	0.0	0.0	0.0	0.0	0.0	0.0	0.0	0.0	0.0	0.0	0.0	0.0	0.0	0.0	0.0067114	0.016129	0.1165919	0.2237762	0.3390805	0.1401274	0.1683673	0.0597015	0.0136054	0.0438596	0.0090909	0.0	0.0188679	0.0178571	0.0215054	
Marsh Wren	0.0	0.0	0.0	0.0	0.0	0.0	0.0	0.0	0.0	0.0	0.0	0.0	0.0	0.0	0.004878	0.0	0.0	0.0149813	0.0037037	0.0	0.0	0.0	0.0	0.0	0.0	0.0	0.0	0.0	0.0	0.0	0.0	0.0	0.0	0.0067114	0.0	0.0044843	0.0	0.0114943	0.0015	0.005102	0.0	0.0	0.0	0.0	0.0	0.0	0.0	0.0	
Carolina Wren	0.0689655	0.0333333	0.0333333	0.0275229	0.0555556	0.0884956	0.3255814	0.6823529	0.4018692	0.0930233	0.032967	0.1168831	0.0833333	0.1472081	0.1170732	0.177686	0.0666667	0.0411985	0.0518519	0.0172414	0.66	0.4	0.0277778	0.0322581	0.0769231	0.2666667	0.0526316	0.0645161	0.2368421	0.4	0.35	0.4507042	0.4705882	0.3624161	0.4193548	0.3183857	0.3496503	0.2011494	0.1974522	0.1377551	0.2686567	0.3061224	0.1842105	0.2	0.1847826	0.3018868	0.125	0.1935484	
wren sp.	0.0	0.0	0.0	0.0	0.0	0.0	0.0	0.0	0.0	0.0	0.0	0.0	0.0	0.0	0.004878	0.0	0.0	0.0	0.0	0.0	0.0	0.0	0.0	0.0	0.0	0.0	0.0	0.0	0.0	0.0	0.0	0.0	0.0	0.0	0.0	0.0	0.0	0.0	0.0	0.0	0.0	0.0	0.0	0.0	0.0	0.0	0.0	0.0	
European Starling	0.5793103	0.5777778	0.5166667	0.5045872	0.5	0.5309735	0.6093023	0.8411765	0.6635514	0.4883721	0.4725275	0.6493506	0.7	0.7309645	0.7560976	0.8264463	0.8333333	0.7827715	0.8148148	0.8275862	0.945	0.8727273	0.8333333	0.8064516	0.6923077	0.6	0.6315789	0.7258065	0.7368421	0.75	0.6333333	0.5774648	0.627451	0.6241611	0.6774194	0.6950673	0.7482517	0.5402299	0.4904459	0.4795918	0.5746269	0.4965986	0.6578947	0.3545455	0.3913043	0.3584906	0.375	0.3870968	
Gray Catbird	0.0068966	0.0222222	0.0166667	0.0091743	0.0	0.0	0.0139535	0.0058824	0.0093458	0.0	0.021978	0.0	0.0083333	0.0015	0.004878	0.1818182	0.3388889	0.7191011	0.8	0.6609195	0.105	0.2545455	0.2777778	0.2580645	0.1538462	0.2666667	0.2631579	0.4193548	0.5263158	0.7	0.6166667	0.5633803	0.627451	0.6107383	0.7016129	0.7533632	0.7132867	0.5632184	0.4267516	0.2295918	0.1716418	0.1156463	0.0614035	0.1363636	0.0543478	0.0377358	0.0625	0.0215054	
Brown Thrasher	0.0206897	0.0	0.0	0.0	0.0	0.0088496	0.0093023	0.0117647	0.0093458	0.0232558	0.010989	0.0649351	0.1	0.0964467	0.102439	0.053719	0.0333333	0.0149813	0.0185185	0.0402299	0.015	0.0	0.0	0.0	0.0	0.0	0.0	0.0	0.0	0.0	0.0	0.0140845	0.0196078	0.0805369	0.4193548	0.4125561	0.3496503	0.2471264	0.0573248	0.0255102	0.0149254	0.0136054	0.0263158	0.0181818	0.0217391	0.0377358	0.0357143	0.0107527	
Northern Mockingbird	0.1724138	0.2222222	0.1333333	0.1743119	0.1805556	0.159292	0.4046512	0.7	0.4392523	0.0930233	0.1098901	0.1493506	0.1583333	0.213198	0.1073171	0.1239669	0.1222222	0.1086142	0.0777778	0.0574713	0.79	0.5272727	0.1388889	0.1612903	0.1153846	0.1333333	0.1052632	0.0806452	0.1315789	0.125	0.1333333	0.1830986	0.1862745	0.147651	0.0725806	0.1300448	0.1608392	0.1091954	0.1656051	0.127551	0.2761194	0.3333333	0.2894737	0.0727273	0.1086957	0.0943396	0.0982143	0.0967742	
Eastern Bluebird	0.0	0.0	0.0	0.0	0.0	0.0	0.0	0.0	0.0	0.0	0.0	0.0	0.0	0.0050761	0.0	0.0082645	0.0	0.0037453	0.0	0.0	0.0	0.0	0.0	0.0	0.0	0.0	0.0	0.0	0.0	0.0	0.0	0.0	0.0	0.0	0.0	0.0	0.0	0.0057471	0.0	0.005102	0.0223881	0.0068027	0.0015	0.0	0.0	0.0	0.0	0.0	
Varied Thrush	0.0	0.0	0.0	0.0	0.0	0.0	0.0	0.0	0.0	0.0	0.0	0.0	0.0	0.0	0.0	0.0	0.0	0.0	0.0	0.0	0.0	0.0	0.0	0.0	0.0	0.0	0.0	0.0	0.0	0.0	0.0	0.0	0.0	0.0	0.0	0.0	0.0	0.0	0.0	0.0	0.0	0.0	0.0	0.0	0.0	0.0	0.2232143	0.0	
Veery	0.0	0.0	0.0	0.0	0.0	0.0	0.0	0.0	0.0	0.0	0.0	0.0	0.0	0.0	0.0	0.0123967	0.0333333	0.3970037	0.3185185	0.0747126	0.0015	0.0	0.0	0.0	0.0	0.0	0.0	0.0	0.0	0.0	0.0166667	0.1408451	0.4803922	0.3355705	0.1451613	0.0896861	0.013986	0.0	0.0	0.0	0.0	0.0	0.0	0.0	0.0	0.0	0.0	0.0	
Gray-cheeked Thrush	0.0	0.0	0.0	0.0	0.0	0.0	0.0	0.0	0.0	0.0	0.0	0.0	0.0	0.0	0.0	0.0	0.0	0.0337079	0.1259259	0.0747126	0.0	0.0	0.0	0.0	0.0	0.0	0.0	0.0	0.0	0.0	0.0	0.0	0.0	0.0268456	0.0403226	0.1704036	0.1048951	0.045977	0.0318471	0.0	0.0	0.0	0.0	0.0	0.0	0.0	0.0	0.0	
Gray-cheeked/Bicknell's Thrush	0.0	0.0	0.0	0.0	0.0	0.0	0.0	0.0	0.0	0.0	0.0	0.0	0.0	0.0	0.0	0.0	0.0	0.0	0.0148148	0.0057471	0.0	0.0	0.0	0.0	0.0	0.0	0.0	0.0	0.0	0.0	0.0	0.0	0.0	0.0	0.0	0.0	0.0	0.0	0.0	0.0	0.0	0.0	0.0	0.0	0.0	0.0	0.0	0.0	
Swainson's Thrush	0.0	0.0	0.0	0.0	0.0	0.0	0.0	0.0	0.0	0.0	0.0	0.0	0.0	0.0	0.0	0.0	0.0055556	0.411985	0.5333333	0.2528736	0.02	0.0	0.0	0.0	0.0	0.0	0.0	0.0	0.0	0.0	0.0	0.0140845	0.2352941	0.2751678	0.3629032	0.4887892	0.3216783	0.1321839	0.0254777	0.0	0.0	0.0	0.0	0.0	0.0	0.0	0.0	0.0	
Hermit Thrush	0.0551724	0.0333333	0.0333333	0.0	0.0416667	0.0265487	0.0093023	0.0176471	0.0	0.0116279	0.021978	0.0194805	0.1166667	0.5685279	0.4926829	0.4380165	0.0555556	0.2546816	0.0814815	0.0114943	0.0	0.0	0.0	0.0	0.0	0.0	0.0	0.0	0.0	0.0	0.0	0.0	0.0	0.0067114	0.016129	0.0538117	0.2167832	0.4827586	0.5159236	0.5918367	0.5298507	0.3945578	0.3947368	0.2545455	0.2391304	0.2075472	0.2142857	0.1075269	
Catharus sp.	0.0	0.0	0.0	0.0	0.0	0.0	0.0	0.0	0.0	0.0	0.0	0.0	0.0	0.0	0.004878	0.0041322	0.0055556	0.0224719	0.0333333	0.0172414	0.005	0.0	0.0	0.0	0.0	0.0	0.0	0.0	0.0	0.0	0.0166667	0.028169	0.0294118	0.0604027	0.016129	0.0627803	0.020979	0.0057471	0.0127389	0.0102041	0.0	0.0	0.0	0.0	0.0	0.0	0.0	0.0	
Wood Thrush	0.0	0.0	0.0	0.0	0.0	0.0	0.0	0.0	0.0	0.0	0.0	0.0	0.0	0.0	0.0	0.0165289	0.0388889	0.2734082	0.3925926	0.2988506	0.055	0.1454545	0.0	0.0015	0.0384615	0.0	0.0015	0.0	0.0263158	0.0	0.0166667	0.0140845	0.1078431	0.0604027	0.0725806	0.1210762	0.2097902	0.0574713	0.0382166	0.0	0.0	0.0	0.0	0.0	0.0	0.0	0.0	0.0	
American Robin	0.5172414	0.5444444	0.5333333	0.5045872	0.5	0.3539823	0.5953488	0.7470588	0.588785	0.4534884	0.5494505	0.6298701	0.775	0.8172589	0.8439024	0.8801653	0.8111111	0.7865169	0.837037	0.8103448	0.955	0.8545455	0.75	0.7741935	0.6923077	0.4666667	0.7894737	0.6935484	0.8684211	0.875	0.8666667	0.7323944	0.7352941	0.6778523	0.8225806	0.7757848	0.8041958	0.6321839	0.6496815	0.5867347	0.6343284	0.5238095	0.5	0.2727273	0.2826087	0.2264151	0.3303571	0.3333333	
thrush sp.	0.0	0.0	0.0	0.0	0.0	0.0	0.0	0.0	0.0	0.0	0.0	0.0	0.0	0.0	0.0	0.0	0.0	0.0037453	0.0037037	0.0	0.0	0.0	0.0	0.0	0.0	0.0	0.0	0.0	0.0	0.0	0.0	0.0	0.0	0.0067114	0.0	0.0	0.0	0.0057471	0.0	0.0	0.0	0.0	0.0	0.0	0.0	0.0	0.0	0.0	
Cedar Waxwing	0.0137931	0.0111111	0.0166667	0.0	0.0	0.0	0.0186047	0.0	0.0	0.0	0.0	0.0	0.0	0.0050761	0.004878	0.0	0.0111111	0.0224719	0.1518519	0.408046	0.075	0.2727273	0.2222222	0.2580645	0.1153846	0.0666667	0.1578947	0.0322581	0.0263158	0.1	0.0833333	0.0704225	0.2745098	0.2818792	0.3467742	0.2242152	0.1678322	0.1494253	0.0955414	0.0663265	0.0373134	0.0136054	0.245614	0.0454545	0.076087	0.0	0.0178571	0.0107527	
House Sparrow	0.6689655	0.7555556	0.75	0.6972477	0.6388889	0.6814159	0.744186	0.8823529	0.8317757	0.6976744	0.8131868	0.7727273	0.7416667	0.857868	0.7902439	0.8760331	0.9055556	0.8426966	0.8666667	0.8965517	0.955	0.9272727	0.8333333	0.9032258	0.8076923	0.6	0.7368421	0.6774194	0.6842105	0.925	0.7	0.8309859	0.6568627	0.7114094	0.8467742	0.8071749	0.8461538	0.7643678	0.7452229	0.7857143	0.8134328	0.8095238	0.7719298	0.6818182	0.6847826	0.7735849	0.6339286	0.688172	
American Pipit	0.0413793	0.0	0.0	0.0091743	0.0	0.0	0.0	0.0	0.0	0.0	0.0	0.0	0.0	0.0	0.0	0.0	0.0	0.0	0.0	0.0	0.0	0.0	0.0	0.0	0.0	0.0	0.0	0.0	0.0	0.0	0.0	0.0	0.0	0.0	0.0	0.0	0.0	0.0	0.0	0.005102	0.0074627	0.0	0.0438596	0.0	0.0	0.0	0.0089286	0.0	
House Finch	0.3310345	0.3777778	0.5	0.4311927	0.4166667	0.4159292	0.5023256	0.7764706	0.6074766	0.3139535	0.3406593	0.3376623	0.225	0.2030457	0.1804878	0.1942149	0.1388889	0.1310861	0.137037	0.2356322	0.825	0.5090909	0.1666667	0.2580645	0.1538462	0.1333333	0.2105263	0.1451613	0.2894737	0.125	0.1666667	0.2394366	0.245098	0.2013423	0.1693548	0.1928251	0.2237762	0.091954	0.1146497	0.1071429	0.2761194	0.3809524	0.3684211	0.2272727	0.25	0.245283	0.2053571	0.2795699	
Purple Finch	0.0	0.0	0.0	0.0	0.0	0.0	0.0046512	0.0117647	0.0	0.0	0.0	0.0	0.0	0.0	0.0	0.0289256	0.0015	0.0149813	0.0	0.0	0.0	0.0	0.0	0.0	0.0	0.0	0.0	0.0	0.0	0.0	0.0	0.0	0.0	0.0	0.016129	0.0089686	0.0	0.0	0.0127389	0.005102	0.0	0.0	0.0964912	0.0	0.0	0.0	0.0	0.0	
Common Redpoll	0.1034483	0.0	0.0166667	0.0275229	0.0277778	0.0265487	0.0372093	0.0058824	0.0	0.0	0.0	0.0	0.0	0.0	0.0	0.0	0.0	0.0	0.0	0.0	0.0	0.0	0.0	0.0	0.0	0.0	0.0	0.0	0.0	0.0	0.0	0.0	0.0	0.0	0.0	0.0	0.0	0.0	0.0	0.0	0.0	0.0	0.0	0.0	0.0	0.0	0.0	0.0	
White-winged Crossbill	0.0068966	0.0111111	0.0	0.0015	0.0	0.0088496	0.0	0.0	0.0	0.0	0.0	0.0	0.0	0.0	0.0	0.0	0.0	0.0	0.0	0.0	0.0	0.0	0.0	0.0	0.0	0.0	0.0	0.0	0.0	0.0	0.0	0.0	0.0	0.0	0.0	0.0	0.0	0.0	0.0	0.0	0.0	0.0	0.0	0.0	0.0	0.0	0.0	0.0	
European Goldfinch	0.0137931	0.0	0.0	0.0091743	0.0	0.0442478	0.0604651	0.0235294	0.046729	0.0465116	0.043956	0.0909091	0.025	0.0	0.0	0.0	0.0	0.0	0.0	0.0	0.0	0.0	0.0	0.0	0.0	0.0	0.0	0.0	0.0	0.0	0.0	0.0	0.0	0.0	0.0	0.0	0.0	0.0	0.0	0.0	0.0	0.0	0.0	0.0	0.0	0.0	0.0	0.0	
Pine Siskin	0.0137931	0.0222222	0.0	0.0	0.0	0.0088496	0.0	0.0117647	0.0	0.0	0.010989	0.0	0.0	0.0558376	0.0341463	0.0495868	0.0	0.0187266	0.0111111	0.0	0.0	0.0	0.0	0.0	0.0	0.0	0.0	0.0	0.0	0.0	0.0	0.0	0.0	0.0	0.0	0.0	0.0	0.0	0.0	0.0	0.0	0.0	0.0	0.0	0.0	0.0	0.0	0.0	
American Goldfinch	0.3103448	0.3555556	0.3666667	0.3577982	0.375	0.3628319	0.4790698	0.7529412	0.5607477	0.2906977	0.2857143	0.3896104	0.3166667	0.3401015	0.395122	0.5454545	0.4611111	0.3632959	0.1925926	0.091954	0.57	0.0909091	0.0	0.0	0.0	0.0	0.0	0.016129	0.0	0.05	0.0666667	0.1408451	0.2156863	0.1812081	0.1854839	0.1748879	0.0699301	0.1091954	0.0764331	0.0255102	0.0298507	0.0884354	0.3596491	0.2272727	0.2391304	0.2264151	0.1339286	0.2043011	
Snow Bunting	0.0275862	0.0	0.0	0.0	0.0	0.0	0.0	0.0	0.0	0.0	0.0	0.0	0.0	0.0	0.0	0.0	0.0	0.0	0.0	0.0	0.0	0.0	0.0	0.0	0.0	0.0	0.0	0.0	0.0	0.0	0.0	0.0	0.0	0.0	0.0	0.0	0.0	0.0	0.0	0.0	0.0	0.0	0.0	0.0	0.0	0.0	0.0089286	0.0107527	
Grasshopper Sparrow	0.0	0.0	0.0	0.0	0.0	0.0	0.0	0.0	0.0	0.0	0.0	0.0	0.0	0.0	0.0	0.0	0.0	0.0037453	0.0	0.0	0.0	0.0	0.0	0.0	0.0	0.0	0.0	0.0	0.0	0.0	0.0	0.0	0.0	0.0	0.0	0.0	0.034965	0.0	0.0	0.0	0.0	0.0	0.0	0.0	0.0	0.0	0.0	0.0	
Chipping Sparrow	0.0	0.0	0.0	0.0	0.0	0.0	0.0	0.0	0.0	0.0	0.0	0.0	0.0166667	0.4162437	0.5170732	0.5	0.1888889	0.1872659	0.0703704	0.0057471	0.01	0.0	0.0277778	0.0322581	0.0384615	0.0666667	0.0	0.0	0.0	0.025	0.0166667	0.0140845	0.0392157	0.0201342	0.016129	0.0313901	0.1048951	0.3678161	0.2611465	0.1683673	0.1119403	0.0408163	0.0350877	0.0272727	0.0869565	0.1320755	0.0535714	0.0215054	
Clay-colored Sparrow	0.0	0.0	0.0	0.0	0.0	0.0	0.0	0.0	0.0	0.0	0.0	0.0	0.0	0.0	0.0	0.0	0.0	0.0	0.0	0.0	0.0	0.0	0.0	0.0	0.0	0.0	0.0	0.0	0.0	0.0	0.0	0.0	0.0	0.0	0.0	0.0	0.0	0.0	0.0127389	0.0	0.0	0.0	0.0	0.0	0.0	0.0	0.0	0.0	
Field Sparrow	0.0	0.0111111	0.0	0.0	0.0	0.0	0.0	0.0	0.0	0.0116279	0.010989	0.0	0.0333333	0.1522843	0.1560976	0.1033058	0.0388889	0.0411985	0.0037037	0.0	0.0	0.0	0.0	0.0	0.0	0.0	0.0	0.0	0.0	0.0	0.0	0.0	0.0196078	0.0	0.016129	0.0089686	0.0909091	0.1666667	0.1273885	0.0765306	0.0522388	0.0068027	0.0087719	0.0	0.0217391	0.0	0.0	0.0	
Lark Sparrow	0.0	0.0	0.0	0.0	0.0	0.0	0.0	0.0	0.0	0.0	0.0	0.0	0.0	0.0	0.0	0.0	0.0	0.0	0.0	0.0	0.0	0.0	0.0	0.0	0.0	0.0	0.0	0.0	0.0	0.0	0.0	0.0	0.0	0.0	0.0	0.0	0.0	0.0747126	0.0	0.0	0.0	0.0	0.0	0.0	0.0	0.0	0.0	0.0	
American Tree Sparrow	0.1448276	0.0333333	0.0166667	0.0	0.0277778	0.0088496	0.0139535	0.0	0.0	0.0	0.010989	0.0064935	0.0	0.0101523	0.004878	0.0	0.0	0.0	0.0	0.0	0.0	0.0	0.0	0.0	0.0	0.0	0.0	0.0	0.0	0.0	0.0	0.0	0.0	0.0	0.0	0.0	0.0	0.0	0.0	0.0	0.0	0.0	0.0263158	0.0272727	0.0108696	0.0188679	0.0015	0.0107527	
Fox Sparrow	0.1241379	0.0111111	0.0166667	0.0	0.0138889	0.0	0.0093023	0.0	0.0015	0.0813953	0.1538462	0.2077922	0.225	0.1624365	0.0536585	0.0371901	0.0	0.0	0.0	0.0	0.0	0.0	0.0	0.0	0.0	0.0	0.0	0.0	0.0	0.0	0.0	0.0	0.0	0.0	0.0	0.0	0.0	0.0	0.0	0.0306122	0.0373134	0.0612245	0.122807	0.2454545	0.1521739	0.1320755	0.0892857	0.1827957	
Dark-eyed Junco	0.2482759	0.2444444	0.1833333	0.1926606	0.2638889	0.3539823	0.4325581	0.7352941	0.4672897	0.3372093	0.3406593	0.461039	0.45	0.6395939	0.4146341	0.1735537	0.0166667	0.0149813	0.0111111	0.0	0.0	0.0	0.0	0.0	0.0	0.0	0.0	0.0	0.0	0.0	0.0	0.0	0.0	0.0	0.0015	0.0762332	0.1328671	0.408046	0.2929936	0.3316327	0.5373134	0.4897959	0.5087719	0.2545455	0.326087	0.1886792	0.4464286	0.2258065	
White-crowned Sparrow	0.0	0.0	0.0	0.0	0.0	0.0	0.0	0.0	0.0	0.0	0.0	0.0	0.0	0.0	0.0	0.0	0.0055556	0.1011236	0.1444444	0.0	0.0	0.0	0.0	0.0	0.0	0.0	0.0	0.0	0.0	0.0	0.0	0.0	0.0	0.0	0.0	0.0044843	0.020979	0.0862069	0.0063694	0.0459184	0.0074627	0.0204082	0.0175439	0.0181818	0.0	0.0	0.0	0.0	
White-throated Sparrow	0.6206897	0.6555556	0.7	0.5779817	0.6388889	0.6460177	0.6093023	0.8352941	0.7102804	0.5813953	0.6593407	0.6233766	0.6666667	0.7715736	0.8	0.8553719	0.7055556	0.6292135	0.5703704	0.1724138	0.0	0.0	0.0555556	0.0	0.0769231	0.0	0.0	0.016129	0.0015	0.075	0.0666667	0.056338	0.0882353	0.0402685	0.1774194	0.529148	0.7062937	0.7758621	0.7388535	0.755102	0.6567164	0.5306122	0.5438596	0.6272727	0.6413043	0.6415094	0.7321429	0.655914	
Vesper Sparrow	0.0	0.0	0.0	0.0	0.0	0.0	0.0	0.0	0.0	0.0	0.0	0.0	0.0	0.0	0.0341463	0.0	0.0	0.0	0.0	0.0	0.0	0.0	0.0	0.0	0.0	0.0	0.0	0.0	0.0	0.0	0.0	0.0	0.0	0.0	0.0	0.0	0.0	0.0344828	0.0127389	0.005102	0.0	0.0	0.0	0.0	0.0	0.0	0.0	0.0	
Nelson's Sparrow	0.0	0.0	0.0	0.0	0.0	0.0	0.0	0.0	0.0	0.0	0.0	0.0	0.0	0.0	0.0	0.0	0.0	0.0	0.0	0.0	0.0	0.0	0.0	0.0	0.0	0.0	0.0	0.0	0.0	0.0	0.0	0.0	0.0	0.0	0.0	0.0	0.0	0.0	0.0	0.0204082	0.0074627	0.0068027	0.0	0.0	0.0	0.0	0.0	0.0	
Saltmarsh Sparrow	0.0	0.0	0.0	0.0	0.0	0.0	0.0	0.0	0.0	0.0	0.0	0.0	0.0	0.0	0.0	0.0	0.0	0.0	0.0	0.0	0.0	0.0	0.0	0.0	0.0	0.0	0.0	0.0	0.0	0.0	0.0	0.0	0.0	0.0	0.0	0.0089686	0.0	0.0	0.0	0.0102041	0.0074627	0.0	0.0	0.0	0.0	0.0	0.0	0.0	
Nelson's/Saltmarsh Sparrow (Sharp-tailed Sparrow)	0.0	0.0	0.0	0.0	0.0	0.0	0.0	0.0	0.0	0.0	0.0	0.0	0.0	0.0	0.0	0.0	0.0	0.0	0.0	0.0	0.0	0.0	0.0	0.0	0.0	0.0	0.0	0.0	0.0	0.0	0.0	0.0	0.0	0.0	0.0	0.0	0.0	0.0	0.0	0.005102	0.0	0.0	0.0	0.0	0.0	0.0	0.0	0.0	
Ammospiza sp.	0.0	0.0	0.0	0.0	0.0	0.0	0.0	0.0	0.0	0.0	0.0	0.0	0.0	0.0	0.0	0.0	0.0	0.0	0.0	0.0	0.0	0.0	0.0	0.0	0.0	0.0	0.0	0.0	0.0	0.0	0.0	0.0	0.0	0.0	0.0	0.0	0.0	0.0	0.0063694	0.0	0.0074627	0.0	0.0	0.0	0.0	0.0	0.0	0.0	
Savannah Sparrow	0.0	0.0	0.0	0.0091743	0.0	0.0	0.0046512	0.0	0.0	0.0	0.0	0.0015	0.0083333	0.0507614	0.0878049	0.0454545	0.0222222	0.0262172	0.0481481	0.0	0.0	0.0	0.0	0.0	0.0	0.0	0.0	0.0	0.0	0.0	0.0	0.0	0.0098039	0.0201342	0.0	0.0313901	0.013986	0.0632184	0.0955414	0.0306122	0.0223881	0.0340136	0.0	0.0090909	0.0	0.0	0.0	0.0	
Song Sparrow	0.1517241	0.1111111	0.1166667	0.1376147	0.1944444	0.1858407	0.3860465	0.6941176	0.4205607	0.244186	0.3846154	0.5194805	0.475	0.7055838	0.5268293	0.4090909	0.3388889	0.2434457	0.2740741	0.1609195	0.465	0.0727273	0.1111111	0.0322581	0.1538462	0.1333333	0.0526316	0.2096774	0.0263158	0.125	0.15	0.1549296	0.1764706	0.1006711	0.1774194	0.2825112	0.4055944	0.637931	0.4904459	0.4693878	0.4253731	0.2721088	0.3508772	0.2363636	0.2282609	0.1886792	0.2410714	0.1935484	
Lincoln's Sparrow	0.0	0.0	0.0	0.0	0.0	0.0	0.0	0.0	0.0	0.0	0.0	0.0	0.0	0.0	0.0	0.0	0.0	0.0374532	0.1296296	0.0172414	0.0	0.0	0.0	0.0	0.0	0.0	0.0	0.0	0.0	0.0	0.0	0.0	0.0015	0.0067114	0.0015	0.0852018	0.0979021	0.0747126	0.0127389	0.0459184	0.0074627	0.0068027	0.0	0.0363636	0.0108696	0.0015	0.0	0.0	
Swamp Sparrow	0.0689655	0.0666667	0.0166667	0.0	0.0	0.0088496	0.0	0.0	0.0	0.0116279	0.010989	0.038961	0.1	0.3299492	0.3853659	0.3305785	0.0555556	0.17603	0.2333333	0.0402299	0.0	0.0	0.0	0.0	0.0	0.0	0.0	0.0	0.0263158	0.0	0.0	0.0	0.0	0.0	0.0	0.1165919	0.2167832	0.3448276	0.2484076	0.2397959	0.141791	0.0952381	0.0877193	0.1	0.0869565	0.0754717	0.0535714	0.0322581	
Eastern Towhee	0.0482759	0.0111111	0.0333333	0.0091743	0.0	0.0265487	0.0093023	0.0058824	0.0	0.0116279	0.021978	0.0064935	0.0333333	0.3654822	0.4878049	0.5702479	0.2055556	0.1835206	0.1037037	0.0172414	0.005	0.0181818	0.0	0.0015	0.0	0.0	0.0015	0.0	0.0263158	0.025	0.0166667	0.0140845	0.0	0.0067114	0.0080645	0.1524664	0.3006993	0.3678161	0.2929936	0.1887755	0.0820896	0.047619	0.0350877	0.0545455	0.0326087	0.0377358	0.0714286	0.0645161	
sparrow sp.	0.0	0.0	0.0	0.0	0.0	0.0	0.0093023	0.0	0.0	0.0	0.0	0.0	0.0083333	0.0101523	0.004878	0.0	0.0	0.011236	0.0	0.0	0.0	0.0	0.0	0.0	0.0	0.0	0.0	0.0	0.0263158	0.0	0.0	0.0140845	0.0	0.0134228	0.0	0.0	0.006993	0.0287356	0.0318471	0.005102	0.0149254	0.0136054	0.0175439	0.0181818	0.0108696	0.0	0.0089286	0.0215054	
Yellow-breasted Chat	0.0	0.0	0.0	0.0	0.0	0.0	0.0	0.0	0.0	0.0	0.0	0.0	0.0	0.0	0.0	0.0	0.0	0.0037453	0.0	0.0	0.0	0.0	0.0	0.0	0.0	0.0	0.0	0.0	0.0	0.0	0.0	0.0	0.0	0.1275168	0.0	0.0	0.006993	0.0	0.0	0.005102	0.0	0.0	0.0	0.0	0.0	0.0	0.0	0.0	
Bobolink	0.0	0.0	0.0	0.0	0.0	0.0	0.0	0.0	0.0	0.0	0.0	0.0	0.0	0.0	0.0	0.0	0.0	0.0	0.0	0.0	0.0	0.0	0.0	0.0	0.0	0.0	0.0	0.0	0.0	0.0	0.0333333	0.0	0.0098039	0.0134228	0.0	0.0	0.0	0.0	0.0	0.0	0.0	0.0	0.0	0.0	0.0	0.0	0.0	0.0	
Eastern Meadowlark	0.0	0.0	0.0	0.0	0.0	0.0	0.0	0.0	0.0	0.0	0.0	0.0	0.0	0.0	0.0	0.0	0.0	0.0	0.0	0.0	0.0	0.0	0.0	0.0	0.0	0.0	0.0	0.0	0.0	0.0	0.0	0.0	0.0	0.0	0.0	0.0	0.0	0.0	0.0063694	0.0153061	0.0	0.0	0.0	0.0	0.0	0.0	0.0	0.0	
Orchard Oriole	0.0	0.0	0.0	0.0	0.0	0.0	0.0	0.0	0.0	0.0	0.0	0.0	0.0	0.0	0.0	0.0123967	0.0444444	0.0299625	0.0222222	0.0057471	0.005	0.0181818	0.0	0.0015	0.0	0.0	0.0	0.0	0.0	0.025	0.0	0.028169	0.0	0.0	0.0	0.0	0.0	0.0	0.0	0.0	0.0	0.0	0.0	0.0	0.0	0.0	0.0	0.0	
Baltimore Oriole	0.0206897	0.0015	0.0166667	0.0458716	0.0416667	0.0176991	0.0	0.0	0.0	0.0	0.0	0.0194805	0.0	0.0050761	0.004878	0.1115702	0.1944444	0.5730337	0.6296296	0.5344828	0.125	0.2	0.4166667	0.0967742	0.0384615	0.0666667	0.0	0.0645161	0.0263158	0.2	0.15	0.2676056	0.3039216	0.0939597	0.0322581	0.0089686	0.013986	0.0	0.0191083	0.0	0.0	0.0	0.0	0.0545455	0.1195652	0.1132075	0.0535714	0.1290323	
new world oriole sp.	0.0	0.0	0.0	0.0	0.0	0.0	0.0	0.0	0.0	0.0	0.0	0.0	0.0	0.0	0.0	0.0	0.0	0.0	0.0	0.0	0.0	0.0	0.0	0.0	0.0	0.0	0.0	0.0	0.0	0.0	0.0	0.0140845	0.0	0.0	0.0	0.0	0.0	0.0	0.0	0.0	0.0	0.0	0.0	0.0	0.0	0.0	0.0	0.0	
Red-winged Blackbird	0.1103448	0.0	0.0166667	0.0	0.0	0.0707965	0.0697674	0.0294118	0.0747664	0.2093023	0.0879121	0.2207792	0.25	0.3654822	0.4731707	0.5785124	0.5	0.4194757	0.3666667	0.3735632	0.065	0.2909091	0.3333333	0.3870968	0.3461538	0.0	0.1052632	0.1129032	0.0263158	0.125	0.0666667	0.028169	0.0588235	0.0268456	0.0241935	0.0179372	0.006993	0.0172414	0.0573248	0.0612245	0.0597015	0.0136054	0.1403509	0.0545455	0.0434783	0.0188679	0.0714286	0.0215054	
Brown-headed Cowbird	0.0	0.0111111	0.0	0.0	0.0	0.0	0.0046512	0.0	0.0	0.0232558	0.010989	0.0324675	0.0583333	0.1878173	0.2585366	0.3305785	0.3722222	0.2434457	0.1851852	0.2011494	0.025	0.0545455	0.0555556	0.0967742	0.0384615	0.0	0.0	0.0322581	0.0263158	0.0	0.0333333	0.056338	0.0490196	0.0201342	0.0403226	0.0493274	0.027972	0.045977	0.044586	0.0765306	0.0373134	0.0204082	0.0350877	0.0090909	0.0108696	0.0566038	0.0892857	0.1075269	
Rusty Blackbird	0.0137931	0.0111111	0.0	0.0091743	0.0138889	0.0	0.0	0.0	0.0280374	0.0	0.0	0.0194805	0.0083333	0.0609137	0.0292683	0.0041322	0.0111111	0.0	0.0	0.0	0.0	0.0	0.0	0.0	0.0	0.0	0.0	0.0	0.0	0.0	0.0	0.0	0.0	0.0	0.0	0.0	0.0	0.0	0.0	0.005102	0.0074627	0.0136054	0.1052632	0.0272727	0.0	0.0	0.0089286	0.0	
Common Grackle	0.2275862	0.2111111	0.15	0.2477064	0.2777778	0.2389381	0.144186	0.1058824	0.1775701	0.4418605	0.4065934	0.5	0.55	0.5532995	0.6097561	0.7438017	0.75	0.6853933	0.6814815	0.683908	0.145	0.4	0.6111111	0.5483871	0.6538462	0.2	0.4736842	0.4193548	0.4210526	0.7	0.5	0.5633803	0.4901961	0.4832215	0.5322581	0.5515695	0.4825175	0.3735632	0.4140127	0.3469388	0.2835821	0.0884354	0.3596491	0.1727273	0.1847826	0.0566038	0.2053571	0.1182796	
Boat-tailed Grackle	0.0	0.0	0.0	0.0	0.0	0.0	0.0	0.0	0.0	0.0	0.0	0.0	0.0	0.0050761	0.0	0.0	0.0	0.0	0.0	0.0	0.0	0.0	0.0	0.0	0.0	0.0	0.0	0.0	0.0	0.0	0.0	0.0	0.0	0.0	0.0	0.0	0.0	0.0	0.0	0.0	0.0	0.0	0.0	0.0	0.0	0.0	0.0	0.0	
blackbird sp.	0.0	0.0	0.0	0.0	0.0	0.0	0.0	0.0	0.0	0.0	0.0	0.0	0.0	0.0	0.0	0.0	0.0	0.0	0.0	0.0	0.0	0.0	0.0	0.0	0.0	0.0	0.0	0.0	0.0	0.0	0.0	0.0	0.0	0.0	0.0	0.0	0.0	0.0	0.0063694	0.0	0.0	0.0	0.0	0.0	0.0	0.0188679	0.0	0.0	
Ovenbird	0.0137931	0.0015	0.0	0.0015	0.0	0.0	0.0093023	0.0058824	0.0	0.0	0.010989	0.0	0.0	0.0	0.0097561	0.1487603	0.0944444	0.5617978	0.5592593	0.1034483	0.0	0.0	0.0277778	0.0	0.0	0.0	0.0015	0.0	0.0	0.0015	0.1166667	0.1126761	0.1568627	0.1543624	0.2983871	0.3363229	0.3426573	0.1609195	0.1019108	0.0510204	0.0223881	0.0068027	0.0087719	0.0454545	0.0543478	0.0377358	0.0267857	0.0	
Worm-eating Warbler	0.0	0.0	0.0	0.0	0.0	0.0	0.0	0.0	0.0	0.0	0.0	0.0	0.0	0.0	0.0	0.0413223	0.0555556	0.1460674	0.0592593	0.0	0.0	0.0	0.0	0.0	0.0	0.0	0.0	0.0	0.0	0.0	0.0166667	0.0704225	0.0490196	0.0	0.0645161	0.0044843	0.0	0.0	0.0	0.0	0.0	0.0	0.0	0.0	0.0	0.0	0.0	0.0	
Louisiana Waterthrush	0.0	0.0	0.0	0.0	0.0	0.0	0.0	0.0	0.0	0.0	0.0	0.0	0.0333333	0.1472081	0.0439024	0.0826446	0.0055556	0.0599251	0.0148148	0.0	0.0	0.0	0.0	0.0	0.0	0.0	0.0	0.0322581	0.0263158	0.15	0.0666667	0.0140845	0.0	0.0	0.0	0.0	0.0	0.0	0.0	0.0	0.0	0.0	0.0	0.0	0.0	0.0	0.0	0.0	
Northern Waterthrush	0.0	0.0	0.0	0.0	0.0	0.0	0.0	0.0	0.0	0.0	0.0	0.0	0.0	0.0	0.0682927	0.2438017	0.0944444	0.411985	0.4740741	0.091954	0.0	0.0	0.0	0.0	0.0	0.0	0.0	0.0483871	0.3157895	0.55	0.35	0.2816901	0.2058824	0.147651	0.1532258	0.0672646	0.1048951	0.0287356	0.0063694	0.0153061	0.0223881	0.0	0.0	0.0	0.0	0.0	0.0	0.0	
Louisiana/Northern Waterthrush	0.0	0.0	0.0	0.0	0.0	0.0	0.0	0.0	0.0	0.0	0.0	0.0	0.0	0.0	0.004878	0.0041322	0.0	0.0037453	0.0037037	0.0	0.0	0.0	0.0	0.0	0.0	0.0	0.0	0.0	0.0	0.0	0.0	0.0	0.0	0.0	0.0	0.0	0.0	0.0	0.0	0.0	0.0	0.0	0.0	0.0	0.0	0.0	0.0	0.0	
Golden-winged Warbler	0.0	0.0	0.0	0.0	0.0	0.0	0.0	0.0	0.0	0.0	0.0	0.0	0.0	0.0	0.0	0.0	0.0	0.0	0.0	0.0	0.0	0.0	0.0	0.0	0.0	0.0	0.0	0.0	0.0	0.0	0.0	0.028169	0.0	0.0	0.0	0.0	0.0	0.0	0.0	0.0	0.0	0.0	0.0	0.0	0.0	0.0	0.0	0.0	
Blue-winged Warbler	0.0	0.0	0.0	0.0	0.0	0.0	0.0	0.0	0.0	0.0	0.0	0.0	0.0	0.0	0.0097561	0.0454545	0.0055556	0.0973783	0.0111111	0.0	0.0	0.0	0.0	0.0	0.0	0.0	0.0	0.0	0.0	0.15	0.1833333	0.1408451	0.1372549	0.0268456	0.016129	0.0	0.0	0.0	0.0	0.0	0.0	0.0	0.0	0.0	0.0	0.0	0.0	0.0	
Brewster's Warbler (hybrid)	0.0	0.0	0.0	0.0	0.0	0.0	0.0	0.0	0.0	0.0	0.0	0.0	0.0	0.0	0.0	0.0	0.0	0.0	0.0	0.0	0.0	0.0	0.0	0.0	0.0	0.0	0.0	0.0	0.0	0.0	0.0	0.0	0.0196078	0.0	0.0	0.0	0.0	0.0	0.0	0.0	0.0	0.0	0.0	0.0	0.0	0.0	0.0	0.0	
Lawrence's Warbler (hybrid)	0.0	0.0	0.0	0.0	0.0	0.0	0.0	0.0	0.0	0.0	0.0	0.0	0.0	0.0	0.0	0.0	0.0	0.0	0.0	0.0	0.0	0.0	0.0	0.0	0.0	0.0	0.0	0.0	0.0	0.025	0.0	0.0985915	0.0392157	0.0	0.0	0.0	0.0	0.0	0.0	0.0	0.0	0.0	0.0	0.0	0.0	0.0	0.0	0.0	
Black-and-white Warbler	0.0	0.0	0.0	0.0	0.0	0.0	0.0	0.0	0.0	0.0	0.0	0.0	0.0	0.0050761	0.097561	0.5743802	0.3666667	0.5805243	0.5296296	0.1091954	0.0	0.0	0.0	0.0	0.0769231	0.0	0.0	0.016129	0.1052632	0.475	0.45	0.3661972	0.4607843	0.4697987	0.483871	0.470852	0.3846154	0.1206897	0.0063694	0.005102	0.0	0.0068027	0.0	0.0	0.0	0.0	0.0	0.0	
Prothonotary Warbler	0.0	0.0	0.0	0.0	0.0	0.0	0.0	0.0	0.0	0.0	0.0	0.0	0.0	0.0	0.004878	0.0	0.0	0.0449438	0.0	0.0	0.0	0.0	0.0	0.0	0.0	0.0	0.0	0.0	0.0	0.0	0.0	0.0	0.0	0.0	0.0	0.0	0.0	0.0	0.0	0.0	0.0	0.0	0.0	0.0	0.0	0.0	0.0	0.0	
Tennessee Warbler	0.0	0.0	0.0	0.0	0.0	0.0	0.0	0.0	0.0	0.0	0.0	0.0	0.0	0.0	0.0	0.0	0.0	0.0074906	0.1740741	0.0	0.0	0.0	0.0	0.0	0.0	0.0	0.0	0.0	0.0	0.0	0.0166667	0.0140845	0.0196078	0.0402685	0.1290323	0.1076233	0.0699301	0.0287356	0.0063694	0.0	0.0	0.0	0.0	0.0	0.0	0.0	0.0	0.0	
Orange-crowned Warbler	0.0	0.0	0.0	0.0	0.0	0.0	0.0	0.0	0.0	0.0	0.0	0.0	0.0	0.0015	0.0	0.0	0.0	0.0	0.0	0.0	0.0	0.0	0.0	0.0	0.0	0.0	0.0	0.0	0.0	0.0	0.0	0.0	0.0	0.0	0.0080645	0.0	0.0	0.0	0.0	0.0	0.0	0.0	0.0	0.0	0.0	0.0015	0.0	0.0	
Nashville Warbler	0.0	0.0	0.0	0.0	0.0	0.0	0.0	0.0	0.0	0.0	0.0	0.0	0.0	0.0	0.0	0.0371901	0.0444444	0.093633	0.0925926	0.0057471	0.0	0.0	0.0	0.0	0.0	0.0	0.0	0.0	0.0	0.0	0.0166667	0.0	0.0294118	0.033557	0.0483871	0.0672646	0.041958	0.0114943	0.0254777	0.0102041	0.0	0.0068027	0.0	0.0	0.0	0.0	0.0	0.0	
Connecticut Warbler	0.0	0.0	0.0	0.0	0.0	0.0	0.0	0.0	0.0	0.0	0.0	0.0	0.0	0.0	0.0	0.0	0.0	0.0	0.0	0.0	0.0	0.0	0.0	0.0	0.0	0.0	0.0	0.0	0.0	0.0	0.0	0.0	0.0098039	0.0134228	0.0	0.0224215	0.0	0.0	0.0	0.0	0.0	0.0	0.0	0.0	0.0	0.0	0.0	0.0	
Mourning Warbler	0.0	0.0	0.0	0.0	0.0	0.0	0.0	0.0	0.0	0.0	0.0	0.0	0.0	0.0	0.0	0.0	0.0	0.0	0.062963	0.0517241	0.005	0.0	0.0	0.0	0.0	0.0	0.0	0.0	0.0	0.0	0.0015	0.0	0.0196078	0.0067114	0.0	0.0	0.0	0.0057471	0.0	0.0	0.0	0.0	0.0	0.0	0.0	0.0	0.0	0.0	
Connecticut/MacGillivray's/Mourning Warbler	0.0	0.0	0.0	0.0	0.0	0.0	0.0	0.0	0.0	0.0	0.0	0.0	0.0	0.0	0.0	0.0	0.0	0.0	0.0	0.0	0.0	0.0	0.0	0.0	0.0	0.0	0.0	0.0	0.0	0.0	0.0	0.0	0.0	0.0067114	0.0	0.0	0.0	0.0	0.0	0.0	0.0	0.0	0.0	0.0	0.0	0.0	0.0	0.0	
Kentucky Warbler	0.0	0.0	0.0	0.0	0.0	0.0	0.0	0.0	0.0	0.0	0.0	0.0	0.0	0.0	0.0	0.0	0.0	0.0037453	0.0015	0.0	0.0	0.0	0.0	0.0	0.0	0.0	0.0	0.0	0.0	0.0	0.0	0.0	0.0	0.0	0.0	0.0	0.0	0.0	0.0	0.0	0.0	0.0	0.0	0.0	0.0	0.0	0.0	0.0	
Common Yellowthroat	0.0068966	0.0015	0.0166667	0.0	0.0	0.0	0.0	0.0	0.0	0.0	0.0015	0.0	0.0	0.0050761	0.004878	0.0578512	0.0388889	0.6853933	0.7962963	0.3678161	0.005	0.0181818	0.0277778	0.0	0.0	0.0	0.0	0.0	0.0	0.0	0.1	0.2253521	0.3921569	0.4362416	0.6774194	0.573991	0.4965035	0.3390805	0.2292994	0.1377551	0.0970149	0.0408163	0.0350877	0.0818182	0.0543478	0.0377358	0.0	0.0	
Hooded Warbler	0.0	0.0	0.0	0.0	0.0	0.0	0.0	0.0	0.0	0.0	0.0	0.0	0.0	0.0	0.0	0.1363636	0.0944444	0.1086142	0.1111111	0.0114943	0.0	0.0	0.0	0.0	0.0	0.0	0.0	0.0	0.0	0.0	0.0666667	0.0	0.0098039	0.0201342	0.0	0.0179372	0.0	0.0	0.0	0.0	0.0	0.0	0.0	0.0	0.0	0.0	0.0	0.0	
American Redstart	0.0	0.0	0.0	0.0	0.0	0.0	0.0	0.0	0.0	0.0	0.0	0.0	0.0	0.0	0.0487805	0.0867769	0.0444444	0.5917603	0.7555556	0.4425287	0.01	0.0015	0.0277778	0.0	0.0	0.0	0.0	0.0015	0.1315789	0.525	0.3666667	0.4788732	0.6568627	0.6241611	0.6935484	0.5470852	0.3006993	0.1436782	0.0191083	0.0	0.0	0.0	0.0	0.0	0.0	0.0	0.0015	0.0	
Cape May Warbler	0.0	0.0	0.0	0.0	0.0	0.0	0.0	0.0	0.0	0.0	0.0	0.0	0.0	0.0	0.0	0.0	0.0055556	0.1423221	0.2481481	0.0	0.0	0.0	0.0	0.0	0.0	0.0	0.0	0.0	0.0	0.0	0.0	0.0	0.0098039	0.0469799	0.1532258	0.0224215	0.0909091	0.1091954	0.0636943	0.0153061	0.0	0.0	0.0	0.0	0.0	0.0	0.0	0.0	
Cerulean Warbler	0.0	0.0	0.0	0.0	0.0	0.0	0.0	0.0	0.0	0.0	0.0	0.0	0.0	0.0	0.0	0.0	0.0	0.0037453	0.0	0.0	0.0	0.0	0.0	0.0	0.0	0.0	0.0	0.0	0.0	0.0	0.0	0.0	0.0	0.0	0.0	0.0	0.0	0.0	0.0	0.0	0.0	0.0	0.0	0.0	0.0	0.0	0.0	0.0	
Northern Parula	0.0	0.0	0.0	0.0	0.0	0.0	0.0	0.0	0.0	0.0	0.0	0.0	0.0	0.0	0.0097561	0.285124	0.3111111	0.6104869	0.5592593	0.2011494	0.005	0.0	0.0	0.0	0.0384615	0.0	0.0526316	0.016129	0.0	0.0	0.1333333	0.084507	0.1862745	0.2550336	0.3951613	0.4215247	0.3846154	0.1091954	0.0828025	0.005102	0.0	0.0	0.0	0.0	0.0	0.0	0.0	0.0	
Magnolia Warbler	0.0	0.0	0.0	0.0	0.0	0.0	0.0	0.0	0.0	0.0	0.0	0.0	0.0	0.0	0.0	0.0041322	0.0055556	0.5543071	0.7185185	0.4655172	0.045	0.0181818	0.0277778	0.0	0.0	0.0	0.0	0.0	0.0	0.0	0.0666667	0.1690141	0.3529412	0.4362416	0.5564516	0.4932735	0.2587413	0.0862069	0.0318471	0.0	0.0	0.0	0.0	0.0	0.0	0.0	0.0	0.0	
Bay-breasted Warbler	0.0	0.0	0.0	0.0	0.0	0.0	0.0	0.0	0.0	0.0	0.0	0.0	0.0	0.0	0.0	0.0	0.0	0.0861423	0.1851852	0.0057471	0.0	0.0	0.0	0.0	0.0	0.0	0.0	0.0	0.0	0.0	0.0	0.0140845	0.0098039	0.0268456	0.1451613	0.0403587	0.006993	0.0	0.0	0.0	0.0	0.0	0.0	0.0	0.0	0.0	0.0	0.0	
Blackburnian Warbler	0.0	0.0	0.0	0.0	0.0	0.0	0.0	0.0	0.0	0.0	0.0	0.0	0.0	0.0	0.0	0.0041322	0.0166667	0.17603	0.2037037	0.0689655	0.0	0.0	0.0	0.0	0.0	0.0	0.0	0.0	0.0	0.0	0.0666667	0.0985915	0.0588235	0.033557	0.0	0.0224215	0.013986	0.0	0.0	0.0	0.0	0.0	0.0	0.0	0.0	0.0	0.0	0.0	
Yellow Warbler	0.0	0.0	0.0	0.0	0.0	0.0	0.0	0.0	0.0	0.0	0.0	0.0	0.0	0.0	0.0097561	0.2024793	0.2388889	0.3445693	0.3555556	0.2413793	0.005	0.0	0.0555556	0.0	0.0384615	0.0	0.0526316	0.0645161	0.1052632	0.15	0.05	0.0704225	0.0490196	0.0805369	0.0483871	0.0224215	0.006993	0.0	0.0	0.0	0.0	0.0	0.0	0.0	0.0	0.0	0.0	0.0	
Chestnut-sided Warbler	0.0	0.0	0.0	0.0	0.0	0.0	0.0	0.0	0.0	0.0	0.0	0.0	0.0	0.0	0.0	0.0165289	0.0111111	0.2883895	0.4407407	0.1609195	0.005	0.0	0.0	0.0	0.0	0.0	0.0	0.0	0.0	0.05	0.1	0.0985915	0.1666667	0.2214765	0.1774194	0.1704036	0.020979	0.0	0.0	0.0	0.0	0.0	0.0	0.0	0.0	0.0	0.0	0.0	
Blackpoll Warbler	0.0	0.0	0.0	0.0	0.0	0.0	0.0	0.0	0.0	0.0	0.0	0.0	0.0	0.0	0.0	0.0082645	0.0055556	0.4382022	0.5555556	0.3735632	0.01	0.0	0.0	0.0	0.0	0.0	0.0	0.0	0.0	0.0	0.0	0.0140845	0.0490196	0.0939597	0.1774194	0.2421525	0.1818182	0.0402299	0.0573248	0.0	0.0074627	0.0	0.0	0.0	0.0	0.0	0.0	0.0	
Black-throated Blue Warbler	0.0	0.0	0.0	0.0	0.0	0.0	0.0	0.0	0.0	0.0	0.0	0.0	0.0	0.0	0.0	0.1115702	0.0388889	0.6142322	0.6259259	0.1149425	0.0	0.0	0.0	0.0	0.0	0.0	0.0	0.0	0.0	0.0	0.0333333	0.084507	0.245098	0.2013423	0.4032258	0.3811659	0.3146853	0.2701149	0.1464968	0.0408163	0.0	0.0	0.0	0.0	0.0	0.0	0.0	0.0	
Palm Warbler	0.0275862	0.0111111	0.0	0.0	0.0	0.0	0.0	0.0	0.0	0.0	0.0	0.0	0.0	0.4670051	0.3219512	0.5206612	0.2166667	0.0449438	0.0407407	0.0	0.0	0.0	0.0	0.0	0.0	0.0	0.0	0.0	0.0	0.0	0.0	0.0	0.0	0.0671141	0.0483871	0.206278	0.2657343	0.2643678	0.1910828	0.0816327	0.0149254	0.0068027	0.0087719	0.0	0.0	0.0	0.0	0.0	
Pine Warbler	0.0	0.0	0.0	0.0	0.0	0.0	0.0	0.0	0.0	0.0	0.0	0.0	0.05	0.1573604	0.097561	0.1280992	0.0222222	0.0	0.0037037	0.0057471	0.0	0.0181818	0.0	0.0	0.0	0.0	0.0	0.0	0.0	0.0	0.0	0.0	0.0294118	0.0604027	0.0725806	0.0896861	0.0769231	0.1264368	0.0254777	0.005102	0.0074627	0.0	0.0	0.0	0.0	0.0	0.0	0.0	
Yellow-rumped Warbler	0.0068966	0.0	0.0	0.0275229	0.0	0.0	0.0046512	0.0	0.0093458	0.0	0.0	0.0	0.0083333	0.0862944	0.2195122	0.5991736	0.35	0.5393258	0.5592593	0.0287356	0.0	0.0	0.0	0.0	0.0	0.0	0.0	0.0	0.0	0.0	0.0	0.0	0.0	0.0	0.016129	0.0896861	0.3286713	0.4022989	0.3503185	0.3061224	0.2761194	0.2993197	0.245614	0.0181818	0.0108696	0.0188679	0.0178571	0.0	
Yellow-throated Warbler	0.0	0.0	0.0	0.0	0.0	0.0	0.0	0.0	0.0	0.0	0.0	0.0	0.0	0.0	0.0	0.0041322	0.0	0.0037453	0.0074074	0.0	0.0	0.0	0.0	0.0	0.0	0.0	0.0	0.0	0.0	0.0	0.0	0.0	0.0	0.0	0.0	0.0	0.0	0.0	0.0	0.0	0.0	0.0	0.0	0.0	0.0	0.0	0.0	0.0	
Prairie Warbler	0.0	0.0	0.0	0.0	0.0	0.0	0.0	0.0	0.0	0.0	0.0	0.0	0.0	0.0	0.004878	0.1363636	0.1333333	0.0861423	0.0740741	0.0	0.0	0.0	0.0	0.0	0.0	0.0	0.0	0.0	0.0	0.0	0.0166667	0.0	0.0196078	0.0201342	0.016129	0.0313901	0.020979	0.0057471	0.0	0.0	0.0	0.0	0.0	0.0	0.0	0.0	0.0	0.0	
Black-throated Green Warbler	0.0	0.0	0.0	0.0	0.0	0.0	0.0	0.0	0.0	0.0	0.0	0.0	0.0	0.0	0.004878	0.1115702	0.0055556	0.423221	0.3518519	0.0632184	0.0	0.0	0.0	0.0	0.0	0.0	0.0	0.0	0.0	0.0	0.0166667	0.0422535	0.1470588	0.1744966	0.1935484	0.1973094	0.1048951	0.0172414	0.044586	0.0	0.0	0.0	0.0087719	0.0	0.0	0.0	0.0	0.0	
Canada Warbler	0.0	0.0	0.0	0.0	0.0	0.0	0.0	0.0	0.0	0.0	0.0	0.0	0.0	0.0	0.0	0.0	0.0055556	0.1872659	0.3962963	0.2758621	0.0	0.0	0.0	0.0	0.0	0.0	0.0	0.0	0.0	0.225	0.4166667	0.2676056	0.2745098	0.1677852	0.1370968	0.0403587	0.0	0.0	0.0	0.0	0.0	0.0	0.0	0.0	0.0	0.0	0.0	0.0	
Wilson's Warbler	0.0	0.0	0.0	0.0	0.0	0.0	0.0	0.0	0.0	0.0	0.0	0.0	0.0	0.0	0.0	0.0	0.0	0.2209738	0.4777778	0.1206897	0.0	0.0	0.0	0.0	0.0	0.0	0.0	0.0	0.0	0.0	0.0833333	0.056338	0.0882353	0.1208054	0.1209677	0.058296	0.006993	0.0	0.0	0.005102	0.0	0.0	0.0	0.0	0.0	0.0	0.0	0.0	
warbler sp. (Parulidae sp.)	0.0	0.0	0.0	0.0	0.0	0.0	0.0	0.0	0.0	0.0	0.0	0.0	0.0	0.0152284	0.0097561	0.0041322	0.0111111	0.0187266	0.0296296	0.045977	0.01	0.0363636	0.0	0.0	0.0384615	0.0	0.0526316	0.016129	0.0263158	0.05	0.05	0.0704225	0.1666667	0.1543624	0.0967742	0.1255605	0.020979	0.0344828	0.044586	0.0306122	0.0223881	0.0	0.0	0.0	0.0	0.0	0.0	0.0	
Summer Tanager	0.0	0.0	0.0	0.0	0.0	0.0	0.0	0.0	0.0	0.0	0.0	0.0	0.0	0.0	0.0	0.0	0.0015	0.0636704	0.037037	0.0057471	0.0	0.0	0.0	0.0	0.0	0.0	0.0	0.0	0.0	0.0	0.0	0.0	0.0	0.0067114	0.0	0.0	0.0	0.0	0.0	0.0	0.0	0.0	0.0	0.0	0.0	0.0	0.0	0.0	
Scarlet Tanager	0.0	0.0	0.0	0.0	0.0	0.0	0.0	0.0	0.0	0.0	0.0	0.0	0.0	0.0	0.0	0.0	0.0111111	0.2921348	0.3333333	0.0632184	0.0	0.0	0.0	0.0	0.0	0.0	0.0	0.0	0.0	0.0	0.0	0.0140845	0.0980392	0.1610738	0.1129032	0.161435	0.0909091	0.0804598	0.0191083	0.0	0.0	0.0	0.0	0.0	0.0	0.0	0.0	0.0	
Northern Cardinal	0.4482759	0.4777778	0.5833333	0.4954128	0.5	0.5132743	0.627907	0.8294118	0.6542056	0.5813953	0.6373626	0.5844156	0.625	0.6497462	0.7170732	0.7520661	0.7666667	0.6928839	0.7222222	0.6666667	0.935	0.7090909	0.5555556	0.5483871	0.5	0.3333333	0.3684211	0.4193548	0.6052632	0.7	0.6833333	0.6197183	0.6764706	0.5973154	0.6532258	0.6053812	0.5594406	0.4195402	0.433121	0.3316327	0.4253731	0.4965986	0.5438596	0.3363636	0.3152174	0.4150943	0.2767857	0.4731183	
Rose-breasted Grosbeak	0.0	0.0	0.0	0.0	0.0	0.0	0.0	0.0	0.0	0.0	0.0	0.0	0.0	0.0050761	0.004878	0.0826446	0.0388889	0.2022472	0.1925926	0.0344828	0.0	0.0181818	0.0	0.0015	0.0	0.0	0.0015	0.0	0.0	0.0	0.0015	0.0422535	0.2156863	0.261745	0.2741935	0.2107623	0.1118881	0.0287356	0.0063694	0.0	0.0	0.0	0.0	0.0	0.0	0.0	0.0	0.0	
Indigo Bunting	0.0	0.0	0.0	0.0	0.0	0.0	0.0	0.0	0.0	0.0	0.0	0.0	0.0	0.0	0.0	0.0041322	0.0	0.0486891	0.0925926	0.0344828	0.005	0.0181818	0.0	0.0	0.0	0.0	0.0	0.0	0.0263158	0.0	0.0166667	0.084507	0.0588235	0.033557	0.0322581	0.0538117	0.048951	0.0344828	0.0191083	0.005102	0.0	0.0	0.0	0.0	0.0	0.0	0.0	0.0	
Dickcissel	0.0	0.0	0.0	0.0	0.0	0.0	0.0	0.0	0.0	0.0	0.0	0.0	0.0	0.0	0.0	0.0	0.0	0.0	0.0	0.0	0.0	0.0	0.0	0.0	0.0	0.0	0.0	0.0	0.0	0.0	0.0	0.0	0.0	0.0	0.0	0.0	0.0	0.0	0.0	0.0	0.0	0.0204082	0.0	0.0	0.0	0.0	0.0	0.0	
passerine sp.	0.0068966	0.0	0.0166667	0.0091743	0.0	0.0088496	0.0139535	0.0058824	0.0	0.0116279	0.0	0.0	0.0166667	0.0253807	0.004878	0.0041322	0.0055556	0.0074906	0.0222222	0.0057471	0.0	0.0	0.0	0.0	0.0	0.0	0.0	0.0	0.0	0.0	0.05	0.0140845	0.1764706	0.1006711	0.0645161	0.044843	0.013986	0.0287356	0.0509554	0.0204082	0.0298507	0.0	0.0087719	0.0272727	0.0	0.0188679	0.0089286	0.0	

