Sample Size:	7.0	6.0	9.0	6.0	9.0	10.0	4.0	4.0	8.0	5.0	17.0	28.0	13.0	32.0	38.0	63.0	43.0	62.0	29.0	28.0	11.0	9.0	15.0	5.0	16.0	11.0	3.0	4.0	7.0	5.0	4.0	33.0	19.0	23.0	28.0	28.0	26.0	20.0	22.0	18.0	57.0	7.0	13.0	10.0	10.0	6.0	10.0	16.0	
Snow Goose	0.0	0.0	0.0	0.0	0.0	0.0	0.0	0.0	0.0	0.0	0.0	0.0	0.0	0.0	0.0	0.0	0.0	0.0	0.0	0.0	0.0	0.0	0.0	0.0	0.0	0.0	0.0	0.0	0.0	0.0	0.0	0.0	0.0	0.0	0.0	0.0	0.0	0.05	0.0909091	0.0	0.0	0.0	0.0015	0.0	0.0	0.0	0.0	0.0	
Brant	0.1428571	0.0	0.0015	0.0	0.1111111	0.2	0.0015	0.25	0.25	0.4	0.1764706	0.0	0.0769231	0.125	0.0526316	0.1269841	0.0930233	0.0483871	0.0344828	0.0	0.0	0.0	0.0	0.0	0.0	0.0	0.0	0.0	0.0	0.0	0.0	0.0	0.0	0.0	0.0	0.0	0.0	0.05	0.2727273	0.0	0.0	0.0015	0.0	0.2	0.1	0.0015	0.0	0.0625	
Canada Goose	0.5714286	0.5	0.5555556	0.6666667	0.4444444	0.3	0.75	0.75	0.625	0.4	0.7058824	0.5714286	0.6153846	0.5625	0.2894737	0.4920635	0.4418605	0.4032258	0.4827586	0.75	0.5454545	0.6666667	0.3333333	0.4	0.1875	0.3636364	0.3333333	0.25	0.4285714	0.4	0.0	0.3636364	0.2105263	0.1304348	0.4642857	0.5357143	0.5384615	0.55	0.6363636	0.2222222	0.122807	0.5714286	0.2307692	0.4	0.3	0.5	0.5	0.25	
Mute Swan	0.1428571	0.1666667	0.1111111	0.0	0.0	0.0015	0.0	0.25	0.0	0.2	0.1176471	0.0	0.0	0.0	0.0	0.031746	0.0232558	0.0	0.0	0.0	0.0	0.0015	0.0	0.0	0.0	0.0	0.0	0.0	0.0	0.0015	0.0	0.0	0.0	0.0434783	0.0	0.0	0.0384615	0.05	0.0	0.0	0.0175439	0.0	0.0015	0.0	0.0	0.0	0.0015	0.0	
Wood Duck	0.1428571	0.0	0.1111111	0.0	0.1111111	0.1	0.0015	0.0	0.125	0.0015	0.0588235	0.0357143	0.0769231	0.0	0.0	0.015873	0.0930233	0.0	0.0	0.0	0.0	0.0	0.0	0.0	0.0	0.0	0.0	0.0	0.0	0.0	0.0	0.0	0.0	0.0	0.0	0.1071429	0.3461538	0.2	0.0909091	0.0555556	0.122807	0.1428571	0.0769231	0.0	0.0	0.0	0.2	0.0	
Mandarin Duck	0.0	0.0	0.0	0.0	0.0	0.0	0.0	0.0	0.0	0.0	0.0	0.0	0.0	0.0	0.0	0.0	0.0	0.0	0.0	0.0	0.0	0.0	0.0	0.0	0.0	0.0	0.0	0.0	0.0	0.0	0.0	0.0	0.0	0.0	0.0	0.0	0.0	0.0	0.0	0.0	0.0	0.0015	0.0	0.0	0.0	0.0	0.0	0.0	
Blue-winged Teal	0.0	0.0	0.0	0.0	0.0	0.0	0.0	0.0	0.0	0.0	0.0	0.0	0.0	0.0	0.0	0.0	0.0	0.0	0.0	0.0	0.0	0.0	0.0	0.0	0.0	0.0	0.0	0.0	0.0	0.0	0.0	0.0	0.0	0.0	0.0	0.0357143	0.0	0.0	0.0	0.0	0.0	0.0	0.0	0.0	0.0	0.0	0.0	0.0	
Northern Shoveler	0.2857143	0.0	0.0	0.1666667	0.1111111	0.0	0.25	0.0	0.0015	0.2	0.1764706	0.3214286	0.2307692	0.09375	0.0526316	0.031746	0.0	0.0	0.0	0.0	0.0	0.0	0.0	0.0	0.0	0.0	0.0	0.0	0.0	0.0	0.0	0.0	0.0	0.0	0.0	0.0	0.0384615	0.05	0.0454545	0.1666667	0.1052632	0.1428571	0.1538462	0.4	0.3	0.3333333	0.2	0.1875	
Gadwall	0.1428571	0.1666667	0.0	0.1666667	0.1111111	0.0	0.0	0.25	0.0	0.2	0.0588235	0.0	0.1538462	0.03125	0.0263158	0.0634921	0.0465116	0.1129032	0.1034483	0.0357143	0.0	0.1111111	0.0666667	0.0	0.125	0.0	0.0	0.0	0.1428571	0.0	0.0	0.030303	0.0526316	0.173913	0.2857143	0.3571429	0.6538462	0.35	0.4090909	0.1666667	0.0701754	0.2857143	0.0769231	0.2	0.2	0.0	0.1	0.25	
Mallard	0.5714286	0.5	0.5555556	0.5	0.5555556	0.6	0.75	0.75	0.75	0.4	0.6470588	0.7142857	0.8461538	0.5625	0.4736842	0.6666667	0.6976744	0.5967742	0.6896552	0.8571429	0.8181818	0.7777778	0.5333333	0.6	0.5625	0.7272727	0.3333333	0.5	0.8571429	0.4	0.25	0.6363636	0.5263158	0.5217391	0.75	0.6785714	0.7307692	0.7	0.5909091	0.4444444	0.2280702	0.7142857	0.3846154	0.6	0.6	0.5	0.5	0.5	
Mallard (Domestic type)	0.0	0.0	0.0	0.0	0.0	0.0	0.0	0.0	0.0	0.0	0.0	0.0	0.0	0.0	0.0	0.0	0.0	0.0	0.0	0.0	0.0	0.0	0.0	0.0	0.0	0.0	0.0	0.0	0.0	0.0	0.0	0.0	0.0	0.0	0.0	0.0	0.0	0.0	0.0	0.0	0.0	0.0	0.0	0.0	0.0	0.0	0.0015	0.0	
American Black Duck	0.2857143	0.1666667	0.2222222	0.3333333	0.2222222	0.4	0.25	0.75	0.5	0.0	0.2352941	0.0357143	0.0	0.0	0.0526316	0.0952381	0.0	0.0	0.0344828	0.0714286	0.0909091	0.1111111	0.0	0.2	0.125	0.0909091	0.3333333	0.0	0.0	0.0015	0.0	0.0	0.0	0.0434783	0.0357143	0.0714286	0.1153846	0.15	0.1818182	0.0555556	0.1052632	0.1428571	0.1538462	0.3	0.3	0.3333333	0.0	0.4375	
Mallard x American Black Duck (hybrid)	0.0	0.0	0.2222222	0.1666667	0.1111111	0.0	0.0	0.25	0.125	0.0	0.0	0.0	0.0	0.0	0.0	0.0	0.0	0.0	0.0	0.0	0.0	0.0	0.0	0.0	0.0	0.0	0.0	0.0	0.1428571	0.0	0.0	0.030303	0.0	0.0	0.0	0.0357143	0.0384615	0.05	0.1363636	0.0	0.0	0.0	0.0	0.0	0.1	0.0	0.0	0.0625	
Northern Pintail	0.0	0.0	0.0	0.0	0.0	0.0	0.0	0.0	0.0	0.0	0.0	0.0	0.0	0.0	0.0	0.0	0.0	0.0	0.0	0.0	0.0	0.0	0.0	0.0	0.0	0.0	0.0	0.0	0.0	0.0	0.0	0.0	0.0	0.0	0.0	0.0	0.0	0.0	0.0454545	0.0	0.0	0.0	0.0	0.0	0.0	0.0	0.0	0.0	
Green-winged Teal	0.0	0.0	0.0	0.0	0.0	0.0	0.0	0.0	0.125	0.0	0.0588235	0.0	0.0	0.0	0.0	0.031746	0.0	0.0	0.0	0.0	0.0	0.0	0.0	0.0	0.0	0.0	0.0	0.0	0.0	0.0	0.0	0.0	0.0	0.0	0.0	0.1071429	0.0	0.0	0.0	0.0	0.0	0.0	0.0	0.0	0.0	0.0	0.0	0.0	
Canvasback	0.0	0.0	0.3333333	0.1666667	0.2222222	0.1	0.0	0.0	0.0	0.0	0.0	0.0	0.0	0.0	0.0	0.0	0.0	0.0	0.0	0.0	0.0	0.0	0.0	0.0	0.0	0.0	0.0	0.0	0.0	0.0	0.0	0.0	0.0	0.0	0.0	0.0	0.0	0.0	0.0	0.0	0.0	0.0	0.0	0.0	0.0	0.0	0.0	0.0	
Greater Scaup	0.0	0.0	0.0	0.0	0.0	0.0	0.0	0.0	0.0	0.0	0.0	0.0	0.0	0.0	0.0	0.015873	0.0	0.0	0.0	0.0	0.0	0.0	0.0	0.0	0.0	0.0	0.0	0.0	0.0	0.0	0.0	0.0	0.0	0.0	0.0	0.0	0.0	0.0	0.0	0.0	0.0	0.0	0.0	0.0	0.0	0.0	0.0	0.0	
Lesser Scaup	0.0	0.0	0.0	0.0	0.0	0.0	0.0	0.0	0.0	0.0	0.0	0.0	0.0	0.0	0.0	0.0	0.0	0.0	0.0	0.0	0.0	0.0	0.0	0.0	0.0	0.0	0.0	0.0	0.0	0.0	0.0	0.0	0.0	0.0	0.0	0.0	0.0	0.0	0.0	0.0	0.0	0.0	0.0	0.0	0.0	0.0	0.0	0.0625	
Greater/Lesser Scaup	0.0	0.0	0.0	0.0	0.0	0.0	0.0	0.25	0.0	0.2	0.0	0.0	0.0	0.0	0.0	0.0	0.0	0.0	0.0	0.0	0.0	0.0	0.0	0.0	0.0	0.0	0.0	0.0	0.0	0.0	0.0	0.0	0.0	0.0	0.0	0.0	0.0	0.0	0.0909091	0.0	0.0	0.0	0.0	0.0	0.0	0.0	0.0	0.0	
White-winged Scoter	0.0	0.0	0.0015	0.0	0.0	0.0	0.0	0.0	0.0	0.0	0.0	0.0	0.0	0.0	0.0	0.0	0.0	0.0	0.0	0.0	0.0	0.0	0.0	0.0	0.0	0.0	0.0	0.0	0.0	0.0	0.0	0.0	0.0	0.0	0.0	0.0	0.0	0.0	0.0	0.0	0.0	0.0	0.0	0.0	0.0	0.0	0.0	0.0	
Surf/Black Scoter	0.0	0.0	0.0	0.0	0.0	0.0	0.0	0.0	0.0	0.0	0.0	0.0	0.0	0.0	0.0	0.0	0.0	0.0	0.0	0.0	0.0	0.0	0.0	0.0	0.0	0.0	0.0	0.0	0.0	0.0	0.0	0.0	0.0	0.0	0.0	0.0	0.0	0.05	0.0	0.0	0.0	0.0	0.0	0.0	0.0	0.0	0.0	0.0	
Bufflehead	0.4285714	0.0015	0.0015	0.1666667	0.1111111	0.2	0.25	0.25	0.125	0.6	0.2941176	0.5714286	0.3076923	0.125	0.0	0.047619	0.0	0.0	0.0	0.0	0.0	0.0	0.0	0.0	0.0	0.0	0.0	0.0	0.0	0.0	0.0	0.0	0.0	0.0	0.0	0.0	0.0769231	0.0	0.0	0.0	0.0701754	0.2857143	0.1538462	0.3	0.3	0.1666667	0.1	0.375	
Common Goldeneye	0.0	0.0	0.0	0.0	0.0	0.0	0.0	0.0	0.0	0.2	0.0	0.0	0.0	0.0	0.0	0.0	0.0	0.0	0.0	0.0	0.0	0.0	0.0	0.0	0.0	0.0	0.0	0.0	0.0	0.0	0.0	0.0	0.0	0.0	0.0	0.0	0.0	0.0	0.0	0.0	0.0	0.0	0.0	0.0	0.0	0.0	0.0	0.0	
Hooded Merganser	0.4285714	0.1666667	0.1111111	0.1666667	0.0	0.2	0.0	0.0	0.125	0.0	0.1764706	0.1428571	0.3076923	0.0	0.0	0.0	0.0	0.0	0.0015	0.0	0.0	0.0	0.0015	0.0	0.0	0.0	0.0	0.0	0.0	0.0	0.0	0.0	0.0	0.0	0.0	0.0	0.0	0.0	0.0	0.0555556	0.0350877	0.2857143	0.1538462	0.2	0.4	0.0	0.2	0.25	
Common Merganser	0.0	0.0	0.0	0.0	0.0	0.0	0.25	0.0	0.0	0.0	0.0	0.0	0.0	0.0	0.0	0.0	0.0	0.0	0.0	0.0	0.0	0.0	0.0	0.0	0.0	0.0	0.0	0.0	0.0	0.0	0.0	0.0	0.0	0.0	0.0	0.0	0.0	0.0	0.0	0.0	0.0	0.0	0.0	0.0	0.0	0.0	0.0	0.0	
Red-breasted Merganser	0.0	0.0	0.0	0.0	0.1111111	0.2	0.0	0.25	0.125	0.2	0.0588235	0.0	0.0	0.0	0.0	0.031746	0.0	0.0	0.0	0.0	0.0	0.0	0.0	0.0	0.0	0.0	0.0	0.0	0.0	0.0	0.0	0.0	0.0	0.0	0.0	0.0	0.0	0.0	0.0	0.0	0.0	0.0	0.0	0.0	0.0	0.0	0.0	0.0625	
Ruddy Duck	0.4285714	0.0015	0.0	0.1666667	0.0	0.0	0.0	0.0	0.0015	0.2	0.2352941	0.25	0.3846154	0.09375	0.0263158	0.0634921	0.0232558	0.0	0.0015	0.0	0.0	0.0	0.0	0.0	0.0	0.0	0.0	0.0	0.0	0.0	0.0	0.0	0.0	0.0	0.0	0.0	0.0384615	0.15	0.1363636	0.2222222	0.0701754	0.2857143	0.1538462	0.3	0.3	0.1666667	0.2	0.25	
duck sp.	0.0	0.0	0.0	0.0	0.1111111	0.0	0.0	0.0	0.0	0.0	0.0	0.0	0.0	0.0	0.0	0.0	0.0	0.0	0.0	0.0	0.0	0.0	0.0	0.0	0.0	0.0	0.0	0.0	0.0	0.0	0.0	0.0	0.0	0.0	0.0	0.0	0.0	0.0	0.0	0.0	0.0	0.0	0.0	0.0	0.0	0.0	0.0	0.0	
Wild Turkey	0.1428571	0.0	0.0	0.0	0.0	0.0	0.0	0.0	0.0	0.2	0.0	0.0714286	0.0769231	0.0	0.0263158	0.031746	0.0232558	0.0	0.0	0.0	0.0	0.0015	0.0	0.0	0.0	0.0	0.0	0.0	0.0	0.2	0.0	0.030303	0.0	0.0	0.0	0.0	0.0	0.0	0.0454545	0.0	0.0175439	0.0	0.0	0.0	0.0	0.0	0.0	0.0	
Pied-billed Grebe	0.2857143	0.0015	0.0	0.0	0.0	0.0	0.0	0.0	0.0	0.0	0.0	0.0714286	0.1538462	0.03125	0.0	0.0	0.0	0.0	0.0	0.0	0.0	0.0	0.0	0.0	0.0	0.0	0.0	0.0	0.0	0.0	0.0	0.0	0.0	0.0	0.0357143	0.0	0.1538462	0.1	0.0454545	0.0555556	0.0701754	0.1428571	0.0769231	0.0	0.2	0.0	0.0	0.0	
Horned Grebe	0.0	0.0	0.0	0.0	0.1111111	0.0	0.0015	0.0	0.0	0.0	0.0	0.0	0.0	0.0	0.0	0.0	0.0	0.0	0.0	0.0	0.0	0.0	0.0	0.0	0.0	0.0	0.0	0.0	0.0	0.0	0.0	0.0	0.0	0.0	0.0	0.0	0.0	0.0	0.0	0.0	0.0	0.0	0.0	0.0	0.0	0.0	0.0	0.0	
Red-necked Grebe	0.0	0.0	0.0015	0.0	0.0	0.0	0.0	0.0	0.0	0.0	0.0	0.0	0.0	0.0	0.0	0.0	0.0	0.0	0.0	0.0	0.0	0.0	0.0	0.0	0.0	0.0	0.0	0.0	0.0	0.0	0.0	0.0	0.0	0.0	0.0	0.0	0.0	0.0	0.0	0.0	0.0	0.0	0.0	0.0	0.0	0.0	0.0	0.0	
Rock Pigeon	0.7142857	0.5	0.6666667	0.6666667	0.5555556	0.8	0.5	1.0	0.75	0.8	0.7647059	0.7142857	0.9230769	0.78125	0.7105263	0.8412698	0.7906977	0.6774194	0.7586207	0.8928571	0.9090909	0.7777778	0.7333333	0.6	0.75	0.9090909	1.0	0.75	0.8571429	0.8	0.25	0.6363636	0.6842105	0.5217391	0.75	0.8214286	0.8461538	0.75	0.8636364	0.8888889	0.2982456	0.7142857	0.3846154	0.5	0.4	1.0	0.9	0.6875	
Mourning Dove	0.4285714	0.0	0.3333333	0.5	0.1111111	0.1	0.5	0.25	0.25	0.0	0.3529412	0.25	0.6153846	0.375	0.5526316	0.5555556	0.4883721	0.5645161	0.6551724	0.8571429	0.7272727	0.8888889	0.6	0.6	0.4375	0.7272727	0.3333333	0.75	0.7142857	0.8	0.5	0.6363636	0.6842105	0.6521739	0.75	0.6785714	0.8461538	0.8	0.7272727	0.5555556	0.1929825	0.4285714	0.3076923	0.3	0.2	0.3333333	0.5	0.3125	
Yellow-billed Cuckoo	0.0	0.0	0.0	0.0	0.0	0.0	0.0	0.0	0.0	0.0	0.0	0.0	0.0	0.0	0.0	0.031746	0.0	0.0322581	0.0	0.0357143	0.0	0.0	0.0	0.0	0.0	0.0	0.0	0.0	0.0	0.0	0.0	0.0	0.0	0.0	0.0357143	0.0357143	0.0	0.0015	0.0	0.0	0.0	0.0	0.0	0.0	0.0	0.0	0.0	0.0	
Black-billed Cuckoo	0.0	0.0	0.0	0.0	0.0	0.0	0.0	0.0	0.0	0.0	0.0	0.0	0.0	0.0	0.0	0.0	0.0	0.0	0.0	0.0357143	0.0	0.0	0.0	0.0	0.0	0.0	0.0	0.0	0.0	0.0	0.0	0.0	0.0526316	0.0	0.0357143	0.0	0.0	0.0	0.0	0.0	0.0	0.0	0.0	0.0	0.0	0.0	0.0	0.0	
Common Nighthawk	0.0	0.0	0.0	0.0	0.0	0.0	0.0	0.0	0.0	0.0	0.0	0.0	0.0	0.0	0.0	0.0	0.0	0.016129	0.0	0.0	0.0	0.0	0.0	0.0	0.0	0.0	0.0	0.0	0.0	0.0	0.0	0.0	0.0	0.0	0.0	0.0	0.0	0.0	0.0	0.0	0.0	0.0	0.0	0.0	0.0	0.0	0.0	0.0	
Eastern Whip-poor-will	0.0	0.0	0.0	0.0	0.0	0.0	0.0	0.0	0.0	0.0	0.0	0.0	0.0	0.0	0.0	0.0	0.0	0.0	0.0	0.0357143	0.0	0.0	0.0	0.0	0.0	0.0	0.0	0.0	0.0	0.0	0.0	0.0	0.0	0.0	0.0	0.0	0.0	0.0	0.0	0.0	0.0	0.0	0.0	0.0	0.0	0.0	0.0	0.0	
Chimney Swift	0.0	0.0	0.0	0.0	0.0	0.0	0.0	0.0	0.0	0.0	0.0	0.0	0.0769231	0.0	0.0	0.1111111	0.1860465	0.3064516	0.5172414	0.6071429	0.6363636	0.1111111	0.4	0.6	0.3125	0.5454545	0.3333333	0.0	0.2857143	0.2	0.0	0.0606061	0.1052632	0.173913	0.3214286	0.4285714	0.2307692	0.1	0.1363636	0.0	0.0	0.0	0.0	0.0	0.0	0.0	0.0	0.0	
Ruby-throated Hummingbird	0.0	0.0	0.0	0.0	0.0	0.0	0.0	0.0	0.0	0.0	0.0	0.0	0.0	0.0	0.0	0.031746	0.0465116	0.0483871	0.1034483	0.0357143	0.0	0.0	0.0	0.0	0.0	0.0	0.0	0.0	0.0	0.0	0.0	0.0909091	0.2631579	0.3913043	0.6428571	0.4285714	0.0769231	0.0015	0.0	0.0	0.0	0.0	0.0	0.0	0.0	0.0	0.0	0.0	
American Coot	0.2857143	0.0	0.0	0.0	0.1111111	0.0	0.0	0.0	0.0	0.0	0.0	0.0	0.0	0.0	0.0	0.0	0.0	0.0	0.0	0.0	0.0	0.0	0.0	0.0	0.0	0.0	0.0	0.0	0.0	0.0	0.0	0.0	0.0	0.0	0.0	0.0	0.0	0.0	0.0	0.0	0.0015	0.0	0.0015	0.0	0.1	0.0015	0.0	0.0625	
Black-bellied Plover	0.0	0.0	0.0	0.0	0.0	0.0	0.0	0.0	0.0	0.0	0.0	0.0	0.0	0.0	0.0	0.0	0.0	0.0	0.0	0.0	0.0	0.0	0.0	0.0	0.0	0.0	0.0	0.0	0.0	0.0	0.0	0.0	0.0	0.0	0.0	0.0	0.0	0.05	0.0454545	0.0	0.0	0.0	0.0	0.0	0.0	0.0	0.0	0.0	
Killdeer	0.0	0.0	0.0	0.0	0.0	0.0	0.0	0.25	0.0	0.0	0.0588235	0.0	0.0769231	0.0	0.0	0.047619	0.0	0.0	0.0344828	0.0357143	0.0	0.0	0.0	0.0	0.0	0.0	0.0	0.0	0.1428571	0.0	0.0	0.0	0.0	0.0	0.0	0.0357143	0.0	0.0	0.0909091	0.0	0.0	0.0	0.0	0.0	0.0	0.0	0.0	0.0	
Semipalmated Sandpiper	0.0	0.0	0.0	0.0	0.0	0.0	0.0	0.0	0.0	0.0	0.0	0.0	0.0	0.0	0.0	0.0	0.0	0.0	0.0344828	0.0	0.0	0.0	0.0	0.0	0.0	0.0	0.0	0.0	0.0	0.0	0.0	0.0	0.0526316	0.0	0.0	0.0	0.0	0.0	0.0	0.0	0.0	0.0	0.0	0.0	0.0	0.0	0.0	0.0	
Short-billed Dowitcher	0.0	0.0	0.0	0.0	0.0	0.0	0.0	0.0	0.0	0.0	0.0	0.0	0.0	0.0	0.0	0.0	0.0	0.0	0.0	0.0	0.0	0.0	0.0	0.0	0.0	0.0	0.0	0.0	0.1428571	0.0	0.0	0.0	0.0	0.0	0.0	0.0	0.0	0.0	0.0	0.0	0.0	0.0	0.0	0.0	0.0	0.0	0.0	0.0	
American Woodcock	0.0	0.0	0.0	0.0	0.0	0.0	0.0	0.0	0.0	0.0	0.0015	0.0	0.0	0.0	0.0	0.015873	0.0	0.0	0.0	0.0	0.0	0.0	0.0	0.0	0.0	0.0	0.0	0.0	0.0	0.0	0.0	0.0	0.0	0.0	0.0	0.0	0.0	0.0	0.0	0.0	0.0	0.0	0.0	0.0	0.0	0.0	0.0	0.0	
Spotted Sandpiper	0.0	0.0	0.0	0.0	0.0	0.0	0.0	0.0	0.0	0.0	0.0	0.0	0.0	0.0	0.0	0.0	0.0697674	0.0322581	0.137931	0.0	0.0	0.0	0.0	0.0	0.0	0.0	0.0	0.0	0.0	0.0	0.0	0.0	0.0	0.0	0.0	0.0	0.0	0.0	0.0	0.0	0.0	0.0	0.0	0.0	0.0	0.0	0.0	0.0	
Solitary Sandpiper	0.0	0.0	0.0	0.0	0.0	0.0	0.0	0.0	0.0	0.0	0.0	0.0	0.0	0.0	0.0	0.0	0.0	0.0	0.0015	0.0	0.0	0.0	0.0	0.0	0.0	0.0	0.0	0.0	0.0	0.0	0.0	0.0	0.0	0.0	0.0714286	0.0	0.0	0.0	0.0	0.0	0.0	0.0	0.0	0.0	0.0	0.0	0.0	0.0	
Greater Yellowlegs	0.0	0.0	0.0	0.0	0.0	0.0	0.0	0.0	0.0	0.0	0.0	0.0	0.0	0.0	0.0	0.015873	0.0	0.0	0.0	0.0	0.0	0.0	0.0	0.0	0.0	0.0	0.0	0.0	0.0	0.0	0.0	0.0	0.0	0.0	0.0	0.0	0.0	0.0	0.0	0.0	0.0	0.0	0.0	0.0	0.0	0.0	0.0	0.0	
Lesser Yellowlegs	0.0	0.0	0.0	0.0	0.0	0.0	0.0	0.0	0.0	0.0	0.0	0.0	0.0769231	0.0	0.0	0.0	0.0	0.0	0.0	0.0	0.0	0.0	0.0	0.0	0.0	0.0	0.0	0.0	0.0	0.0	0.0	0.0	0.0	0.0	0.0	0.0	0.0	0.0	0.0	0.0	0.0	0.0	0.0	0.0	0.0	0.0	0.0	0.0	
Bonaparte's Gull	0.0	0.0	0.0	0.0	0.0	0.0	0.0	0.0	0.0	0.0	0.0	0.0	0.0	0.0	0.0	0.0	0.0	0.0	0.0	0.0	0.0	0.0	0.0	0.0	0.0	0.0	0.0	0.0015	0.0	0.0	0.0	0.0	0.0	0.0	0.0	0.0	0.0	0.0	0.0	0.0	0.0	0.0	0.0	0.0	0.0	0.0	0.0	0.0	
Laughing Gull	0.0	0.0	0.0	0.0	0.0	0.0	0.0	0.0	0.0	0.0	0.0588235	0.0	0.0	0.0625	0.0	0.0634921	0.0232558	0.0322581	0.0344828	0.0357143	0.0909091	0.1111111	0.0666667	0.0	0.125	0.1818182	0.3333333	0.5	0.2857143	0.0015	0.0	0.0909091	0.0526316	0.0	0.0714286	0.0357143	0.0769231	0.2	0.0909091	0.1111111	0.0	0.1428571	0.0	0.0	0.0	0.0	0.0	0.0	
Ring-billed Gull	0.7142857	0.5	0.5555556	0.5	0.7777778	0.6	0.75	0.75	0.875	0.6	0.5294118	0.3571429	0.6923077	0.3125	0.1842105	0.2857143	0.1627907	0.1290323	0.1034483	0.0357143	0.0909091	0.1111111	0.0666667	0.2	0.0625	0.0909091	0.3333333	0.5	0.7142857	0.6	0.0	0.3636364	0.2105263	0.0869565	0.2857143	0.2857143	0.2692308	0.4	0.5454545	0.3888889	0.1403509	0.4285714	0.1538462	0.5	0.4	0.3333333	0.4	0.75	
Herring Gull	0.7142857	0.0015	0.3333333	0.0	0.1111111	0.4	0.25	0.25	0.375	0.4	0.3529412	0.6071429	0.4615385	0.3125	0.1052632	0.3492063	0.3488372	0.2096774	0.2068966	0.2857143	0.2727273	0.6666667	0.1333333	0.4	0.375	0.9090909	0.3333333	0.5	0.5714286	0.4	0.0	0.4848485	0.2631579	0.173913	0.4285714	0.3571429	0.5	0.5	0.5	0.3333333	0.0701754	0.7142857	0.2307692	0.1	0.2	0.1666667	0.1	0.5	
Lesser Black-backed Gull	0.0	0.0	0.0	0.0	0.0	0.0	0.0	0.25	0.0	0.0	0.0588235	0.0	0.0	0.0	0.0263158	0.0	0.0	0.0	0.0	0.0	0.0	0.0	0.0	0.0	0.0	0.0	0.0	0.0	0.0	0.0	0.0	0.0	0.0	0.0	0.0	0.0	0.0	0.0	0.0	0.0	0.0	0.0	0.0	0.0	0.0	0.0	0.0	0.0	
Glaucous Gull	0.0	0.0	0.0	0.0	0.0	0.0	0.0	0.25	0.0	0.0	0.0	0.0	0.0	0.0	0.0	0.0	0.0	0.0	0.0	0.0	0.0	0.0	0.0	0.0	0.0	0.0	0.0	0.0	0.0	0.0	0.0	0.0	0.0	0.0	0.0	0.0	0.0	0.0	0.0	0.0	0.0	0.0	0.0	0.0	0.0	0.0	0.0	0.0	
Great Black-backed Gull	0.4285714	0.5	0.2222222	0.3333333	0.3333333	0.2	0.5	0.25	0.25	0.4	0.2352941	0.5	0.6153846	0.15625	0.0526316	0.1587302	0.0930233	0.0645161	0.1724138	0.1785714	0.0909091	0.4444444	0.0666667	0.0	0.25	0.8181818	0.0	0.25	0.4285714	0.6	0.25	0.4242424	0.1052632	0.0869565	0.2142857	0.3214286	0.1923077	0.35	0.3636364	0.1666667	0.122807	0.2857143	0.0769231	0.3	0.2	0.1666667	0.3	0.375	
Larus sp.	0.0	0.0	0.0	0.0	0.0	0.0	0.0	0.0	0.0	0.0	0.0	0.0	0.0	0.0	0.0	0.0	0.0	0.0	0.0	0.0	0.0	0.0	0.0	0.0	0.0	0.0	0.0	0.0	0.0	0.0	0.0	0.0	0.0	0.0434783	0.0	0.0	0.0	0.0	0.0	0.0	0.0	0.0	0.0	0.0	0.0	0.0	0.0	0.0	
gull sp.	0.0	0.0	0.1111111	0.0	0.0	0.0	0.0	0.0	0.0	0.2	0.0	0.0	0.0	0.0	0.0	0.031746	0.0697674	0.016129	0.0689655	0.0714286	0.0	0.0	0.1333333	0.0	0.0	0.0	0.0	0.25	0.0	0.0	0.0	0.030303	0.0	0.0	0.0	0.0	0.0	0.05	0.0	0.0	0.0	0.1428571	0.0	0.0	0.0	0.0	0.0	0.125	
Common Tern	0.0	0.0	0.0	0.0	0.0	0.0	0.0	0.0	0.0	0.0	0.0	0.0	0.0	0.0	0.0	0.0	0.0	0.0	0.0344828	0.0357143	0.0909091	0.1111111	0.0666667	0.0	0.125	0.0909091	0.3333333	0.5	0.1428571	0.2	0.0	0.030303	0.0	0.0	0.0	0.0	0.0	0.0	0.0	0.0	0.0	0.0	0.0	0.0	0.0	0.0	0.0	0.0	
Forster's Tern	0.0	0.0	0.0	0.0	0.0	0.0	0.0	0.0	0.0	0.0	0.0	0.0	0.0	0.0	0.0	0.0	0.0	0.0	0.0	0.0	0.0	0.0	0.0	0.0	0.0	0.0	0.0	0.0	0.0	0.0	0.0	0.030303	0.0	0.0	0.0	0.0	0.0	0.0	0.0909091	0.0	0.0	0.1428571	0.0	0.0	0.0	0.0	0.0	0.0	
Black Skimmer	0.0	0.0	0.0	0.0	0.0	0.0	0.0	0.0	0.0	0.0	0.0	0.0	0.0	0.0	0.0	0.0	0.0	0.0	0.0	0.0	0.0	0.0	0.0	0.0	0.0015	0.0	0.0	0.0	0.0	0.0	0.0	0.0	0.0	0.0	0.0	0.0	0.0	0.0	0.0	0.0	0.0	0.0	0.0	0.0	0.0	0.0	0.0	0.0	
Red-throated Loon	0.0	0.0	0.0	0.0	0.0	0.1	0.0015	0.25	0.0	0.0	0.0588235	0.0357143	0.0769231	0.03125	0.0	0.0	0.0	0.0	0.0	0.0	0.0	0.2222222	0.0	0.0	0.0	0.0	0.0	0.0	0.0	0.0	0.0	0.0	0.0	0.0	0.0	0.0	0.0	0.0	0.0	0.0	0.0	0.0	0.0	0.0	0.0	0.0	0.0	0.0	
Common Loon	0.0	0.0	0.0	0.0	0.0	0.0	0.0	0.0	0.0	0.2	0.0	0.0714286	0.0	0.0	0.0	0.047619	0.0	0.0	0.0	0.0	0.0	0.0	0.0	0.0	0.0	0.0	0.0	0.0	0.0	0.0	0.0	0.0	0.0	0.0	0.0357143	0.0357143	0.0384615	0.1	0.0	0.0	0.0	0.0	0.0	0.0	0.0	0.0	0.0	0.0625	
loon sp.	0.0	0.0	0.0	0.0	0.0	0.0	0.0	0.0	0.0	0.0	0.0	0.0	0.0	0.0	0.0	0.0	0.0	0.0	0.0	0.0	0.0	0.0	0.0	0.0	0.0	0.0	0.0	0.0	0.0	0.0	0.0	0.0	0.0	0.0	0.0	0.0	0.0	0.0	0.0454545	0.0	0.0	0.0	0.0	0.0	0.0	0.0	0.0	0.0	
Great Cormorant	0.1428571	0.0	0.0	0.0	0.0	0.0	0.0	0.25	0.0	0.2	0.0588235	0.0	0.0	0.0	0.0	0.0	0.0	0.0	0.0	0.0	0.0	0.0	0.0	0.0	0.0	0.0	0.0	0.0	0.0	0.0	0.0	0.0	0.0	0.0	0.0	0.0	0.0	0.0	0.0	0.0	0.0	0.0	0.0	0.0	0.0	0.0015	0.0	0.0	
Double-crested Cormorant	0.0	0.0015	0.0	0.0	0.1111111	0.0	0.0	0.25	0.125	0.2	0.1764706	0.25	0.6923077	0.5	0.4210526	0.5873016	0.3953488	0.3709677	0.4482759	0.5	0.3636364	0.7777778	0.4666667	0.4	0.25	0.6363636	0.3333333	0.25	0.4285714	0.2	0.0	0.3939394	0.1052632	0.0869565	0.1785714	0.2142857	0.2692308	0.3	0.5	0.1666667	0.1754386	0.1428571	0.0	0.2	0.2	0.3333333	0.3	0.0	
cormorant sp.	0.0	0.0	0.0	0.0	0.0	0.0	0.0	0.0	0.0	0.0	0.0	0.0	0.0	0.03125	0.0	0.0	0.0	0.0	0.0	0.0	0.0	0.0	0.0	0.0	0.0	0.0	0.0	0.0	0.0	0.0	0.0	0.0	0.0	0.0	0.0	0.0	0.0	0.0	0.0	0.0	0.0	0.0	0.0	0.0	0.0	0.0	0.0	0.0	
American Bittern	0.0	0.0	0.0	0.0	0.0	0.0	0.0	0.0	0.0	0.0	0.0	0.0	0.0	0.0	0.0	0.0	0.0232558	0.0	0.0	0.0015	0.0	0.0	0.0	0.0	0.0	0.0	0.0	0.0	0.0	0.0	0.0	0.0	0.0	0.0	0.0	0.0	0.0	0.05	0.0	0.0	0.0	0.0	0.0	0.0	0.0	0.0	0.0	0.0	
Great Blue Heron	0.1428571	0.3333333	0.0	0.1666667	0.0	0.0	0.0	0.0	0.0	0.0	0.1176471	0.0	0.0	0.0	0.0	0.0793651	0.1627907	0.0483871	0.0	0.0	0.0	0.0	0.0	0.0	0.125	0.0	0.0	0.0	0.1428571	0.0	0.0	0.0	0.0	0.0434783	0.0357143	0.1071429	0.3846154	0.3	0.2272727	0.0	0.0	0.0	0.0	0.0	0.0	0.0	0.0	0.0	
Great Egret	0.0	0.0	0.0	0.0	0.0	0.0	0.0	0.0	0.0	0.0	0.0	0.0	0.0769231	0.28125	0.1842105	0.3333333	0.3488372	0.2903226	0.3448276	0.4642857	0.1818182	0.0	0.2666667	0.2	0.25	0.2727273	0.3333333	0.25	0.5714286	0.2	0.0	0.0606061	0.1052632	0.0434783	0.1071429	0.0	0.0384615	0.1	0.0454545	0.0	0.0	0.0	0.0	0.0	0.0015	0.0	0.0	0.0	
Snowy Egret	0.0	0.0	0.0	0.0	0.0	0.0	0.0	0.0	0.0	0.0	0.0	0.0	0.0	0.0	0.0	0.047619	0.0	0.0645161	0.0344828	0.0357143	0.0	0.0	0.0	0.2	0.0	0.0	0.0	0.0	0.0	0.0015	0.0	0.0	0.0	0.0	0.0	0.0	0.0	0.0	0.0	0.0	0.0	0.0	0.0	0.0	0.0	0.0	0.0	0.0	
Green Heron	0.0	0.0	0.0	0.0	0.0	0.0	0.0	0.0	0.0	0.0	0.0	0.0	0.0	0.0	0.0	0.0634921	0.0930233	0.0645161	0.1034483	0.0015	0.0015	0.0	0.0	0.2	0.0	0.0	0.0	0.0015	0.0	0.0015	0.0	0.0	0.0526316	0.0434783	0.0	0.0	0.0	0.0	0.0	0.0	0.0	0.0	0.0	0.0	0.0	0.0	0.0	0.0	
Black-crowned Night-Heron	0.0	0.0	0.0	0.0	0.0	0.0	0.0	0.0	0.0	0.0	0.0	0.0	0.0769231	0.125	0.0	0.2222222	0.372093	0.2741935	0.5517241	0.3928571	0.1818182	0.2222222	0.1333333	0.2	0.1875	0.5454545	0.3333333	0.25	0.2857143	0.4	0.0	0.2727273	0.3157895	0.3043478	0.1428571	0.1428571	0.0384615	0.1	0.0909091	0.0	0.0	0.1428571	0.0	0.0	0.0	0.0	0.0	0.0	
Black Vulture	0.0	0.0	0.0	0.0	0.0	0.0	0.0	0.0	0.0	0.0	0.0	0.0015	0.0	0.0	0.0	0.015873	0.0	0.0	0.0	0.0	0.0	0.0	0.0	0.0	0.0	0.0	0.0	0.0	0.0	0.0	0.0	0.0	0.0	0.0	0.0	0.0	0.0	0.0	0.0	0.0	0.0	0.0	0.0	0.0	0.0	0.0	0.0	0.0	
Turkey Vulture	0.0	0.0	0.0	0.0	0.0	0.0	0.0	0.0	0.0	0.0	0.0588235	0.0357143	0.1538462	0.0625	0.0263158	0.031746	0.0	0.0322581	0.0015	0.0	0.0	0.0	0.0	0.0	0.0	0.0	0.0	0.0	0.0	0.0	0.0	0.030303	0.0	0.0	0.0714286	0.0	0.0384615	0.05	0.0	0.0	0.0526316	0.0	0.0	0.0	0.0	0.0	0.2	0.0	
Osprey	0.0	0.0	0.0	0.0	0.0	0.0	0.0	0.0	0.0	0.0	0.0588235	0.0	0.0	0.0	0.0	0.031746	0.0	0.016129	0.0	0.0	0.0909091	0.0	0.0	0.0	0.0	0.0	0.0	0.0	0.1428571	0.0	0.0	0.030303	0.0526316	0.0	0.25	0.1071429	0.1153846	0.2	0.1363636	0.0	0.0	0.0	0.0	0.0	0.0	0.0	0.0	0.0	
Northern Harrier	0.0	0.0	0.0	0.0	0.0	0.0	0.0	0.0	0.0	0.0	0.0588235	0.0	0.0	0.0	0.0	0.015873	0.0	0.0	0.0	0.0	0.0	0.0	0.0	0.0	0.0	0.0	0.0	0.0	0.0	0.0	0.0	0.0	0.0	0.0	0.0714286	0.0	0.0384615	0.0	0.0454545	0.0	0.0175439	0.0	0.0	0.0	0.0	0.0	0.0	0.0	
Sharp-shinned Hawk	0.0	0.0	0.0	0.3333333	0.0	0.0	0.0	0.25	0.0	0.0	0.0588235	0.0357143	0.0	0.0	0.0	0.0	0.0	0.0	0.0	0.0	0.0	0.0	0.0	0.0	0.0	0.0	0.0	0.0	0.0	0.0	0.0	0.0	0.0526316	0.0434783	0.1071429	0.0714286	0.0769231	0.2	0.1363636	0.0	0.0175439	0.1428571	0.0	0.0	0.0	0.0	0.1	0.0	
Cooper's Hawk	0.1428571	0.0	0.0015	0.1666667	0.1111111	0.2	0.0	0.25	0.0015	0.0	0.0	0.0357143	0.0769231	0.0	0.0	0.047619	0.0	0.0	0.0	0.0	0.0	0.0	0.0	0.2	0.0	0.0	0.0	0.0	0.0	0.0	0.0	0.0	0.0	0.0	0.1428571	0.1071429	0.0769231	0.35	0.1818182	0.0015	0.0526316	0.4285714	0.0015	0.2	0.2	0.0	0.0	0.0625	
Sharp-shinned/Cooper's Hawk	0.0	0.0	0.0	0.0	0.0	0.0	0.0	0.0	0.0	0.0	0.0	0.0	0.0	0.0	0.0	0.0	0.0	0.0	0.0	0.0	0.0	0.0	0.0	0.2	0.0	0.0	0.0	0.0	0.0	0.0	0.0	0.0	0.0	0.0	0.0	0.0	0.0	0.0	0.0	0.0	0.0	0.0	0.0	0.0	0.0	0.0	0.0	0.0	
Northern Goshawk	0.0	0.0	0.0	0.0	0.0	0.0	0.0	0.0	0.0	0.2	0.0	0.0	0.0	0.0	0.0	0.0	0.0	0.0	0.0	0.0	0.0	0.0	0.0	0.0	0.0	0.0	0.0	0.0	0.0	0.0	0.0	0.0	0.0	0.0	0.0	0.0	0.0	0.0	0.0	0.0	0.0	0.0	0.0	0.0	0.0	0.0	0.0	0.0	
Bald Eagle	0.1428571	0.3333333	0.0	0.1666667	0.1111111	0.0	0.25	0.0	0.0	0.0	0.0	0.0	0.0	0.0	0.0	0.0	0.0	0.016129	0.0	0.0	0.0	0.0	0.0	0.0	0.0	0.0	0.0	0.0	0.0	0.0	0.0	0.0	0.0	0.0	0.1071429	0.0	0.0	0.0	0.0909091	0.0	0.0175439	0.0	0.0	0.0	0.0	0.1666667	0.0	0.0	
Red-shouldered Hawk	0.0	0.0	0.0	0.0	0.0	0.0	0.0	0.0	0.0	0.0	0.0	0.0	0.0	0.0	0.0	0.0	0.0	0.016129	0.0	0.0	0.0	0.0	0.0	0.0	0.0	0.0	0.0	0.0	0.0	0.0	0.0	0.0	0.0	0.0	0.0	0.0	0.0	0.0	0.0454545	0.0	0.0	0.0	0.0	0.0	0.0	0.0	0.0	0.0	
Broad-winged Hawk	0.0	0.0	0.0	0.0	0.0	0.0	0.0	0.0	0.0	0.0	0.0	0.0	0.0	0.0	0.0	0.015873	0.0	0.0	0.0	0.0	0.0	0.0	0.0	0.0	0.0	0.0	0.0	0.0	0.0	0.0	0.0	0.030303	0.0	0.0434783	0.1071429	0.0357143	0.0	0.0	0.0	0.0	0.0	0.0	0.0	0.0	0.0	0.0	0.0	0.0	
Red-tailed Hawk	0.7142857	0.1666667	0.6666667	0.5	0.4444444	0.3	0.5	0.75	0.5	0.4	0.2352941	0.4285714	0.6923077	0.21875	0.2368421	0.2698413	0.1627907	0.1612903	0.2413793	0.3214286	0.1818182	0.1111111	0.0666667	0.4	0.0625	0.2727273	0.3333333	0.0	0.2857143	0.0	0.25	0.2727273	0.2105263	0.1304348	0.3928571	0.2857143	0.5	0.45	0.4545455	0.4444444	0.1929825	0.4285714	0.1538462	0.3	0.1	0.3333333	0.6	0.375	
Rough-legged Hawk	0.0	0.0	0.0	0.0015	0.0	0.0	0.0	0.0	0.0	0.0	0.0	0.0	0.0	0.0	0.0	0.0	0.0	0.0	0.0	0.0	0.0	0.0	0.0	0.0	0.0	0.0	0.0	0.0	0.0	0.0	0.0	0.0	0.0	0.0	0.0	0.0	0.0	0.0	0.0	0.0	0.0	0.0	0.0	0.0	0.0	0.0	0.0	0.0	
Eastern Screech-Owl	0.0	0.0015	0.0	0.0	0.0	0.0	0.0	0.0	0.0	0.0	0.0588235	0.0714286	0.0	0.0	0.0	0.0	0.0	0.0	0.0	0.0	0.0	0.0	0.0	0.0	0.0	0.0	0.0	0.0	0.0	0.0	0.0	0.0	0.0	0.0	0.0	0.0	0.0	0.0	0.0	0.0	0.0	0.0	0.0	0.0	0.0	0.0	0.0	0.0	
Great Horned Owl	0.0	0.0	0.0	0.0	0.0	0.0	0.0	0.0	0.0	0.0	0.0	0.0	0.0	0.0	0.0	0.0	0.0	0.0	0.0	0.0	0.0	0.0	0.0	0.0	0.0	0.0	0.0	0.0	0.0	0.0	0.0	0.0	0.0	0.0	0.0	0.0	0.0	0.0	0.0	0.0	0.0	0.0	0.5384615	0.0	0.0	0.0	0.0	0.0	
Short-eared Owl	0.0	0.0	0.0	0.0	0.0	0.0	0.0	0.0	0.0	0.0	0.0	0.0	0.0	0.0	0.0	0.0	0.0	0.0	0.0	0.0	0.0	0.0	0.0	0.0	0.0	0.0	0.0	0.0	0.0	0.0	0.0	0.0	0.0	0.0	0.0	0.0	0.0	0.0015	0.0	0.0	0.0	0.0	0.0	0.0	0.0	0.0	0.0	0.0	
Belted Kingfisher	0.0	0.0	0.0	0.0	0.0	0.0	0.0	0.0	0.0	0.0	0.0588235	0.0	0.1538462	0.03125	0.0	0.031746	0.0	0.0	0.0	0.0	0.0	0.0	0.0	0.0	0.0	0.0	0.0	0.0	0.1428571	0.0015	0.0	0.0	0.1052632	0.0	0.0714286	0.0714286	0.0769231	0.15	0.1363636	0.0555556	0.0701754	0.1428571	0.0	0.0	0.0	0.1666667	0.0	0.0	
Yellow-bellied Sapsucker	0.2857143	0.1666667	0.4444444	0.1666667	0.1111111	0.1	0.0	0.0	0.25	0.0	0.1764706	0.1428571	0.3076923	0.3125	0.1315789	0.0793651	0.0	0.0	0.0	0.0	0.0	0.0	0.0	0.0	0.0	0.0	0.0	0.0	0.0	0.0	0.0	0.0	0.0	0.0	0.2142857	0.4285714	0.8076923	0.8	0.6818182	0.3333333	0.1052632	0.1428571	0.0015	0.3	0.2	0.1666667	0.4	0.0	
Red-headed Woodpecker	0.2857143	0.0	0.0	0.0	0.0	0.0	0.0	0.0	0.0	0.0	0.0015	0.0	0.0	0.0	0.0	0.0	0.0	0.0	0.0	0.0	0.1818182	0.0	0.0	0.0	0.0	0.0	0.0	0.0	0.0	0.0	0.0	0.0	0.0	0.0	0.0	0.0	0.0	0.05	0.0	0.0	0.0	0.0	0.0	0.0	0.0	0.0	0.0	0.0	
Red-bellied Woodpecker	1.0	0.6666667	0.6666667	0.6666667	0.5555556	0.4	0.75	0.5	0.5	0.0	0.2941176	0.6428571	0.7692308	0.4375	0.4210526	0.5873016	0.5348837	0.483871	0.6206897	0.8214286	0.2727273	0.2222222	0.3333333	0.6	0.1875	0.0909091	0.0	0.0	0.1428571	0.2	0.0	0.3030303	0.3157895	0.2173913	0.3928571	0.3214286	0.5384615	0.55	0.5	0.4444444	0.3333333	0.5714286	0.3076923	0.2	0.4	0.5	0.6	0.375	
Downy Woodpecker	0.4285714	0.6666667	0.5555556	0.6666667	0.3333333	0.4	0.5	0.5	0.375	0.0	0.2941176	0.6071429	0.6153846	0.375	0.2368421	0.4444444	0.3023256	0.4193548	0.3793103	0.4642857	0.3636364	0.2222222	0.2666667	0.4	0.125	0.0909091	0.6666667	0.25	0.2857143	0.2	0.25	0.3333333	0.3157895	0.4782609	0.5714286	0.4285714	0.5384615	0.5	0.3636364	0.3333333	0.1929825	0.5714286	0.1538462	0.4	0.4	0.3333333	0.6	0.375	
Hairy Woodpecker	0.1428571	0.5	0.2222222	0.0	0.1111111	0.1	0.0	0.25	0.25	0.0	0.1176471	0.1428571	0.1538462	0.0625	0.0526316	0.015873	0.0697674	0.0322581	0.0015	0.0714286	0.0	0.0	0.0	0.2	0.0015	0.0	0.0	0.0	0.0	0.0	0.0	0.030303	0.1052632	0.1304348	0.0714286	0.0714286	0.1538462	0.05	0.0	0.0555556	0.0526316	0.2857143	0.0769231	0.1	0.1	0.0	0.0	0.125	
Northern Flicker	0.0	0.0	0.1111111	0.0015	0.1111111	0.0	0.0	0.25	0.0	0.0	0.2352941	0.3571429	0.4615385	0.375	0.3684211	0.5079365	0.4651163	0.4193548	0.4137931	0.5	0.1818182	0.3333333	0.2666667	0.4	0.1875	0.0909091	0.3333333	0.75	0.4285714	0.2	0.0	0.1818182	0.3157895	0.2608696	0.8214286	0.6785714	0.7692308	0.85	0.8181818	0.3888889	0.0350877	0.0	0.0	0.1	0.1	0.0	0.0	0.0625	
American Kestrel	0.0	0.0	0.0015	0.0	0.0	0.0	0.0	0.0	0.0	0.0	0.0588235	0.0015	0.1538462	0.0	0.0263158	0.0793651	0.0465116	0.016129	0.0344828	0.0357143	0.0	0.0	0.0	0.2	0.0	0.0909091	0.0	0.0	0.1428571	0.0	0.0	0.0606061	0.0	0.0	0.0714286	0.0	0.0769231	0.1	0.1363636	0.0	0.0175439	0.0	0.0	0.0015	0.1	0.0	0.0	0.0015	
Merlin	0.1428571	0.3333333	0.0	0.0	0.1111111	0.2	0.0	0.0	0.0	0.0	0.0	0.0357143	0.0769231	0.0	0.0	0.015873	0.0465116	0.016129	0.0	0.0	0.0	0.0	0.0	0.0	0.0	0.0	0.0	0.0	0.0	0.0	0.0	0.0	0.0	0.0	0.0714286	0.1071429	0.0384615	0.1	0.0454545	0.0	0.0	0.0	0.0	0.0	0.0	0.0	0.1	0.0	
Peregrine Falcon	0.0	0.0	0.0	0.0	0.1111111	0.0	0.0	0.25	0.0	0.0	0.0588235	0.0	0.0	0.03125	0.0015	0.0634921	0.0	0.0	0.0	0.0015	0.0	0.0015	0.0	0.2	0.0	0.0909091	0.0	0.0	0.0	0.0	0.0	0.0	0.0526316	0.0	0.1428571	0.0714286	0.0769231	0.15	0.1363636	0.0555556	0.0175439	0.0	0.0015	0.1	0.0	0.0	0.0	0.0	
Olive-sided Flycatcher	0.0	0.0	0.0	0.0	0.0	0.0	0.0	0.0	0.0	0.0	0.0	0.0	0.0	0.0	0.0	0.0	0.0	0.0	0.0344828	0.0	0.0	0.0	0.0	0.0	0.0	0.0	0.0	0.0	0.0	0.0	0.0	0.0	0.0	0.0	0.0	0.0	0.0	0.0	0.0	0.0	0.0	0.0	0.0	0.0	0.0	0.0	0.0	0.0	
Eastern Wood-Pewee	0.0	0.0	0.0	0.0	0.0	0.0	0.0	0.0	0.0	0.0	0.0	0.0	0.0	0.0	0.0	0.0	0.0232558	0.016129	0.3448276	0.7142857	0.4545455	0.2222222	0.0666667	0.6	0.0	0.1818182	0.3333333	0.0	0.0	0.2	0.0	0.030303	0.0526316	0.1304348	0.3571429	0.2857143	0.2307692	0.15	0.0	0.0	0.0	0.0	0.0	0.0	0.0	0.0	0.0	0.0	
Yellow-bellied Flycatcher	0.0	0.0	0.0	0.0	0.0	0.0	0.0	0.0	0.0	0.0	0.0	0.0	0.0	0.0	0.0	0.0	0.0	0.0	0.0	0.0	0.0	0.0	0.0	0.0	0.0	0.0	0.0	0.0	0.0	0.0	0.0	0.0	0.0526316	0.0	0.0357143	0.0	0.0	0.0	0.0	0.0	0.0	0.0	0.0	0.0	0.0	0.0	0.0	0.0	
Acadian Flycatcher	0.0	0.0	0.0	0.0	0.0	0.0	0.0	0.0	0.0	0.0	0.0	0.0	0.0	0.0	0.0	0.0	0.0	0.0	0.0344828	0.0357143	0.0	0.0	0.0	0.0	0.0	0.0	0.0	0.0	0.0	0.0	0.0	0.0	0.0	0.0	0.0	0.0	0.0	0.0	0.0	0.0	0.0	0.0	0.0	0.0	0.0	0.0	0.0	0.0	
Willow Flycatcher	0.0	0.0	0.0	0.0	0.0	0.0	0.0	0.0	0.0	0.0	0.0	0.0	0.0	0.0	0.0	0.0	0.0	0.016129	0.0	0.0	0.0	0.0	0.0	0.0	0.0	0.0	0.0	0.0	0.0	0.0	0.0	0.030303	0.0	0.0	0.0	0.0	0.0	0.0	0.0	0.0	0.0	0.0	0.0	0.0	0.0	0.0	0.0	0.0	
Least Flycatcher	0.0	0.0	0.0	0.0	0.0	0.0	0.0	0.0	0.0	0.0	0.0	0.0	0.0	0.0	0.0	0.0	0.0930233	0.0967742	0.0	0.0	0.0	0.0	0.0	0.0	0.0	0.0	0.0	0.0	0.0	0.0	0.0	0.0	0.0526316	0.0	0.0357143	0.0357143	0.0384615	0.0	0.0	0.0	0.0	0.0	0.0	0.0	0.0	0.0	0.0	0.0	
Empidonax sp.	0.0	0.0	0.0	0.0	0.0	0.0	0.0	0.0	0.0	0.0	0.0	0.0	0.0	0.0	0.0	0.0	0.0	0.0483871	0.0	0.0	0.0	0.0	0.0	0.0	0.0	0.0	0.0	0.0	0.0	0.0	0.0	0.0606061	0.1052632	0.0869565	0.0357143	0.0	0.0	0.0	0.0	0.0	0.0	0.0	0.0	0.0	0.0	0.0	0.0	0.0	
Eastern Phoebe	0.0	0.0	0.0	0.0	0.0	0.0	0.0	0.0	0.0	0.0	0.1764706	0.0714286	0.7692308	0.125	0.2105263	0.047619	0.0697674	0.0	0.0	0.0	0.0	0.0	0.0	0.2	0.0	0.0909091	0.0	0.0	0.0	0.0	0.0	0.0	0.1052632	0.0	0.3928571	0.3928571	0.6538462	0.8	0.6363636	0.3888889	0.0350877	0.0	0.0	0.0	0.0	0.0	0.0	0.0	
Great Crested Flycatcher	0.0	0.0	0.0	0.0	0.0	0.0	0.0	0.0	0.0	0.0	0.0	0.0	0.0	0.0	0.0	0.015873	0.1162791	0.0806452	0.0689655	0.3214286	0.3636364	0.1111111	0.0	0.2	0.0625	0.0	0.0	0.0	0.0	0.0	0.0	0.0606061	0.1052632	0.0434783	0.1071429	0.0	0.0	0.0	0.0	0.0	0.0	0.0	0.0	0.0	0.0	0.0	0.0	0.0	
Eastern Kingbird	0.0	0.0	0.0	0.0	0.0	0.0	0.0	0.0	0.0	0.0	0.0	0.0	0.0	0.0	0.0	0.047619	0.0232558	0.0967742	0.2758621	0.1785714	0.0909091	0.2222222	0.0666667	0.2	0.0625	0.0	0.0	0.25	0.1428571	0.2	0.0	0.0	0.0526316	0.0	0.0	0.0357143	0.0	0.0	0.0	0.0	0.0	0.0	0.0	0.0	0.0	0.0	0.0	0.0	
White-eyed Vireo	0.0	0.0	0.0	0.0	0.0	0.0	0.0	0.0	0.0	0.0	0.0	0.0	0.0	0.0	0.0	0.015873	0.1627907	0.0	0.0	0.0	0.0	0.0	0.0	0.0	0.0	0.0	0.0	0.0	0.0	0.0	0.0	0.0	0.0	0.0	0.0	0.0357143	0.0	0.0	0.0	0.0	0.0	0.0	0.0	0.0	0.0	0.0	0.0	0.0	
Yellow-throated Vireo	0.0	0.0	0.0	0.0	0.0	0.0	0.0	0.0	0.0	0.0	0.0	0.0	0.0	0.0	0.0	0.0634921	0.1162791	0.0483871	0.0689655	0.0	0.0	0.0	0.0	0.0	0.0	0.0	0.0	0.0	0.0	0.0	0.0	0.0	0.0	0.0	0.0	0.0	0.0	0.0	0.0	0.0	0.0	0.0	0.0	0.0	0.0	0.0	0.0	0.0	
Blue-headed Vireo	0.0	0.0	0.0	0.0	0.0	0.0	0.0	0.0	0.0	0.0	0.0	0.0	0.0	0.0	0.0263158	0.2857143	0.255814	0.2258065	0.0	0.0	0.0	0.0	0.0	0.0	0.0	0.0	0.0	0.0	0.0	0.0	0.0	0.0	0.0	0.0	0.0015	0.1071429	0.2307692	0.3	0.2272727	0.0555556	0.0	0.0	0.0	0.0	0.0	0.0	0.0	0.0	
Philadelphia Vireo	0.0	0.0	0.0	0.0	0.0	0.0	0.0	0.0	0.0	0.0	0.0	0.0	0.0	0.0	0.0	0.0	0.0	0.016129	0.0	0.0	0.0	0.0	0.0	0.0	0.0	0.0	0.0	0.0	0.0	0.0	0.0	0.0	0.0	0.0	0.0	0.0	0.0	0.0	0.0	0.0	0.0	0.0	0.0	0.0	0.0	0.0	0.0	0.0	
Warbling Vireo	0.0	0.0	0.0	0.0	0.0	0.0	0.0	0.0	0.0	0.0	0.0	0.0	0.0	0.0	0.0	0.0952381	0.255814	0.4193548	0.4827586	0.6785714	0.6363636	0.4444444	0.0	0.6	0.3125	0.0	0.0	0.0	0.0	0.2	0.0	0.030303	0.1578947	0.0869565	0.0714286	0.0357143	0.0	0.0	0.0	0.0	0.0	0.0	0.0	0.0	0.0	0.0	0.0	0.0	
Red-eyed Vireo	0.0	0.0	0.0	0.0	0.0	0.0	0.0	0.0	0.0	0.0	0.0	0.0	0.0	0.0	0.0	0.0634921	0.0930233	0.3064516	0.2758621	0.6071429	0.2727273	0.1111111	0.1333333	0.0	0.0625	0.0	0.0	0.0	0.0	0.0	0.0	0.0606061	0.3157895	0.2608696	0.3571429	0.1785714	0.3846154	0.1	0.0	0.0	0.0	0.0	0.0	0.0	0.0	0.0	0.0	0.0	
vireo sp.	0.0	0.0	0.0	0.0	0.0	0.0	0.0	0.0	0.0	0.0	0.0	0.0	0.0	0.0	0.0	0.0	0.0	0.0	0.0	0.0	0.0	0.0	0.0	0.0	0.0	0.0	0.0	0.0	0.0	0.0	0.0	0.0	0.0	0.0	0.0	0.0	0.0	0.05	0.0	0.0	0.0	0.0	0.0	0.0	0.0	0.0	0.0	0.0	
Blue Jay	0.5714286	0.5	0.6666667	0.8333333	0.4444444	0.4	1.0	0.5	0.625	0.6	0.5294118	0.6428571	0.9230769	0.59375	0.5526316	0.6507937	0.627907	0.5967742	0.8275862	0.8214286	0.7272727	0.3333333	0.6	0.8	0.5	0.5454545	0.6666667	0.5	0.5714286	0.6	0.5	0.5757576	0.6842105	0.5652174	0.6428571	0.6071429	0.8076923	0.85	0.8181818	0.6111111	0.3157895	0.8571429	0.4615385	0.5	0.7	0.5	0.7	0.625	
American Crow	0.4285714	0.1666667	0.2222222	0.1666667	0.2222222	0.2	0.5	0.75	0.25	0.2	0.2352941	0.1785714	0.3846154	0.1875	0.0263158	0.1904762	0.2325581	0.0967742	0.1724138	0.2142857	0.2727273	0.1111111	0.1333333	0.4	0.125	0.1818182	0.3333333	0.5	0.0	0.2	0.5	0.2121212	0.0526316	0.0869565	0.25	0.25	0.5	0.55	0.5	0.1111111	0.1578947	0.2857143	0.0	0.1	0.2	0.0015	0.1	0.1875	
Fish Crow	0.0	0.0	0.0	0.0	0.0	0.0	0.0	0.0	0.0	0.0	0.1764706	0.0357143	0.0769231	0.03125	0.0263158	0.047619	0.0465116	0.0	0.0	0.0	0.0	0.0	0.0	0.0	0.0	0.0	0.0	0.0	0.0	0.0	0.0	0.0	0.0	0.0	0.0357143	0.0	0.0	0.0015	0.0909091	0.0	0.0175439	0.0	0.0	0.0	0.0	0.0	0.0	0.0	
crow sp.	0.0	0.0	0.0	0.0	0.0	0.0	0.0	0.0	0.0	0.0	0.0588235	0.0	0.0769231	0.0	0.0263158	0.015873	0.0	0.0	0.0	0.0	0.0	0.0	0.0	0.0	0.0	0.0	0.0	0.0	0.0	0.0	0.0	0.0	0.0	0.0	0.0357143	0.0357143	0.0384615	0.0	0.0	0.0555556	0.0	0.0	0.0	0.1	0.0	0.0	0.0	0.0	
Black-capped Chickadee	0.5714286	0.6666667	0.5555556	0.5	0.3333333	0.5	0.5	0.5	0.5	0.0015	0.2941176	0.2857143	0.5384615	0.34375	0.2105263	0.2063492	0.1860465	0.2419355	0.3448276	0.2857143	0.0909091	0.0	0.0	0.0	0.0	0.0909091	0.3333333	0.0	0.1428571	0.2	0.0	0.0606061	0.1052632	0.0434783	0.1428571	0.0357143	0.3461538	0.35	0.2272727	0.1111111	0.1052632	0.1428571	0.0769231	0.2	0.2	0.0	0.2	0.3125	
Tufted Titmouse	0.4285714	0.5	0.5555556	0.6666667	0.3333333	0.4	0.25	0.25	0.5	0.2	0.2941176	0.3928571	0.6153846	0.4375	0.2894737	0.2539683	0.2093023	0.0806452	0.1724138	0.2857143	0.2727273	0.1111111	0.2	0.2	0.1875	0.1818182	0.0	0.0	0.1428571	0.0	0.0	0.0909091	0.1052632	0.0434783	0.0714286	0.0714286	0.0	0.2	0.1818182	0.1111111	0.0526316	0.1428571	0.0769231	0.2	0.2	0.0	0.4	0.0625	
Northern Rough-winged Swallow	0.0	0.0	0.0	0.0	0.0	0.0	0.0	0.0	0.0	0.0	0.0	0.0	0.0769231	0.0625	0.0	0.047619	0.0930233	0.0645161	0.0344828	0.0357143	0.0909091	0.1111111	0.0666667	0.2	0.0625	0.0015	0.0	0.25	0.0	0.2	0.0	0.0	0.0	0.0	0.0	0.0	0.0	0.0	0.0	0.0	0.0	0.0	0.0	0.0	0.0	0.0	0.0	0.0	
Tree Swallow	0.0	0.0	0.0	0.0	0.0	0.0	0.0	0.0	0.0	0.0	0.0	0.0	0.0769231	0.03125	0.0	0.0793651	0.0465116	0.0483871	0.0	0.0	0.0909091	0.1111111	0.0	0.0	0.0	0.0	0.0	0.0	0.1428571	0.0	0.0	0.0	0.0	0.0	0.0357143	0.0	0.0	0.0	0.0	0.0	0.0	0.0	0.0	0.0	0.0	0.0	0.0	0.0	
Bank Swallow	0.0	0.0	0.0	0.0	0.0	0.0	0.0	0.0	0.0	0.0	0.0	0.0	0.0	0.0	0.0	0.0	0.0	0.0	0.0344828	0.0	0.0	0.0	0.0	0.0	0.0	0.0	0.0	0.0	0.0	0.0	0.0	0.0	0.0	0.0	0.0	0.0357143	0.0	0.0	0.0	0.0	0.0	0.0	0.0	0.0	0.0	0.0	0.0	0.0	
Barn Swallow	0.0	0.0	0.0	0.0	0.0	0.0	0.0	0.0	0.0	0.0	0.0	0.0	0.0	0.03125	0.0	0.0793651	0.1627907	0.1290323	0.1724138	0.2142857	0.2727273	0.6666667	0.5333333	0.6	0.5	0.4545455	0.6666667	0.25	0.4285714	0.6	0.0	0.0909091	0.0	0.0	0.0	0.0	0.0	0.05	0.0	0.0	0.0	0.0	0.0	0.0	0.0	0.0	0.0	0.0	
swallow sp.	0.0	0.0	0.0	0.0	0.0	0.0	0.0	0.0	0.0	0.0	0.0	0.0	0.0	0.0	0.0	0.0	0.0	0.0	0.0	0.0357143	0.0	0.0	0.0	0.0	0.0	0.0	0.0	0.0	0.0	0.0	0.0	0.0	0.0	0.0	0.0	0.0	0.0	0.0	0.0	0.0	0.0	0.0	0.0	0.0	0.0	0.0	0.0	0.0	
Ruby-crowned Kinglet	0.0	0.0	0.0	0.0	0.0	0.0	0.0	0.0	0.0	0.0	0.0	0.0	0.1538462	0.125	0.5	0.5238095	0.5116279	0.4193548	0.0344828	0.0	0.0	0.0	0.0	0.0	0.0	0.0	0.0	0.0	0.0	0.0	0.0	0.0	0.0	0.0	0.2857143	0.1785714	0.6153846	0.7	0.7272727	0.6666667	0.1754386	0.2857143	0.0	0.0	0.0	0.0	0.1	0.0	
Golden-crowned Kinglet	0.0	0.0	0.0	0.1666667	0.0	0.0	0.0	0.0	0.0	0.0	0.0	0.0357143	0.5384615	0.15625	0.1052632	0.047619	0.0	0.0	0.0	0.0	0.0	0.0	0.0	0.0	0.0	0.0	0.0	0.0	0.0	0.0	0.0	0.0	0.0	0.0	0.0357143	0.0357143	0.5	0.5	0.6363636	0.5	0.1052632	0.2857143	0.1538462	0.0	0.1	0.1666667	0.0	0.0	
Red-breasted Nuthatch	0.0	0.1666667	0.0	0.0	0.0	0.0	0.0	0.0	0.0	0.0	0.0	0.0	0.0	0.0	0.0	0.0015	0.0	0.0483871	0.0	0.0714286	0.0	0.0	0.0	0.0	0.0	0.0	0.0	0.0	0.0	0.0	0.0	0.0	0.0	0.0	0.1071429	0.1071429	0.0384615	0.05	0.0909091	0.0555556	0.0175439	0.1428571	0.0015	0.1	0.2	0.0	0.2	0.0	
White-breasted Nuthatch	0.5714286	0.6666667	0.5555556	0.5	0.4444444	0.4	0.5	0.25	0.375	0.0	0.2941176	0.3571429	0.6153846	0.28125	0.2631579	0.0793651	0.1395349	0.0806452	0.0344828	0.1071429	0.0909091	0.0	0.0666667	0.2	0.0625	0.0	0.3333333	0.0	0.1428571	0.2	0.0	0.030303	0.1052632	0.0869565	0.0714286	0.0714286	0.0384615	0.45	0.3636364	0.3888889	0.1403509	0.8571429	0.1538462	0.2	0.4	0.3333333	0.6	0.0625	
Brown Creeper	0.0	0.0	0.1111111	0.0	0.0	0.0	0.0	0.0	0.125	0.0	0.0588235	0.0	0.1538462	0.15625	0.1578947	0.0952381	0.0	0.0	0.0	0.0	0.0	0.0	0.0	0.0	0.0	0.0	0.0	0.0	0.0	0.0	0.0015	0.0	0.0	0.0	0.0357143	0.1428571	0.1153846	0.15	0.1818182	0.1666667	0.0701754	0.1428571	0.0	0.0	0.0	0.0	0.1	0.0	
Blue-gray Gnatcatcher	0.0	0.0	0.0	0.0	0.0	0.0	0.0	0.0	0.0	0.0	0.0	0.0	0.0769231	0.03125	0.0263158	0.2063492	0.1162791	0.0483871	0.0689655	0.0	0.0	0.0	0.0	0.0	0.0	0.0	0.0	0.0	0.0	0.2	0.0	0.0606061	0.0526316	0.0434783	0.1071429	0.0357143	0.0384615	0.0	0.0	0.0	0.0	0.0	0.0	0.0	0.0	0.0	0.0	0.0	
House Wren	0.0	0.0	0.0	0.0	0.0	0.0	0.0	0.0	0.0	0.0	0.0	0.0	0.0	0.0	0.0	0.1428571	0.1860465	0.3225806	0.4482759	0.3571429	0.2727273	0.3333333	0.0666667	0.0	0.1875	0.5454545	0.3333333	0.25	0.1428571	0.4	0.0	0.030303	0.0526316	0.173913	0.3571429	0.1071429	0.2692308	0.15	0.1363636	0.0	0.0350877	0.0	0.0	0.0	0.0	0.0	0.1	0.0625	
Winter Wren	0.2857143	0.1666667	0.0	0.1666667	0.0	0.0	0.25	0.0	0.0	0.0	0.0	0.1071429	0.0769231	0.03125	0.0789474	0.0634921	0.0465116	0.0	0.0	0.0	0.0	0.0	0.0	0.0	0.0	0.0	0.0	0.0	0.0	0.0	0.0	0.0	0.0	0.0	0.1428571	0.2142857	0.1923077	0.45	0.3636364	0.2222222	0.0526316	0.0	0.0015	0.0	0.0	0.0	0.0	0.0	
Marsh Wren	0.0	0.0	0.0	0.0	0.0	0.0	0.0	0.0	0.0	0.0	0.0	0.0	0.0	0.0	0.0	0.0	0.0	0.0	0.0	0.0	0.0	0.0	0.0	0.0	0.0	0.0	0.0	0.0	0.0	0.0	0.0	0.0	0.0	0.0	0.0357143	0.0357143	0.0384615	0.0	0.0	0.0	0.0	0.0	0.0	0.0	0.0	0.0	0.0	0.0	
Carolina Wren	0.2857143	0.3333333	0.2222222	0.1666667	0.0	0.0	0.5	0.0	0.25	0.2	0.2352941	0.0714286	0.3076923	0.03125	0.1052632	0.0952381	0.0232558	0.016129	0.0344828	0.0	0.0	0.0	0.0	0.0	0.125	0.0909091	0.3333333	0.0	0.0	0.2	0.0	0.2121212	0.2105263	0.3043478	0.1785714	0.1785714	0.2307692	0.25	0.0454545	0.0555556	0.0350877	0.1428571	0.0769231	0.0	0.1	0.0	0.0	0.0625	
European Starling	0.5714286	0.3333333	0.2222222	0.3333333	0.3333333	0.4	0.5	0.25	0.625	0.6	0.7647059	0.7142857	1.0	0.71875	0.8157895	0.8253968	0.6511628	0.7903226	0.7931034	0.8928571	0.9090909	0.7777778	0.9333333	0.6	0.9375	0.8181818	0.6666667	1.0	0.7142857	1.0	0.75	0.6969697	0.7368421	0.5652174	0.6428571	0.6428571	0.8846154	0.75	0.7727273	0.6666667	0.245614	0.7142857	0.3076923	0.2	0.3	0.3333333	0.5	0.5	
Gray Catbird	0.0	0.0	0.0	0.0	0.0	0.0	0.0	0.0	0.0	0.0	0.0	0.0	0.0	0.0	0.0	0.3015873	0.7674419	0.8225806	0.8275862	0.9285714	0.7272727	0.5555556	0.6	0.8	0.5	0.1818182	0.3333333	0.25	0.5714286	0.6	0.25	0.5454545	0.7368421	0.7826087	0.8214286	0.75	0.8846154	0.75	0.6818182	0.6666667	0.0701754	0.0	0.0	0.0	0.2	0.3333333	0.1	0.0	
Brown Thrasher	0.0	0.0	0.0015	0.0	0.1111111	0.0	0.0	0.0	0.0015	0.0	0.0	0.0	0.0769231	0.09375	0.0263158	0.1428571	0.0930233	0.0483871	0.0	0.0	0.0	0.0	0.0	0.0	0.0	0.0	0.0	0.25	0.0	0.0	0.0	0.0	0.0	0.0	0.4285714	0.5357143	0.6153846	0.3	0.1818182	0.0555556	0.0175439	0.1428571	0.0	0.0	0.1	0.0	0.1	0.0	
Northern Mockingbird	0.2857143	0.5	0.3333333	0.3333333	0.1111111	0.1	0.0	0.25	0.0	0.0	0.2352941	0.1785714	0.2307692	0.15625	0.2368421	0.1904762	0.1395349	0.1451613	0.1724138	0.1071429	0.1818182	0.1111111	0.2	0.4	0.25	0.1818182	0.3333333	0.25	0.8571429	0.2	0.25	0.2121212	0.0526316	0.0	0.2142857	0.2857143	0.1153846	0.25	0.3181818	0.0555556	0.0526316	0.2857143	0.0	0.2	0.0	0.0	0.3	0.125	
Eastern Bluebird	0.0	0.0	0.0	0.0	0.0	0.0	0.0	0.0	0.0	0.0	0.0	0.0	0.0	0.0	0.0	0.0	0.0	0.016129	0.0	0.0	0.0	0.0	0.0	0.0	0.0	0.0	0.0	0.0	0.0	0.0	0.0	0.0	0.0	0.0	0.0	0.0	0.0384615	0.1	0.0909091	0.0555556	0.0350877	0.1428571	0.0015	0.0	0.0	0.0	0.0	0.0	
Veery	0.0	0.0	0.0	0.0	0.0	0.0	0.0	0.0	0.0	0.0	0.0	0.0	0.0	0.0	0.0	0.015873	0.372093	0.2903226	0.2413793	0.1428571	0.0015	0.0	0.0	0.0	0.0	0.0	0.0	0.0	0.0	0.0	0.0	0.1515152	0.4736842	0.3043478	0.25	0.0	0.0384615	0.05	0.0	0.0	0.0	0.0	0.0	0.0	0.0	0.0	0.0	0.0	
Gray-cheeked Thrush	0.0	0.0	0.0	0.0	0.0	0.0	0.0	0.0	0.0	0.0	0.0	0.0	0.0	0.0	0.0	0.0	0.0	0.1129032	0.2413793	0.25	0.0	0.0	0.0	0.0	0.0	0.0	0.0	0.0	0.0	0.0	0.0	0.0	0.0	0.0434783	0.0357143	0.0714286	0.2307692	0.1	0.0454545	0.0555556	0.0	0.0	0.0	0.0	0.0	0.0	0.0	0.0	
Gray-cheeked/Bicknell's Thrush	0.0	0.0	0.0	0.0	0.0	0.0	0.0	0.0	0.0	0.0	0.0	0.0	0.0	0.0	0.0	0.0	0.0	0.0	0.0	0.0	0.0	0.0	0.0	0.0	0.0	0.0	0.0	0.0	0.0	0.0	0.0	0.0	0.0	0.0	0.0357143	0.0	0.0	0.0	0.0	0.0	0.0	0.0	0.0	0.0	0.0	0.0	0.0	0.0	
Swainson's Thrush	0.0	0.0	0.0	0.0	0.0	0.0	0.0	0.0	0.0	0.0	0.0	0.0	0.0	0.0	0.0	0.0015	0.0465116	0.2419355	0.3793103	0.2142857	0.0	0.0	0.0	0.0	0.0	0.0	0.0	0.0	0.0	0.0	0.0	0.0	0.0526316	0.173913	0.6785714	0.5357143	0.6153846	0.3	0.1363636	0.0	0.0	0.0	0.0	0.0	0.0	0.0	0.0	0.0	
Hermit Thrush	0.0	0.0	0.0	0.0015	0.1111111	0.1	0.0	0.0	0.0	0.0	0.0	0.0357143	0.2307692	0.40625	0.5263158	0.5555556	0.5581395	0.1774194	0.0689655	0.0	0.0	0.0	0.0	0.0	0.0	0.0	0.0	0.0	0.0	0.0	0.0	0.0	0.0	0.0	0.0357143	0.1071429	0.1538462	0.5	0.7272727	0.7777778	0.3333333	0.5714286	0.1538462	0.1	0.1	0.0	0.2	0.0625	
Catharus sp.	0.0	0.0	0.0	0.0	0.0	0.0	0.0	0.0	0.0	0.0	0.0	0.0	0.0	0.0	0.0	0.0	0.0	0.0	0.0	0.0	0.0	0.0	0.0	0.0	0.0	0.0	0.0	0.0	0.0	0.0	0.0	0.030303	0.0	0.0434783	0.0	0.0	0.0	0.05	0.0	0.0	0.0	0.0	0.0	0.0	0.0	0.0	0.0	0.0	
Wood Thrush	0.0	0.0	0.0	0.0	0.0	0.0	0.0	0.0	0.0	0.0	0.0	0.0	0.0	0.0	0.0	0.1428571	0.4883721	0.4032258	0.4827586	0.6785714	0.3636364	0.3333333	0.1333333	0.4	0.1875	0.0	0.3333333	0.0	0.0	0.0	0.0	0.0606061	0.1052632	0.0434783	0.3214286	0.3214286	0.4615385	0.2	0.1363636	0.0555556	0.0175439	0.0	0.0	0.0	0.0	0.0	0.0	0.0	
American Robin	0.5714286	0.1666667	0.1111111	0.1666667	0.2222222	0.2	0.5	0.0	0.375	0.6	0.8235294	0.6071429	1.0	0.75	0.7368421	0.8730159	0.8837209	0.9193548	0.8275862	1.0	0.8181818	1.0	0.8666667	0.8	0.875	0.7272727	1.0	0.75	0.8571429	1.0	0.75	0.7575758	0.7894737	0.826087	0.8571429	0.8214286	0.8846154	0.8	0.8636364	0.7222222	0.2807018	0.7142857	0.4615385	0.4	0.4	0.5	0.7	0.4375	
Cedar Waxwing	0.0	0.0	0.0	0.0	0.0	0.0	0.0	0.0	0.0	0.0	0.0588235	0.0	0.0769231	0.03125	0.0	0.031746	0.0	0.0967742	0.6206897	0.6785714	0.6363636	0.1111111	0.2	0.4	0.0	0.1818182	0.3333333	0.0	0.1428571	0.2	0.0	0.2121212	0.1052632	0.1304348	0.3571429	0.2857143	0.5	0.3	0.0909091	0.1666667	0.122807	0.5714286	0.1538462	0.0	0.3	0.1666667	0.3	0.0625	
House Sparrow	0.8571429	0.6666667	0.8888889	1.0	0.5555556	0.9	0.75	0.75	1.0	0.6	0.8823529	0.8214286	1.0	0.75	0.9210526	0.9206349	0.7906977	0.9032258	0.862069	1.0	0.8181818	0.8888889	0.8	0.6	1.0	0.9090909	1.0	1.0	1.0	1.0	0.75	0.8181818	0.6315789	0.8695652	0.8571429	0.9285714	0.9615385	0.8	0.9545455	0.8888889	0.4385965	0.8571429	0.6923077	0.6	0.7	1.0	1.0	0.8125	
American Pipit	0.0	0.0	0.0	0.0	0.0	0.0	0.0	0.0	0.0	0.0	0.0	0.0	0.0	0.0	0.0	0.0	0.0	0.0	0.0	0.0	0.0	0.0	0.0	0.0	0.0	0.0	0.0	0.0	0.0	0.0	0.0	0.0	0.0	0.0	0.0	0.0	0.0	0.1	0.1363636	0.0	0.0	0.0	0.0	0.0	0.0	0.0	0.0	0.0	
House Finch	0.4285714	0.3333333	0.2222222	0.1666667	0.2222222	0.3	0.25	0.0	0.25	0.2	0.1764706	0.4285714	0.4615385	0.25	0.1315789	0.0952381	0.0930233	0.1774194	0.1034483	0.2142857	0.0909091	0.0	0.2	0.2	0.0625	0.0909091	0.3333333	0.25	0.1428571	0.0	0.25	0.030303	0.0	0.0	0.1071429	0.0357143	0.1153846	0.15	0.2727273	0.2222222	0.0701754	0.1428571	0.1538462	0.1	0.3	0.1666667	0.2	0.1875	
Purple Finch	0.0	0.0	0.0	0.0	0.1111111	0.0	0.0	0.0	0.0	0.0	0.0	0.0	0.0769231	0.0	0.0263158	0.0	0.0	0.0	0.0	0.0	0.0	0.0	0.0	0.0	0.0	0.0	0.0	0.0	0.0	0.0	0.0	0.0	0.0	0.0	0.0357143	0.0357143	0.0384615	0.1	0.0909091	0.0555556	0.0	0.0	0.0	0.0	0.0	0.0	0.0	0.0	
White-winged Crossbill	0.0	0.0	0.1111111	0.0015	0.0	0.0015	0.0	0.0	0.0	0.0	0.0	0.0	0.0	0.0	0.0	0.0	0.0	0.0	0.0	0.0	0.0	0.0	0.0	0.0	0.0	0.0	0.0	0.0	0.0	0.0	0.0	0.0	0.0	0.0	0.0	0.0	0.0	0.0	0.0	0.0	0.0	0.0	0.0	0.0	0.0	0.0	0.0	0.0	
Pine Siskin	0.2857143	0.1666667	0.2222222	0.1666667	0.1111111	0.1	0.25	0.0	0.0	0.0	0.1764706	0.3571429	0.2307692	0.21875	0.1842105	0.047619	0.0	0.0	0.0	0.0	0.0	0.0	0.0	0.0	0.0	0.0	0.0	0.0	0.0	0.0	0.0	0.0	0.0	0.0	0.0	0.0	0.0	0.0	0.1363636	0.0555556	0.0	0.0	0.0	0.0	0.0	0.0	0.0	0.0	
American Goldfinch	0.5714286	0.1666667	0.3333333	0.5	0.2222222	0.3	0.25	0.0	0.125	0.0	0.2352941	0.3571429	0.4615385	0.28125	0.2105263	0.2857143	0.1627907	0.2096774	0.1034483	0.0357143	0.0	0.0	0.0	0.2	0.0015	0.0	0.0	0.0	0.1428571	0.2	0.0	0.0606061	0.1578947	0.0	0.1785714	0.0357143	0.1153846	0.3	0.3636364	0.1111111	0.0526316	0.1428571	0.1538462	0.4	0.6	0.1666667	0.2	0.125	
Chipping Sparrow	0.0	0.0	0.0	0.0	0.0	0.0	0.0	0.0	0.0	0.0	0.0	0.0	0.1538462	0.28125	0.2368421	0.3174603	0.1860465	0.1774194	0.1034483	0.0714286	0.0	0.0	0.0	0.2	0.0	0.0	0.0	0.0	0.0	0.2	0.0	0.0	0.0	0.0	0.1428571	0.1071429	0.2307692	0.6	0.5454545	0.5555556	0.0350877	0.2857143	0.0	0.0	0.0015	0.0015	0.0	0.0	
Field Sparrow	0.0	0.0	0.0	0.0	0.0	0.0	0.0	0.0	0.0	0.0015	0.0	0.0	0.0769231	0.0	0.0263158	0.047619	0.0232558	0.016129	0.0	0.0	0.0	0.0	0.0	0.0	0.0	0.0	0.0	0.0	0.0	0.0	0.0	0.0	0.0	0.0	0.0	0.0357143	0.0384615	0.2	0.3181818	0.1111111	0.0015	0.2857143	0.0	0.0	0.0	0.0	0.0	0.0	
American Tree Sparrow	0.0	0.0	0.0	0.1666667	0.1111111	0.0	0.0	0.0	0.0	0.0	0.0	0.0	0.0	0.0	0.0	0.0	0.0	0.0	0.0	0.0	0.0	0.0	0.0	0.0	0.0	0.0	0.0	0.0	0.0	0.0	0.0	0.0	0.0	0.0	0.0	0.0	0.0	0.0	0.0	0.0	0.0	0.0	0.0	0.1	0.0	0.0	0.0015	0.0	
Fox Sparrow	0.0	0.0	0.1111111	0.1666667	0.0	0.0	0.0	0.0	0.0	0.0	0.1176471	0.0357143	0.3076923	0.09375	0.0526316	0.015873	0.0	0.0	0.0	0.0	0.0	0.0	0.0	0.0	0.0	0.0	0.0	0.0	0.0	0.0	0.0	0.0	0.0	0.0	0.0	0.0	0.0	0.0	0.1363636	0.0555556	0.0175439	0.2857143	0.0769231	0.2	0.3	0.0	0.1	0.0	
Dark-eyed Junco	0.2857143	0.6666667	0.4444444	0.6666667	0.2222222	0.1	0.25	0.25	0.375	0.0	0.4117647	0.3571429	0.3076923	0.40625	0.3684211	0.1746032	0.0	0.0	0.0	0.0357143	0.0	0.0	0.0	0.0	0.0	0.0	0.0	0.0	0.0	0.0	0.0	0.0	0.0	0.0	0.0357143	0.1785714	0.1538462	0.4	0.8181818	0.7222222	0.2105263	0.8571429	0.5384615	0.3	0.2	0.0	0.4	0.25	
White-crowned Sparrow	0.0	0.0	0.0015	0.0	0.0	0.0	0.0	0.0	0.0	0.0	0.0	0.0	0.0	0.0	0.0	0.015873	0.2093023	0.0967742	0.0	0.0	0.0	0.0	0.0	0.0	0.0	0.0	0.0	0.0	0.0	0.0	0.0	0.0	0.0	0.0	0.0	0.0	0.0384615	0.15	0.5	0.1666667	0.0	0.1428571	0.0	0.1	0.0	0.0	0.0	0.0	
White-throated Sparrow	0.8571429	0.6666667	0.6666667	0.8333333	0.5555556	0.4	0.5	0.5	0.75	0.6	0.7058824	0.6785714	0.7692308	0.59375	0.7368421	0.8730159	0.744186	0.6129032	0.2413793	0.2142857	0.0	0.0	0.0	0.0	0.0	0.0	0.0	0.0	0.0	0.0	0.0	0.0	0.0	0.0869565	0.3928571	0.6428571	0.8076923	0.75	1.0	0.8888889	0.4736842	0.7142857	0.6923077	0.8	0.8	0.8333333	1.0	0.625	
Saltmarsh Sparrow	0.0	0.0	0.0	0.0	0.0	0.0	0.0	0.0	0.0	0.0	0.0	0.0	0.0	0.0	0.0	0.0	0.0	0.0322581	0.0	0.0	0.0	0.0	0.0	0.0	0.0	0.0	0.0	0.0	0.0	0.0	0.0	0.0	0.0	0.0	0.0	0.0	0.0	0.0	0.0	0.0	0.0	0.0	0.0	0.0	0.0	0.0	0.0	0.0	
Savannah Sparrow	0.0	0.0	0.0	0.0	0.0	0.0	0.0	0.0	0.0	0.0	0.0	0.0	0.0	0.0	0.0263158	0.031746	0.0465116	0.0806452	0.0344828	0.0	0.0	0.0	0.0	0.0	0.0	0.0	0.0	0.0	0.0	0.0	0.0	0.0	0.0	0.0	0.0357143	0.0357143	0.0769231	0.3	0.2727273	0.0	0.0175439	0.0	0.0	0.0	0.0	0.0	0.0	0.0	
Song Sparrow	0.4285714	0.0	0.2222222	0.0	0.1111111	0.2	0.25	0.0	0.25	0.2	0.5882353	0.3928571	0.6153846	0.375	0.3684211	0.3174603	0.1860465	0.1774194	0.3448276	0.3571429	0.4545455	0.1111111	0.1333333	0.2	0.125	0.0	0.0	0.0	0.1428571	0.0015	0.0	0.030303	0.0	0.173913	0.0714286	0.2857143	0.5	0.65	0.8181818	0.5555556	0.1754386	0.4285714	0.0769231	0.0	0.1	0.1666667	0.2	0.125	
Lincoln's Sparrow	0.0	0.0	0.0	0.0	0.0	0.0	0.0	0.0	0.0	0.0	0.0	0.0	0.0	0.0	0.0	0.0	0.0	0.0806452	0.0344828	0.0	0.0	0.0	0.0	0.0	0.0	0.0	0.0	0.0	0.0	0.0	0.0	0.0	0.0	0.0	0.0	0.1071429	0.0384615	0.05	0.0454545	0.0	0.0	0.0	0.0	0.0	0.0	0.0	0.0	0.0	
Swamp Sparrow	0.0	0.0	0.0	0.0	0.0	0.0	0.0	0.0	0.0	0.0	0.0588235	0.0714286	0.2307692	0.1875	0.1842105	0.3650794	0.2093023	0.2419355	0.0	0.0357143	0.0	0.0	0.0	0.0	0.0	0.0	0.0	0.0	0.0	0.0	0.0	0.0	0.0	0.0	0.1785714	0.1785714	0.1538462	0.5	0.4090909	0.0555556	0.0175439	0.0	0.0015	0.0	0.0	0.1666667	0.0	0.0	
Eastern Towhee	0.0	0.0	0.1111111	0.0015	0.1111111	0.0	0.0	0.0	0.0015	0.0	0.0	0.0357143	0.1538462	0.09375	0.1842105	0.4603175	0.4186047	0.1774194	0.2068966	0.1428571	0.0909091	0.1111111	0.1333333	0.2	0.125	0.0	0.3333333	0.0015	0.1428571	0.2	0.0	0.0606061	0.0526316	0.0	0.0	0.2142857	0.4230769	0.55	0.6363636	0.2222222	0.0526316	0.0015	0.0015	0.0	0.0	0.0	0.4	0.0	
sparrow sp.	0.0	0.0	0.0	0.0	0.0	0.0	0.0	0.0	0.0	0.0	0.0	0.0	0.0	0.0	0.0	0.0	0.0	0.0	0.0	0.0	0.0	0.0	0.0	0.0	0.0	0.0	0.0	0.0	0.0	0.0	0.0	0.0	0.0	0.0	0.0	0.0	0.0	0.05	0.0	0.0	0.0	0.0	0.0	0.0	0.0	0.0	0.0	0.0	
Yellow-breasted Chat	0.0	0.0	0.0	0.0	0.0	0.0	0.0	0.0	0.0	0.0	0.0	0.0	0.0	0.0	0.0	0.0	0.0232558	0.016129	0.0	0.0	0.0	0.0	0.0	0.0	0.0	0.0	0.0	0.0	0.0	0.0	0.0	0.0	0.0	0.0	0.0	0.0	0.0	0.0	0.0	0.0	0.0	0.0	0.0	0.0	0.0	0.0	0.0	0.0	
Bobolink	0.0	0.0	0.0	0.0	0.0	0.0	0.0	0.0	0.0	0.0	0.0	0.0	0.0	0.0	0.0	0.0	0.0	0.0	0.0	0.0	0.0	0.0	0.0	0.0	0.0	0.0	0.0	0.0	0.0	0.0	0.0	0.0	0.0	0.0	0.0357143	0.0357143	0.0384615	0.05	0.0	0.0	0.0	0.0	0.0	0.0	0.0	0.0	0.0	0.0	
Eastern Meadowlark	0.0	0.0	0.0	0.0	0.0	0.0	0.0	0.0	0.0	0.0	0.0	0.0	0.0	0.0	0.0	0.0	0.0	0.0	0.0	0.0	0.0	0.0	0.0	0.0	0.0	0.0	0.0	0.0	0.0	0.0	0.0	0.0	0.0	0.0	0.0	0.0	0.0384615	0.0	0.1363636	0.0	0.0	0.0	0.0	0.0	0.0	0.0	0.0	0.0	
Orchard Oriole	0.0	0.0	0.0	0.0	0.0	0.0	0.0	0.0	0.0	0.0	0.0	0.0	0.0	0.0	0.0	0.047619	0.0697674	0.0645161	0.137931	0.1071429	0.0	0.2222222	0.0666667	0.4	0.0625	0.0	0.0	0.0	0.1428571	0.0	0.0	0.0	0.0	0.0	0.0	0.0	0.0	0.0	0.0	0.0	0.0	0.0	0.0	0.0	0.0	0.0	0.0	0.0	
Baltimore Oriole	0.0	0.0	0.0	0.0	0.0	0.0	0.0	0.0	0.0	0.0	0.0	0.0	0.0	0.0	0.0	0.2063492	0.3953488	0.4677419	0.7241379	0.7857143	0.5454545	0.2222222	0.4	0.8	0.0625	0.0	0.0	0.0	0.0	0.2	0.0	0.1212121	0.0526316	0.0434783	0.1071429	0.1428571	0.1153846	0.05	0.0454545	0.0555556	0.0015	0.0	0.0	0.0	0.0	0.0	0.0	0.0	
Red-winged Blackbird	0.0	0.0	0.0	0.0	0.0	0.1	0.0	0.25	0.0	0.2	0.1176471	0.3214286	0.5384615	0.34375	0.1842105	0.3650794	0.2790698	0.4032258	0.3103448	0.4285714	0.5454545	0.1111111	0.2	0.6	0.4375	0.2727273	0.0	0.0	0.5714286	0.2	0.0	0.0	0.0526316	0.0	0.1071429	0.0714286	0.0769231	0.15	0.2272727	0.2222222	0.0526316	0.1428571	0.0	0.0	0.3	0.0	0.0	0.0	
Brown-headed Cowbird	0.0	0.0	0.0	0.0	0.0	0.0	0.0	0.0	0.0	0.0	0.0588235	0.0714286	0.1538462	0.21875	0.1052632	0.2063492	0.1162791	0.1129032	0.1034483	0.0714286	0.0	0.0	0.0666667	0.2	0.0	0.0	0.3333333	0.5	0.0	0.2	0.0	0.0606061	0.0	0.0	0.0357143	0.0357143	0.0384615	0.05	0.1363636	0.0555556	0.0526316	0.0	0.0	0.0	0.0	0.1666667	0.0	0.0	
Rusty Blackbird	0.0	0.0	0.0	0.0	0.0	0.0	0.0	0.0	0.0	0.0	0.0	0.0	0.1538462	0.03125	0.0	0.015873	0.0	0.0	0.0	0.0	0.0	0.0	0.0	0.0	0.0	0.0	0.0	0.0	0.0	0.0	0.0	0.0	0.0	0.0	0.0357143	0.0	0.0	0.1	0.0454545	0.0	0.0175439	0.0	0.0	0.0	0.0	0.0	0.0	0.0	
Common Grackle	0.4285714	0.1666667	0.2222222	0.5	0.2222222	0.2	0.25	0.0	0.125	0.2	0.4705882	0.5714286	0.7692308	0.46875	0.3947368	0.6190476	0.7209302	0.7419355	0.6551724	0.8214286	0.5454545	0.7777778	0.6	0.8	0.5625	0.5454545	0.3333333	0.5	0.4285714	0.0015	0.5	0.5757576	0.8421053	0.4347826	0.7142857	0.6071429	0.8076923	0.6	0.4545455	0.3888889	0.1754386	0.2857143	0.0769231	0.0	0.4	0.0	0.6	0.25	
Boat-tailed Grackle	0.0	0.0	0.0	0.0	0.0	0.0	0.0	0.0	0.0	0.0	0.0	0.0	0.0	0.0	0.0	0.015873	0.0	0.0	0.0	0.0	0.0	0.0	0.0	0.0	0.0	0.0	0.0	0.0	0.0	0.0	0.0	0.0	0.0	0.0	0.0	0.0	0.0	0.0	0.0	0.0	0.0	0.0	0.0	0.0	0.0	0.0	0.0	0.0	
Ovenbird	0.0	0.0	0.0	0.0	0.0	0.0	0.0	0.0	0.0	0.0	0.0	0.0	0.0	0.0	0.0	0.2698413	0.627907	0.6290323	0.5517241	0.3214286	0.2727273	0.0	0.0	0.0	0.0	0.0	0.0	0.0	0.0	0.0015	0.0	0.1818182	0.2631579	0.0434783	0.25	0.1428571	0.1538462	0.2	0.1363636	0.1111111	0.0350877	0.0	0.0	0.0	0.0	0.3333333	0.1	0.0	
Worm-eating Warbler	0.0	0.0	0.0	0.0	0.0	0.0	0.0	0.0	0.0	0.0	0.0	0.0	0.0	0.0	0.0	0.0634921	0.0232558	0.0322581	0.0	0.0	0.0	0.0	0.0	0.0	0.0	0.0	0.0	0.0	0.0	0.2	0.0	0.0	0.0	0.0	0.0	0.0	0.0	0.0	0.0	0.0	0.0	0.0	0.0	0.0	0.0	0.0	0.0	0.0	
Louisiana Waterthrush	0.0	0.0	0.0	0.0	0.0	0.0	0.0	0.0	0.0	0.0	0.0	0.0	0.0	0.0625	0.1315789	0.1428571	0.1860465	0.0645161	0.0344828	0.0	0.0	0.0	0.0	0.0	0.0	0.0	0.0	0.0	0.0	0.0	0.0	0.0	0.0	0.0	0.0357143	0.0	0.0	0.0	0.0	0.0	0.0	0.0	0.0	0.0	0.0	0.0	0.0	0.0	
Northern Waterthrush	0.0	0.0	0.0	0.0	0.0	0.0	0.0	0.0	0.0	0.0	0.0	0.0	0.0	0.0	0.0263158	0.2222222	0.4883721	0.3709677	0.4137931	0.3928571	0.0	0.0	0.0	0.0	0.0	0.0	0.0	0.0	0.1428571	0.0	0.0	0.0909091	0.1052632	0.3043478	0.3214286	0.1071429	0.0384615	0.1	0.0909091	0.0555556	0.0	0.0	0.0	0.0	0.0	0.0	0.0	0.0	
Louisiana/Northern Waterthrush	0.0	0.0	0.0	0.0	0.0	0.0	0.0	0.0	0.0	0.0	0.0	0.0	0.0	0.0	0.0	0.0	0.0	0.0	0.0	0.0	0.0	0.0	0.0	0.0	0.0	0.0	0.0	0.0	0.0	0.0	0.0	0.0	0.0	0.0	0.0	0.0	0.0	0.05	0.0	0.0	0.0	0.0	0.0	0.0	0.0	0.0	0.0	0.0	
Golden-winged Warbler	0.0	0.0	0.0	0.0	0.0	0.0	0.0	0.0	0.0	0.0	0.0	0.0	0.0	0.0	0.0	0.0	0.0015	0.0	0.0	0.0	0.0	0.0	0.0	0.0	0.0	0.0	0.0	0.0	0.0	0.0	0.0	0.0	0.0	0.0	0.0	0.0714286	0.0	0.0	0.0	0.0	0.0	0.0	0.0	0.0	0.0	0.0	0.0	0.0	
Blue-winged Warbler	0.0	0.0	0.0	0.0	0.0	0.0	0.0	0.0	0.0	0.0	0.0	0.0	0.0	0.0	0.0	0.1269841	0.0697674	0.0806452	0.0	0.0357143	0.0	0.0	0.0	0.0	0.0	0.0	0.0	0.0	0.0	0.2	0.0015	0.030303	0.0526316	0.0434783	0.0	0.0	0.0	0.0	0.0	0.0	0.0	0.0	0.0	0.0	0.0	0.0	0.0	0.0	
Black-and-white Warbler	0.0	0.0	0.0	0.0	0.0	0.0	0.0	0.0	0.0	0.0	0.0	0.0	0.0	0.0	0.0263158	0.4603175	0.6511628	0.5967742	0.4482759	0.2857143	0.0	0.0	0.0	0.0	0.0	0.0	0.0	0.0	0.0	0.4	0.0	0.5757576	0.5789474	0.5217391	0.6785714	0.5	0.5769231	0.2	0.0909091	0.0	0.0	0.0	0.0	0.0	0.0	0.0	0.0	0.0	
Prothonotary Warbler	0.0	0.0	0.0	0.0	0.0	0.0	0.0	0.0	0.0	0.0	0.0	0.0	0.0	0.0	0.0	0.015873	0.0	0.0645161	0.0	0.0	0.0	0.0	0.0	0.0	0.0	0.0	0.0	0.0	0.0	0.0	0.0	0.0	0.0	0.0	0.0	0.0	0.0	0.0	0.0	0.0	0.0	0.0	0.0	0.0	0.0	0.0	0.0	0.0	
Tennessee Warbler	0.0	0.0	0.0	0.0	0.0	0.0	0.0	0.0	0.0	0.0	0.0	0.0	0.0	0.0	0.0	0.0	0.0	0.0015	0.0	0.0	0.0	0.0	0.0	0.0	0.0	0.0	0.0	0.0	0.0	0.0	0.0	0.0	0.0	0.0434783	0.0357143	0.1428571	0.1538462	0.05	0.0	0.0	0.0	0.0	0.0	0.0	0.0	0.0	0.0	0.0	
Orange-crowned Warbler	0.0	0.0	0.0	0.0	0.0	0.0	0.0	0.0	0.0	0.0	0.0	0.0	0.0	0.0	0.0	0.0	0.0	0.0	0.0344828	0.0	0.0	0.0	0.0	0.0	0.0	0.0	0.0	0.0	0.0	0.0	0.0	0.0	0.0	0.0	0.0	0.0	0.0	0.0	0.0454545	0.0	0.0	0.0	0.0	0.0	0.0	0.0	0.0	0.0	
Nashville Warbler	0.0	0.0	0.0	0.0	0.0	0.0	0.0	0.0	0.0	0.0	0.0	0.0	0.0	0.0	0.0	0.1111111	0.2790698	0.0645161	0.0344828	0.0	0.0	0.0	0.0	0.0	0.0	0.0	0.0	0.0	0.0	0.0	0.0	0.0	0.0	0.0015	0.1428571	0.0357143	0.2307692	0.2	0.0909091	0.0	0.0	0.0	0.0	0.0	0.0	0.0	0.0	0.0	
Connecticut Warbler	0.0	0.0	0.0	0.0	0.0	0.0	0.0	0.0	0.0	0.0	0.0	0.0	0.0	0.0	0.0	0.0	0.0	0.0	0.0	0.0	0.0	0.0	0.0	0.0	0.0	0.0	0.0	0.0	0.0	0.0	0.0	0.0	0.0	0.0	0.0	0.0	0.0	0.0	0.0	0.0015	0.0	0.0	0.0	0.0	0.0	0.0	0.0	0.0	
Mourning Warbler	0.0	0.0	0.0	0.0	0.0	0.0	0.0	0.0	0.0	0.0	0.0	0.0	0.0	0.0	0.0	0.0	0.0	0.0	0.0689655	0.1428571	0.0	0.0	0.0	0.0	0.0	0.0	0.0	0.0	0.0	0.0	0.0	0.0	0.0	0.0	0.0357143	0.0357143	0.0	0.0	0.0	0.0	0.0	0.0	0.0	0.0	0.0	0.0	0.0	0.0	
Kentucky Warbler	0.0	0.0	0.0	0.0	0.0	0.0	0.0	0.0	0.0	0.0	0.0	0.0	0.0	0.0	0.0	0.015873	0.0	0.0	0.0	0.0	0.0	0.0	0.0	0.0	0.0	0.0	0.0	0.0	0.0	0.0	0.0	0.0	0.0	0.0	0.0	0.0	0.0	0.0	0.0	0.0	0.0	0.0	0.0	0.0	0.0	0.0	0.0	0.0	
Common Yellowthroat	0.0	0.0	0.0	0.0	0.0	0.0	0.0	0.0	0.0	0.0	0.0	0.0	0.0	0.0	0.0	0.1904762	0.7209302	0.7580645	0.7586207	0.7857143	0.2727273	0.1111111	0.0	0.0	0.0	0.0	0.3333333	0.0	0.0	0.0	0.0	0.2121212	0.2631579	0.4347826	0.8571429	0.5357143	0.7692308	0.5	0.4090909	0.2222222	0.0350877	0.0	0.0	0.0	0.1	0.0	0.0	0.0	
Hooded Warbler	0.0	0.0	0.0	0.0	0.0	0.0	0.0	0.0	0.0	0.0	0.0	0.0	0.0	0.0	0.0	0.1904762	0.0232558	0.0645161	0.0689655	0.0	0.0	0.0	0.0	0.0	0.0	0.0	0.0	0.0	0.0	0.0	0.0	0.0909091	0.0526316	0.0869565	0.0357143	0.0357143	0.0	0.0	0.0	0.0	0.0	0.0	0.0	0.0	0.0	0.0	0.0	0.0	
American Redstart	0.0	0.0	0.0	0.0	0.0	0.0	0.0	0.0	0.0	0.0	0.0	0.0	0.0	0.0	0.0	0.047619	0.2790698	0.6129032	0.6551724	0.7142857	0.3636364	0.0	0.0	0.0	0.0	0.0	0.0	0.0	0.1428571	0.6	0.0	0.4848485	0.7368421	0.6521739	0.6785714	0.3571429	0.3846154	0.25	0.1363636	0.0	0.0	0.0	0.0	0.0	0.0	0.0	0.0	0.0	
Cape May Warbler	0.0	0.0	0.0	0.0	0.0	0.0	0.0	0.0	0.0	0.0	0.0	0.0	0.0	0.0	0.0	0.0	0.0	0.1290323	0.0344828	0.0	0.0	0.0	0.0	0.0	0.0	0.0	0.0	0.0	0.0	0.0	0.0	0.0	0.0	0.0	0.0714286	0.0	0.0	0.0	0.0	0.0	0.0	0.0	0.0	0.0	0.0	0.0	0.0	0.0	
Northern Parula	0.0	0.0	0.0	0.0	0.0	0.0	0.0	0.0	0.0	0.0	0.0	0.0	0.0	0.0	0.0	0.3015873	0.4651163	0.6451613	0.5172414	0.3928571	0.0909091	0.0	0.0	0.0	0.0	0.0	0.0	0.0	0.0	0.0	0.0	0.0606061	0.1052632	0.173913	0.5714286	0.3214286	0.6538462	0.15	0.0	0.0	0.0	0.0	0.0	0.0	0.0	0.0	0.0	0.0	
Magnolia Warbler	0.0	0.0	0.0	0.0	0.0	0.0	0.0	0.0	0.0	0.0	0.0	0.0	0.0	0.0	0.0	0.031746	0.3953488	0.6129032	0.6896552	0.7142857	0.0	0.0	0.0	0.0	0.0	0.0	0.0	0.0	0.0	0.0	0.0	0.1818182	0.2105263	0.173913	0.5714286	0.3928571	0.4615385	0.3	0.0	0.0	0.0	0.0	0.0	0.0	0.0	0.0	0.0	0.0	
Bay-breasted Warbler	0.0	0.0	0.0	0.0	0.0	0.0	0.0	0.0	0.0	0.0	0.0	0.0	0.0	0.0	0.0	0.0	0.0	0.0483871	0.1034483	0.0	0.0	0.0	0.0	0.0	0.0	0.0	0.0	0.0	0.0	0.0	0.0	0.0	0.0	0.0	0.0357143	0.0357143	0.0	0.0	0.0	0.0	0.0	0.0	0.0	0.0	0.0	0.0	0.0	0.0	
Blackburnian Warbler	0.0	0.0	0.0	0.0	0.0	0.0	0.0	0.0	0.0	0.0	0.0	0.0	0.0	0.0	0.0263158	0.015873	0.3023256	0.1451613	0.1724138	0.1071429	0.0	0.0	0.0	0.0	0.0	0.0	0.0	0.0	0.0	0.0	0.0	0.0	0.0	0.0	0.0357143	0.0357143	0.0	0.0	0.0	0.0	0.0	0.0	0.0	0.0	0.0	0.0	0.0	0.0	
Yellow Warbler	0.0	0.0	0.0	0.0	0.0	0.0	0.0	0.0	0.0	0.0	0.0	0.0	0.0	0.0	0.0	0.2857143	0.3255814	0.4677419	0.3448276	0.3214286	0.0909091	0.0	0.0	0.0	0.0	0.0	0.0	0.0	0.1428571	0.2	0.0	0.0606061	0.0526316	0.0	0.0714286	0.0	0.0	0.0	0.0	0.0	0.0	0.0	0.0	0.0	0.0	0.0	0.0	0.0	
Chestnut-sided Warbler	0.0	0.0	0.0	0.0	0.0	0.0	0.0	0.0	0.0	0.0	0.0	0.0	0.0	0.0	0.0	0.031746	0.255814	0.3387097	0.137931	0.25	0.0	0.0	0.0	0.0	0.0	0.0	0.0	0.0	0.0	0.2	0.0	0.0909091	0.1052632	0.0434783	0.1785714	0.0357143	0.1153846	0.0	0.0	0.0	0.0	0.0	0.0	0.0	0.0	0.0	0.0	0.0	
Blackpoll Warbler	0.0	0.0	0.0	0.0	0.0	0.0	0.0	0.0	0.0	0.0	0.0	0.0	0.0	0.0	0.0	0.031746	0.1627907	0.2903226	0.5862069	0.8928571	0.1818182	0.1111111	0.0	0.0	0.0	0.0	0.0	0.0	0.0	0.0	0.0	0.0	0.0	0.0	0.1428571	0.3928571	0.4230769	0.2	0.0454545	0.1111111	0.0	0.0	0.0	0.0	0.0	0.0	0.0	0.0	
Black-throated Blue Warbler	0.0	0.0	0.0	0.0	0.0	0.0	0.0	0.0	0.0	0.0	0.0	0.0	0.0	0.0	0.0	0.2222222	0.627907	0.6290323	0.4482759	0.2142857	0.0909091	0.0	0.0	0.0	0.0	0.0	0.0	0.0	0.0	0.0	0.0	0.1515152	0.2105263	0.1304348	0.3214286	0.3928571	0.5	0.35	0.1363636	0.1111111	0.0	0.0	0.0	0.0	0.0	0.0	0.0	0.0	
Palm Warbler	0.0	0.0	0.0	0.0	0.0	0.0	0.0	0.0	0.0	0.0	0.0	0.0	0.0769231	0.125	0.2105263	0.5079365	0.4651163	0.0645161	0.0	0.0	0.0	0.0	0.0	0.0	0.0	0.0	0.0	0.0	0.0	0.0	0.0	0.030303	0.0	0.0	0.4642857	0.3571429	0.5384615	0.65	0.7727273	0.1666667	0.0	0.0	0.0	0.0	0.0	0.0	0.0	0.0	
Pine Warbler	0.0	0.0	0.0	0.0	0.0	0.0	0.0	0.0	0.0	0.0	0.0588235	0.0	0.3076923	0.15625	0.1315789	0.0793651	0.0465116	0.016129	0.0	0.0	0.0	0.0	0.0	0.0	0.0	0.0	0.0	0.0	0.0	0.0	0.0	0.030303	0.0	0.0434783	0.2142857	0.1785714	0.1153846	0.25	0.1363636	0.0	0.0175439	0.1428571	0.0015	0.0	0.0	0.0	0.0	0.0	
Yellow-rumped Warbler	0.0	0.0	0.0	0.0	0.0	0.0	0.0	0.0	0.0	0.0	0.0588235	0.0	0.0769231	0.09375	0.1052632	0.6349206	0.627907	0.5967742	0.2758621	0.0357143	0.0	0.0	0.0	0.0	0.0	0.0	0.0	0.0	0.0	0.0	0.0	0.030303	0.0	0.0	0.0	0.1428571	0.3461538	0.55	0.6818182	0.5	0.0175439	0.1428571	0.0015	0.0	0.0	0.0	0.0	0.0625	
Yellow-throated Warbler	0.0	0.0	0.0	0.0	0.0	0.0	0.0	0.0	0.0	0.0	0.0	0.0	0.0	0.15625	0.2105263	0.015873	0.0	0.0	0.0	0.0	0.0	0.0	0.0	0.0	0.0	0.0	0.0	0.0	0.0	0.0	0.0	0.0	0.0	0.0	0.0	0.0	0.0	0.0	0.0	0.0	0.0	0.0	0.0	0.0	0.0	0.0	0.0	0.0	
Prairie Warbler	0.0	0.0	0.0	0.0	0.0	0.0	0.0	0.0	0.0	0.0	0.0	0.0	0.0	0.0	0.0	0.1111111	0.1860465	0.0967742	0.0	0.0	0.0	0.0	0.0	0.0	0.0	0.0	0.0	0.0	0.0	0.0	0.0	0.0	0.0	0.0	0.1428571	0.0357143	0.0	0.05	0.0	0.0	0.0	0.0	0.0	0.0	0.0	0.0	0.0	0.0	
Black-throated Green Warbler	0.0	0.0	0.0	0.0	0.0	0.0	0.0	0.0	0.0	0.0	0.0	0.0	0.0	0.0	0.0	0.1111111	0.3953488	0.3225806	0.2758621	0.2142857	0.0	0.0	0.0	0.0	0.0	0.0	0.0	0.0	0.0	0.0	0.0	0.0606061	0.0	0.0	0.3571429	0.3571429	0.3461538	0.15	0.0909091	0.0	0.0	0.0	0.0	0.0	0.0	0.0	0.0	0.0	
Canada Warbler	0.0	0.0	0.0	0.0	0.0	0.0	0.0	0.0	0.0	0.0	0.0	0.0	0.0	0.0	0.0	0.0	0.0465116	0.3548387	0.5172414	0.3214286	0.0	0.0	0.0	0.0	0.0	0.0	0.0	0.0	0.0	0.0	0.25	0.1515152	0.1052632	0.0434783	0.1071429	0.0	0.0	0.0	0.0	0.0	0.0	0.0	0.0	0.0	0.0	0.0	0.0	0.0	
Wilson's Warbler	0.0	0.0	0.0	0.0	0.0	0.0	0.0	0.0	0.0	0.0	0.0	0.0	0.0	0.0	0.0	0.0	0.0465116	0.3709677	0.1034483	0.0714286	0.0	0.0	0.0	0.0	0.0	0.0	0.0	0.0	0.0	0.0	0.0	0.0606061	0.0526316	0.0	0.1071429	0.1071429	0.1153846	0.0	0.0	0.0	0.0	0.0	0.0	0.0	0.0	0.0	0.0	0.0	
warbler sp. (Parulidae sp.)	0.0	0.0	0.0	0.0	0.0	0.0	0.0	0.0	0.0	0.0	0.0	0.0	0.0	0.0	0.0	0.0634921	0.0232558	0.0	0.0	0.0	0.0	0.0	0.0	0.0	0.0	0.0	0.0	0.0	0.0	0.2	0.0	0.0606061	0.0526316	0.0434783	0.0714286	0.0	0.0384615	0.1	0.3181818	0.0	0.0	0.0	0.0	0.0	0.0	0.0	0.0	0.0	
Summer Tanager	0.0	0.0	0.0	0.0	0.0	0.0	0.0	0.0	0.0	0.0	0.0	0.0	0.0	0.0	0.0	0.0	0.0465116	0.0	0.0	0.0	0.0	0.0	0.0	0.0	0.0	0.0	0.0	0.0	0.0	0.0	0.0	0.0	0.0	0.0	0.0	0.0	0.0	0.0	0.0	0.0	0.0	0.0	0.0	0.0	0.0	0.0	0.0	0.0	
Scarlet Tanager	0.0	0.0	0.0	0.0	0.0	0.0	0.0	0.0	0.0	0.0	0.0	0.0	0.0	0.0	0.0	0.0634921	0.1860465	0.3225806	0.2068966	0.25	0.0	0.0015	0.0	0.0	0.0	0.0	0.0	0.0	0.0	0.0	0.0	0.0	0.0	0.0869565	0.2142857	0.2142857	0.5769231	0.1	0.0	0.0	0.0	0.1428571	0.0	0.0	0.0	0.0	0.0	0.0	
Northern Cardinal	0.7142857	0.6666667	0.6666667	0.8333333	0.3333333	0.4	0.5	0.75	0.5	0.2	0.5294118	0.6428571	0.6923077	0.5	0.5526316	0.6825397	0.7209302	0.7258065	0.7241379	0.8214286	0.7272727	0.7777778	0.5333333	0.8	0.5	0.3636364	1.0	0.75	0.8571429	0.8	0.75	0.6969697	0.8947368	0.7826087	0.7857143	0.7142857	0.8846154	0.7	0.7727273	0.4444444	0.2807018	0.8571429	0.4615385	0.5	0.5	0.3333333	0.6	0.5	
Rose-breasted Grosbeak	0.0	0.0	0.0	0.0	0.0	0.0	0.0	0.0	0.0	0.0	0.0	0.0	0.0	0.0	0.0	0.0634921	0.3953488	0.3548387	0.137931	0.0714286	0.0909091	0.0	0.0	0.0	0.0	0.0	0.0	0.0	0.0	0.0	0.0	0.030303	0.1578947	0.2608696	0.5714286	0.1785714	0.1538462	0.15	0.1363636	0.0	0.0	0.0	0.0	0.0	0.0	0.0	0.0	0.0	
Blue Grosbeak	0.0	0.0	0.0	0.0	0.0	0.0	0.0	0.0	0.0	0.0	0.0	0.0	0.0	0.0	0.0	0.0	0.0	0.0	0.0015	0.0357143	0.0	0.0	0.0	0.0	0.0	0.0	0.0	0.0	0.0	0.0	0.0	0.0	0.0	0.0	0.0	0.0	0.0	0.0	0.0	0.0	0.0	0.0	0.0	0.0	0.0	0.0	0.0	0.0	
Indigo Bunting	0.0	0.0	0.0	0.0	0.0	0.0	0.0	0.0	0.0	0.0	0.0	0.0	0.0769231	0.0	0.0	0.047619	0.2790698	0.2741935	0.0689655	0.1785714	0.1818182	0.1111111	0.1333333	0.2	0.0625	0.0	0.3333333	0.0	0.0	0.0	0.0	0.0	0.0	0.0	0.0714286	0.0714286	0.2692308	0.25	0.1363636	0.0	0.0	0.0	0.0	0.0	0.0	0.0	0.0	0.0	
passerine sp.	0.0	0.0	0.0	0.0	0.0	0.0	0.0	0.0	0.0	0.0	0.0	0.0	0.0	0.0	0.0	0.0	0.0	0.0	0.0	0.0	0.0	0.0	0.0	0.0	0.0	0.0	0.0	0.0	0.0	0.0	0.0	0.0	0.0	0.0	0.0	0.0	0.0	0.05	0.0	0.0	0.0	0.0	0.0	0.0	0.0	0.0	0.0	0.0	

