Sample Size:	53.0	39.0	47.0	38.0	40.0	40.0	37.0	45.0	21.0	26.0	35.0	50.0	88.0	104.0	122.0	208.0	185.0	157.0	91.0	107.0	31.0	21.0	35.0	34.0	17.0	14.0	8.0	15.0	12.0	19.0	24.0	83.0	38.0	60.0	80.0	89.0	156.0	89.0	68.0	180.0	44.0	72.0	85.0	85.0	21.0	78.0	53.0	79.0	
Snow Goose	0.0	0.0	0.0	0.0	0.0	0.025	0.0	0.0	0.047619	0.0384615	0.0571429	0.0	0.0	0.0	0.0	0.0	0.0	0.0	0.0	0.0	0.0	0.0	0.0	0.0	0.0	0.0	0.0	0.0	0.0	0.0	0.0	0.0	0.0	0.0	0.0	0.0	0.0128205	0.0	0.0147059	0.0611111	0.0	0.0	0.0117647	0.0	0.0	0.0	0.0377358	0.0	
Brant	0.0943396	0.025641	0.106383	0.1842105	0.1	0.1	0.0810811	0.1111111	0.1428571	0.1923077	0.1428571	0.06	0.0227273	0.0192308	0.0409836	0.0015	0.0054054	0.0063694	0.032967	0.0373832	0.0	0.0	0.0	0.0	0.0	0.0	0.0	0.0	0.0	0.0	0.0	0.0	0.0	0.0015	0.0	0.0	0.0064103	0.0	0.0	0.0222222	0.0015	0.0416667	0.0117647	0.0470588	0.047619	0.025641	0.0188679	0.0506329	
Canada Goose	0.3207547	0.2307692	0.212766	0.3947368	0.125	0.075	0.3513514	0.2888889	0.4761905	0.6538462	0.5714286	0.48	0.4659091	0.4519231	0.4016393	0.3509615	0.4648649	0.4458599	0.4175824	0.4579439	0.516129	0.6190476	0.4285714	0.6176471	0.5294118	0.1428571	0.5	0.4666667	0.3333333	0.1578947	0.1666667	0.1807229	0.1315789	0.0833333	0.0875	0.1910112	0.2692308	0.2921348	0.2794118	0.3555556	0.1363636	0.1527778	0.1647059	0.2352941	0.2857143	0.1282051	0.3207547	0.3417722	
Mute Swan	0.0754717	0.025641	0.0425532	0.1052632	0.025	0.05	0.027027	0.0222222	0.0952381	0.0769231	0.0285714	0.0	0.0	0.0	0.0	0.0	0.0054054	0.0015	0.0	0.0	0.0322581	0.0	0.0	0.0	0.0	0.0	0.0	0.0	0.0	0.0	0.0	0.0	0.0	0.0	0.0	0.0	0.0	0.011236	0.0	0.0	0.0	0.0	0.0	0.0	0.0	0.0	0.0	0.0	
Wood Duck	0.0566038	0.025641	0.0638298	0.0526316	0.125	0.1	0.1351351	0.0888889	0.0	0.0	0.0285714	0.02	0.125	0.1057692	0.0491803	0.1586538	0.2378378	0.1592357	0.032967	0.1308411	0.0645161	0.0	0.0857143	0.0882353	0.0	0.0714286	0.0	0.0666667	0.0	0.1578947	0.0416667	0.0361446	0.0	0.0	0.0125	0.0	0.025641	0.0561798	0.0882353	0.0555556	0.0454545	0.0555556	0.0	0.0117647	0.1428571	0.0384615	0.0566038	0.0015	
Blue-winged Teal	0.0	0.0	0.0	0.0	0.0	0.0	0.0	0.0	0.0	0.0	0.0	0.0	0.0	0.0	0.0	0.0	0.0	0.0	0.0	0.0	0.0	0.0	0.0	0.0	0.0	0.0	0.0	0.0	0.0	0.0	0.0	0.0	0.0015	0.0	0.0	0.0	0.0	0.0	0.0	0.0	0.0	0.0	0.0	0.0	0.0	0.0	0.0	0.0	
Northern Shoveler	0.2264151	0.0	0.0212766	0.0	0.05	0.05	0.1891892	0.1333333	0.0952381	0.2307692	0.2	0.12	0.1363636	0.1634615	0.2131148	0.0384615	0.0702703	0.0127389	0.0	0.0	0.0	0.0	0.0	0.0	0.0	0.0	0.0	0.0	0.0	0.0	0.0	0.0	0.0	0.0	0.0	0.011236	0.0	0.0224719	0.0882353	0.0888889	0.3636364	0.125	0.1058824	0.2470588	0.4285714	0.1282051	0.0754717	0.2151899	
Gadwall	0.1698113	0.0512821	0.0851064	0.1578947	0.05	0.075	0.1351351	0.0888889	0.0952381	0.1923077	0.1428571	0.02	0.0568182	0.0769231	0.0655738	0.0192308	0.0540541	0.0636943	0.032967	0.046729	0.0015	0.0	0.0571429	0.0882353	0.0588235	0.0714286	0.0	0.0666667	0.0	0.0	0.0	0.0120482	0.0526316	0.0333333	0.1375	0.2134831	0.0769231	0.1460674	0.25	0.1888889	0.3863636	0.0972222	0.1058824	0.2470588	0.3809524	0.0897436	0.1509434	0.1139241	
American Wigeon	0.0188679	0.0	0.0	0.0263158	0.0	0.0	0.0	0.0	0.0	0.0015	0.0	0.0	0.0	0.0	0.0	0.0	0.0	0.0	0.0	0.0	0.0	0.0	0.0	0.0	0.0	0.0	0.0	0.0	0.0	0.0	0.0	0.0	0.0	0.0	0.0	0.0	0.0	0.0224719	0.1029412	0.0055556	0.0	0.0	0.0	0.0	0.0	0.0	0.0	0.0	
Mallard	0.4339623	0.2051282	0.2978723	0.3157895	0.3	0.375	0.5135135	0.3777778	0.4285714	0.6923077	0.5714286	0.5	0.4886364	0.5769231	0.5245902	0.4615385	0.5675676	0.5031847	0.5164835	0.635514	0.516129	0.7142857	0.5714286	0.6176471	0.5882353	0.2857143	0.375	0.4666667	0.4166667	0.2631579	0.3333333	0.3373494	0.5263158	0.4833333	0.525	0.5393258	0.5192308	0.4382022	0.6029412	0.5833333	0.5227273	0.2638889	0.3529412	0.4705882	0.5714286	0.2692308	0.3962264	0.443038	
American Black Duck	0.1320755	0.0769231	0.1914894	0.1315789	0.225	0.175	0.1891892	0.0222222	0.0952381	0.1538462	0.0857143	0.06	0.0227273	0.0	0.0081967	0.0048077	0.0054054	0.0063694	0.021978	0.0280374	0.0322581	0.0	0.0571429	0.0294118	0.0588235	0.0	0.125	0.0666667	0.0	0.0526316	0.0416667	0.0	0.0	0.0015	0.05	0.0224719	0.0833333	0.0449438	0.0147059	0.1944444	0.0	0.0416667	0.0588235	0.0470588	0.1428571	0.0512821	0.1698113	0.1392405	
Mallard x American Black Duck (hybrid)	0.0754717	0.0512821	0.0	0.1315789	0.025	0.05	0.027027	0.0222222	0.047619	0.0769231	0.0571429	0.0	0.0227273	0.0192308	0.0081967	0.0096154	0.0054054	0.0127389	0.010989	0.0093458	0.0322581	0.0	0.0571429	0.0882353	0.0588235	0.0	0.0	0.0666667	0.0	0.0	0.0	0.0481928	0.0	0.0	0.0125	0.0224719	0.0064103	0.0224719	0.0294118	0.0055556	0.0227273	0.0138889	0.0117647	0.0117647	0.0	0.0	0.0188679	0.0506329	
Northern Pintail	0.0	0.0	0.0	0.0	0.0	0.0	0.0	0.0	0.0	0.0	0.0	0.0	0.0	0.0	0.0	0.0	0.0	0.0	0.0	0.0	0.0	0.0	0.0	0.0	0.0	0.0	0.0	0.0	0.0	0.0	0.0	0.0	0.0	0.0	0.0	0.0	0.0	0.0	0.0	0.0055556	0.0	0.0	0.0	0.0	0.0	0.0	0.0	0.0	
Green-winged Teal	0.0	0.0	0.0	0.0	0.0	0.0	0.0	0.0	0.047619	0.0769231	0.0285714	0.0	0.0	0.0	0.0	0.0	0.0	0.0	0.0	0.0	0.0	0.0	0.0	0.0	0.0	0.0	0.0	0.0	0.0	0.0	0.0	0.0	0.0	0.0	0.0	0.0	0.0	0.011236	0.0147059	0.0111111	0.0227273	0.0	0.0	0.0	0.0	0.0	0.0	0.0	
Canvasback	0.0	0.0	0.0638298	0.0263158	0.0	0.025	0.0	0.0	0.0	0.0	0.0	0.0	0.0	0.0	0.0	0.0	0.0	0.0	0.0	0.0	0.0	0.0	0.0	0.0	0.0	0.0	0.0	0.0	0.0	0.0	0.0	0.0	0.0	0.0	0.0	0.0	0.0	0.0	0.0	0.0	0.0	0.0	0.0	0.0	0.0	0.0	0.0	0.0	
Redhead	0.0	0.0	0.0	0.0	0.0	0.0	0.0	0.0	0.0	0.0	0.0	0.0	0.0	0.0	0.0	0.0	0.0	0.0	0.0	0.0	0.0	0.0	0.0	0.0	0.0	0.0	0.0	0.0	0.0	0.0	0.0	0.0	0.0	0.0	0.0	0.0	0.0	0.0	0.0	0.0	0.0	0.0	0.0	0.0352941	0.0	0.0	0.0	0.0	
Ring-necked Duck	0.0	0.0	0.0212766	0.0	0.0	0.0	0.0	0.0	0.0	0.0384615	0.0	0.0	0.0	0.0	0.0	0.0	0.0	0.0	0.0	0.0	0.0	0.0	0.0	0.0	0.0	0.0	0.0	0.0	0.0	0.0	0.0	0.0	0.0	0.0	0.0	0.0	0.0	0.0	0.0	0.0	0.0	0.0	0.0	0.0	0.0	0.0	0.0	0.0	
Greater Scaup	0.0188679	0.0	0.0	0.0	0.0	0.0	0.0	0.0	0.047619	0.0	0.0	0.0	0.0	0.0	0.0	0.0	0.0	0.0	0.0	0.0	0.0	0.0	0.0	0.0	0.0	0.0	0.0	0.0	0.0	0.0	0.0	0.0	0.0	0.0	0.0	0.0	0.0	0.0	0.0	0.0	0.0	0.0	0.0	0.0	0.0	0.0	0.0	0.0	
Lesser Scaup	0.0	0.0	0.0	0.0	0.0	0.0	0.0	0.0	0.0	0.0	0.0	0.0	0.0	0.0288462	0.0	0.0	0.0	0.0	0.0	0.0	0.0	0.0	0.0	0.0	0.0	0.0	0.0	0.0	0.0	0.0	0.0	0.0	0.0	0.0	0.0	0.0	0.0	0.0	0.0	0.0388889	0.0	0.0	0.0	0.0	0.0	0.0	0.0	0.0	
Greater/Lesser Scaup	0.0566038	0.025641	0.0	0.0526316	0.025	0.025	0.0	0.0	0.0	0.0384615	0.0	0.0	0.0	0.0	0.0	0.0	0.0	0.0	0.0	0.0	0.0	0.0	0.0	0.0	0.0	0.0	0.0	0.0	0.0	0.0	0.0	0.0	0.0	0.0	0.0	0.0	0.0	0.0	0.0	0.0055556	0.0	0.0	0.0117647	0.0	0.0	0.0	0.0	0.0	
Bufflehead	0.1509434	0.0512821	0.1489362	0.1578947	0.1	0.075	0.1351351	0.1111111	0.3333333	0.3076923	0.4285714	0.32	0.2272727	0.1057692	0.1721311	0.0288462	0.0378378	0.0127389	0.0	0.0	0.0	0.0	0.0	0.0	0.0	0.0	0.0	0.0	0.0	0.0	0.0	0.0	0.0	0.0	0.0	0.0	0.0	0.0	0.0	0.0	0.1363636	0.0833333	0.0823529	0.2470588	0.3333333	0.1794872	0.2264151	0.2531646	
Common Goldeneye	0.0188679	0.0	0.0	0.0	0.0	0.0	0.0	0.0	0.0	0.0	0.0	0.0	0.0	0.0	0.0	0.0	0.0	0.0	0.0	0.0	0.0	0.0	0.0	0.0	0.0	0.0	0.0	0.0	0.0	0.0	0.0	0.0	0.0	0.0	0.0	0.0	0.0	0.0	0.0	0.0	0.0	0.0	0.0	0.0	0.0	0.0128205	0.0	0.0	
Hooded Merganser	0.1132075	0.0	0.0	0.0	0.0	0.0	0.1351351	0.0222222	0.1904762	0.0	0.0015	0.0	0.0	0.0096154	0.0	0.0	0.0054054	0.0	0.0	0.0	0.0	0.0	0.0	0.0	0.0	0.0	0.0	0.0	0.0	0.0	0.0	0.0	0.0	0.0	0.0	0.0	0.0	0.0	0.0	0.0222222	0.2272727	0.0972222	0.0705882	0.2	0.0952381	0.0641026	0.0566038	0.1012658	
Common Merganser	0.0188679	0.0	0.0	0.0	0.0	0.0	0.0	0.0	0.0	0.0	0.0	0.0	0.0	0.0	0.0	0.0	0.0	0.0	0.0	0.0	0.0	0.0	0.0	0.0	0.0	0.0	0.0	0.0	0.0	0.0	0.0	0.0	0.0	0.0	0.0	0.0	0.0	0.0	0.0	0.0	0.0	0.0	0.0	0.0	0.0	0.0	0.0	0.0	
Red-breasted Merganser	0.0754717	0.025641	0.0851064	0.1315789	0.0	0.1	0.0810811	0.0888889	0.0952381	0.1153846	0.1142857	0.04	0.0	0.0192308	0.0163934	0.0	0.0	0.0	0.0	0.0	0.0	0.0	0.0	0.0	0.0	0.0	0.0	0.0	0.0	0.0	0.0	0.0	0.0	0.0	0.0	0.0	0.0	0.0	0.0	0.0	0.0	0.0	0.0	0.0	0.0	0.0384615	0.0377358	0.0886076	
Ruddy Duck	0.1509434	0.0769231	0.0	0.0526316	0.0	0.05	0.0810811	0.0444444	0.0952381	0.1923077	0.2285714	0.12	0.0795455	0.0961538	0.0819672	0.0192308	0.0540541	0.0318471	0.010989	0.0093458	0.0	0.0	0.0	0.0	0.0	0.0	0.0	0.0	0.0	0.0	0.0	0.0	0.0	0.0	0.0	0.0	0.0064103	0.0449438	0.2205882	0.1777778	0.4090909	0.1111111	0.1058824	0.2470588	0.3809524	0.0769231	0.1886792	0.1772152	
duck sp.	0.0188679	0.025641	0.0	0.0	0.0	0.025	0.0	0.0	0.0	0.0	0.0285714	0.0	0.0	0.0	0.0	0.0	0.0	0.0	0.0	0.0	0.0	0.0	0.0	0.0	0.0	0.0714286	0.0	0.0	0.0	0.0	0.0	0.0	0.0	0.0	0.0	0.0	0.0769231	0.0337079	0.0147059	0.0111111	0.0	0.0	0.0117647	0.0117647	0.0	0.0	0.0	0.0126582	
Wild Turkey	0.0	0.0	0.0212766	0.0	0.0	0.0	0.027027	0.0	0.047619	0.0	0.0	0.0	0.0	0.0	0.0	0.0	0.0	0.0	0.0	0.0	0.0	0.0	0.0	0.0	0.0	0.0	0.0	0.0	0.0	0.0	0.0	0.0	0.0	0.0	0.0	0.0	0.0	0.0	0.0	0.0	0.0	0.0	0.0	0.0352941	0.0	0.025641	0.0188679	0.0	
Pied-billed Grebe	0.1132075	0.0	0.0	0.0	0.0	0.0	0.0	0.0	0.047619	0.0769231	0.0285714	0.0	0.0	0.0	0.0	0.0	0.0054054	0.0	0.0	0.0	0.0	0.0	0.0	0.0	0.0	0.0	0.0	0.0	0.0	0.0	0.0	0.0	0.0	0.0	0.0	0.0	0.0	0.0224719	0.0588235	0.05	0.1590909	0.0138889	0.0235294	0.0588235	0.047619	0.025641	0.0566038	0.0759494	
Horned Grebe	0.0188679	0.0	0.0	0.0	0.0	0.0	0.0	0.0	0.0	0.0	0.0	0.0	0.0	0.0	0.0	0.0	0.0	0.0	0.0	0.0	0.0	0.0	0.0	0.0	0.0	0.0	0.0	0.0	0.0	0.0	0.0	0.0	0.0	0.0	0.0	0.0	0.0	0.0	0.0294118	0.0777778	0.0909091	0.0	0.0	0.0	0.0	0.0	0.0	0.0	
Rock Pigeon	0.6792453	0.6153846	0.5744681	0.6315789	0.475	0.6	0.7567568	0.7333333	0.6190476	0.7307692	0.7428571	0.52	0.5	0.4903846	0.4508197	0.4519231	0.5081081	0.4968153	0.5164835	0.5420561	0.7096774	0.3333333	0.8	0.7058824	0.7058824	0.7142857	0.625	0.5333333	0.5833333	0.7368421	0.5833333	0.4578313	0.6578947	0.5833333	0.6125	0.6067416	0.7628205	0.4269663	0.4411765	0.7	0.5681818	0.7777778	0.8117647	0.4705882	0.6190476	0.8205128	0.8301887	0.6708861	
Mourning Dove	0.3207547	0.1794872	0.1914894	0.3684211	0.225	0.2	0.2702703	0.4222222	0.5238095	0.4230769	0.6	0.38	0.4204545	0.4038462	0.3852459	0.4038462	0.5081081	0.5350318	0.3846154	0.364486	0.516129	0.3333333	0.5142857	0.5588235	0.3529412	0.3571429	0.5	0.4	0.4166667	0.1578947	0.4166667	0.4457831	0.5526316	0.6333333	0.675	0.6516854	0.6410256	0.4157303	0.4411765	0.6611111	0.4090909	0.6944444	0.7176471	0.3058824	0.2380952	0.6410256	0.3396226	0.1772152	
Yellow-billed Cuckoo	0.0	0.0	0.0	0.0	0.0	0.0	0.0	0.0	0.0	0.0	0.0	0.0	0.0	0.0	0.0	0.0	0.0054054	0.0063694	0.0	0.0186916	0.0322581	0.0	0.0	0.0	0.0	0.0	0.0	0.0	0.0	0.0015	0.0	0.0	0.0789474	0.05	0.05	0.0337079	0.0384615	0.011236	0.0	0.0	0.0	0.0	0.0	0.0	0.0	0.0	0.0	0.0	
Black-billed Cuckoo	0.0	0.0	0.0	0.0	0.0	0.0	0.0	0.0	0.0	0.0	0.0	0.0	0.0	0.0	0.0	0.0	0.0108108	0.0191083	0.0	0.0093458	0.0	0.0	0.0	0.0	0.0	0.0	0.0	0.0	0.0	0.0	0.0	0.0	0.0	0.0015	0.0015	0.0224719	0.0	0.0	0.0	0.0	0.0	0.0	0.0	0.0	0.0	0.0	0.0	0.0	
Yellow-billed/Black-billed Cuckoo	0.0	0.0	0.0	0.0	0.0	0.0	0.0	0.0	0.0	0.0	0.0	0.0	0.0	0.0	0.0	0.0	0.0	0.0	0.0	0.0	0.0	0.0	0.0	0.0	0.0	0.0	0.0	0.0	0.0	0.0	0.0	0.0	0.0	0.0	0.0125	0.0	0.0	0.0	0.0	0.0	0.0	0.0	0.0	0.0	0.0	0.0	0.0	0.0	
Common Nighthawk	0.0	0.0	0.0	0.0	0.0	0.0	0.0	0.0	0.0	0.0	0.0	0.0	0.0	0.0	0.0	0.0	0.0	0.0063694	0.0	0.0	0.0	0.0	0.0	0.0	0.0	0.0	0.0	0.0	0.0	0.0	0.0	0.0481928	0.0	0.0015	0.0125	0.0	0.0	0.0	0.0	0.0	0.0	0.0	0.0	0.0	0.0	0.0	0.0	0.0	
Chimney Swift	0.0	0.0	0.0	0.0	0.0	0.0	0.0	0.0	0.0	0.0	0.0	0.0	0.0	0.0	0.057377	0.2019231	0.3351351	0.2484076	0.2197802	0.271028	0.3870968	0.2380952	0.2285714	0.2352941	0.4117647	0.4285714	0.0	0.2666667	0.0833333	0.2105263	0.0833333	0.3373494	0.1052632	0.15	0.2125	0.2022472	0.1666667	0.0674157	0.0294118	0.0055556	0.0	0.0	0.0	0.0	0.0	0.0	0.0	0.0	
Ruby-throated Hummingbird	0.0	0.0	0.0	0.0	0.0	0.0	0.0	0.0	0.0	0.0	0.0	0.0	0.0	0.0	0.0	0.0240385	0.0594595	0.0509554	0.0	0.0373832	0.0	0.0	0.0	0.0	0.0	0.0	0.125	0.0	0.0	0.0526316	0.0	0.0843373	0.1315789	0.35	0.45	0.2921348	0.0961538	0.0015	0.0441176	0.0	0.0	0.0	0.0	0.0	0.0	0.0	0.0	0.0	
Rufous Hummingbird	0.0	0.0	0.0	0.0	0.0	0.0	0.0	0.0	0.0	0.0	0.0	0.0	0.0	0.0	0.0	0.0	0.0	0.0	0.0	0.0	0.0	0.0	0.0	0.0	0.0	0.0	0.0	0.0	0.0	0.0	0.0	0.0	0.0	0.0	0.0	0.0	0.0	0.0	0.0	0.0	0.0	0.0	0.0	0.0	0.0	0.0128205	0.1509434	0.0886076	
Sora	0.0	0.0	0.0	0.0	0.0	0.0	0.0	0.0	0.0	0.0	0.0	0.0	0.0	0.0	0.0	0.0	0.0	0.0	0.0	0.0093458	0.0	0.0	0.0	0.0	0.0	0.0	0.0	0.0	0.0	0.0	0.0	0.0	0.0	0.0	0.05	0.0	0.0	0.0	0.0	0.0	0.0	0.0	0.0	0.0	0.0	0.0	0.0	0.0	
American Coot	0.1132075	0.0	0.0	0.0	0.0	0.0	0.0	0.0	0.0	0.0	0.0	0.0	0.0	0.0	0.0	0.0	0.0	0.0	0.0	0.0	0.0	0.0	0.0	0.0	0.0	0.0	0.0	0.0	0.0	0.0	0.0	0.0	0.0	0.0	0.0	0.0	0.0	0.0	0.0	0.0166667	0.0454545	0.0138889	0.0588235	0.2470588	0.4285714	0.0897436	0.0754717	0.2025316	
American Oystercatcher	0.0	0.0	0.0	0.0	0.0	0.0	0.0	0.0	0.0	0.0	0.0	0.0	0.0	0.0	0.0	0.0	0.0	0.0	0.0	0.0	0.0	0.0	0.0	0.0	0.0	0.0	0.0	0.0666667	0.0	0.0	0.0	0.0	0.0	0.0	0.0	0.0	0.0	0.0	0.0	0.0	0.0	0.0	0.0	0.0	0.0	0.0	0.0	0.0	
Black-bellied Plover	0.0	0.0	0.0	0.0	0.0	0.0	0.0	0.0	0.0	0.0	0.0	0.0	0.0	0.0	0.0	0.0	0.0	0.0	0.0	0.0	0.0	0.0	0.0	0.0	0.0	0.0	0.0	0.0	0.0	0.0015	0.0	0.0	0.0	0.0	0.0	0.0	0.0	0.0	0.0	0.0	0.0	0.0	0.0	0.0	0.0	0.0	0.0	0.0	
Semipalmated Plover	0.0	0.0	0.0	0.0	0.0	0.0	0.0	0.0	0.0	0.0	0.0	0.0	0.0	0.0	0.0	0.0	0.0	0.0	0.0	0.0093458	0.0	0.0	0.0	0.0	0.0	0.0	0.0	0.0	0.0	0.0526316	0.0416667	0.0481928	0.0	0.0	0.0	0.011236	0.0064103	0.011236	0.0	0.0	0.0	0.0	0.0	0.0	0.0	0.0	0.0	0.0	
Killdeer	0.0	0.025641	0.0	0.0	0.0	0.0	0.027027	0.0666667	0.0	0.0769231	0.0285714	0.0	0.0	0.0	0.0245902	0.0	0.0015	0.0063694	0.0	0.0093458	0.0322581	0.0	0.0571429	0.0294118	0.0	0.0	0.0	0.1333333	0.1666667	0.0526316	0.0416667	0.0120482	0.0526316	0.0	0.025	0.0224719	0.0	0.011236	0.0	0.0	0.0	0.0	0.0	0.0	0.0	0.0	0.0	0.0126582	
Whimbrel	0.0	0.0	0.0	0.0	0.0	0.0	0.0	0.0	0.0	0.0	0.0	0.0	0.0	0.0	0.0	0.0	0.0	0.0	0.0	0.0	0.0	0.0	0.0	0.0	0.0	0.0	0.0	0.0	0.0	0.0	0.0	0.0120482	0.0	0.0	0.0	0.0	0.0	0.0	0.0	0.0	0.0	0.0	0.0	0.0	0.0	0.0	0.0	0.0	
Ruddy Turnstone	0.0	0.0	0.0	0.0	0.0	0.0	0.0	0.0222222	0.0	0.0	0.0	0.0	0.0	0.0	0.0	0.0	0.0	0.0	0.0	0.0	0.0	0.0	0.0	0.0	0.0	0.0	0.0	0.0	0.0	0.0	0.0	0.0	0.0	0.0	0.0	0.0	0.0	0.0	0.0	0.0	0.0	0.0	0.0	0.0	0.0	0.0	0.0	0.0	
Sanderling	0.0	0.0	0.0	0.0	0.0	0.0	0.0	0.0	0.0	0.0	0.0	0.0	0.0	0.0	0.0	0.0	0.0	0.0	0.0	0.0	0.0	0.0	0.0	0.0	0.0	0.0	0.0	0.0	0.0	0.0	0.0	0.0361446	0.0	0.0	0.0	0.0	0.0	0.0	0.0	0.0	0.0	0.0	0.0	0.0	0.0	0.0	0.0	0.0	
Least Sandpiper	0.0	0.0	0.0	0.0	0.0	0.0	0.0	0.0	0.0	0.0	0.0	0.0	0.0	0.0	0.0	0.0	0.0	0.0	0.010989	0.0	0.0	0.0	0.0	0.0	0.0	0.0	0.0	0.0666667	0.0	0.0015	0.0	0.0843373	0.0	0.0166667	0.0	0.011236	0.0	0.0	0.0	0.0	0.0	0.0	0.0	0.0	0.0	0.0	0.0	0.0	
Semipalmated Sandpiper	0.0	0.0	0.0	0.0	0.0	0.0	0.0	0.0	0.0	0.0	0.0	0.0	0.0	0.0	0.0	0.0	0.0	0.0	0.0	0.0	0.0	0.0	0.0	0.0	0.0	0.0	0.0	0.0666667	0.0	0.0	0.0833333	0.0843373	0.0526316	0.0333333	0.0125	0.011236	0.0	0.0	0.0	0.0	0.0	0.0	0.0	0.0	0.0	0.0	0.0	0.0	
peep sp.	0.0	0.0	0.0	0.0	0.0	0.0	0.0	0.0	0.0	0.0	0.0	0.0	0.0	0.0	0.0	0.0	0.0015	0.0	0.0	0.0	0.0	0.0	0.0	0.0	0.0	0.0	0.0	0.0	0.0	0.0	0.0	0.060241	0.0	0.0166667	0.0	0.0	0.0	0.0	0.0	0.0	0.0	0.0	0.0	0.0	0.0	0.0	0.0	0.0	
American Woodcock	0.0188679	0.0	0.0212766	0.0	0.0	0.0	0.027027	0.0444444	0.0	0.0	0.0	0.02	0.0	0.0	0.0163934	0.0	0.0	0.0	0.0	0.0	0.0	0.0	0.0	0.0	0.0	0.0	0.0	0.0	0.0	0.0	0.0	0.0	0.0	0.0	0.0	0.0	0.0	0.0	0.0	0.0	0.0	0.0	0.0	0.0	0.0	0.0	0.0	0.0126582	
Wilson's Snipe	0.0	0.0	0.0	0.0	0.0	0.0	0.0	0.0	0.0	0.0	0.0	0.0	0.0454545	0.0	0.0	0.0	0.0	0.0	0.0	0.0	0.0	0.0	0.0	0.0	0.0	0.0	0.0	0.0	0.0	0.0	0.0	0.0	0.0	0.0	0.0	0.0	0.0	0.0	0.0	0.0	0.0	0.0	0.0	0.0	0.0	0.0	0.0	0.0	
Red-necked Phalarope	0.0	0.0	0.0	0.0	0.0	0.0	0.0	0.0	0.0	0.0	0.0	0.0	0.0	0.0	0.0	0.0	0.0	0.0	0.0	0.0	0.0	0.0	0.0	0.0	0.0	0.0	0.0	0.0	0.0	0.0	0.0	0.0120482	0.0	0.0	0.0	0.0	0.0	0.0	0.0	0.0	0.0	0.0	0.0	0.0	0.0	0.0	0.0	0.0	
Spotted Sandpiper	0.0	0.0	0.0	0.0	0.0	0.0	0.0	0.0	0.0	0.0	0.0	0.0	0.0	0.0	0.0163934	0.0192308	0.0810811	0.0509554	0.0769231	0.0280374	0.0322581	0.0	0.0	0.0	0.0	0.0	0.125	0.2	0.1666667	0.0526316	0.0833333	0.0963855	0.0526316	0.0166667	0.025	0.011236	0.0064103	0.011236	0.0	0.0	0.0	0.0	0.0	0.0	0.0	0.0	0.0	0.0	
Solitary Sandpiper	0.0	0.0	0.0	0.0	0.0	0.0	0.0	0.0	0.0	0.0	0.0	0.0	0.0	0.0	0.0	0.0144231	0.0108108	0.0191083	0.0	0.0	0.0	0.0	0.0	0.0	0.0	0.0	0.0	0.0	0.0	0.0526316	0.0	0.0120482	0.0	0.0015	0.0	0.0224719	0.0	0.0	0.0	0.0	0.0	0.0	0.0	0.0	0.0	0.0	0.0	0.0	
Greater Yellowlegs	0.0	0.0	0.0	0.0	0.0	0.0	0.0	0.0	0.0	0.0	0.0	0.0	0.0	0.0	0.0	0.0	0.0054054	0.0	0.0	0.0	0.0	0.0	0.0	0.0	0.0	0.0	0.0	0.0	0.0	0.0526316	0.0	0.0120482	0.0	0.0	0.0	0.0	0.0	0.0	0.0	0.0	0.0	0.0	0.0	0.0	0.0	0.0	0.0	0.0	
Willet	0.0	0.0	0.0	0.0	0.0	0.0	0.0	0.0	0.0	0.0	0.0	0.0	0.0	0.0	0.0	0.0	0.0	0.0	0.0	0.0	0.0	0.0	0.0	0.0	0.0	0.0	0.0	0.0	0.0	0.0	0.0	0.0120482	0.0	0.0	0.0	0.0	0.0	0.0	0.0	0.0	0.0	0.0	0.0	0.0	0.0	0.0	0.0	0.0	
large shorebird sp.	0.0	0.0	0.0	0.0	0.0	0.0	0.0	0.0	0.0	0.0	0.0	0.0	0.0	0.0	0.0	0.0	0.0	0.0	0.0	0.0	0.0	0.0	0.0	0.0	0.0	0.0	0.0	0.0	0.0	0.0	0.0	0.0	0.0	0.0	0.0	0.0	0.0	0.011236	0.0	0.0	0.0	0.0	0.0	0.0	0.0	0.0	0.0	0.0	
shorebird sp.	0.0	0.0	0.0	0.0	0.0	0.0	0.0	0.0	0.0	0.0	0.0	0.0	0.0	0.0	0.0	0.0	0.0	0.0	0.0	0.0093458	0.0	0.0	0.0	0.0	0.0	0.0	0.0	0.0	0.0	0.0	0.0	0.0	0.0	0.0	0.0	0.0	0.0	0.0	0.0	0.0	0.0	0.0	0.0	0.0	0.0	0.0	0.0	0.0	
Bonaparte's Gull	0.0188679	0.0	0.0	0.0526316	0.05	0.025	0.0	0.0	0.0	0.0384615	0.0	0.0	0.0	0.0	0.0	0.0	0.0054054	0.0	0.0	0.0	0.0	0.0	0.0	0.0	0.0	0.0	0.0	0.0	0.0	0.0	0.0	0.0	0.0	0.0	0.0	0.0	0.0	0.0	0.0	0.0	0.0	0.0	0.0	0.0	0.0	0.0	0.0	0.0	
Laughing Gull	0.0	0.0	0.0	0.0	0.0	0.0	0.0	0.0	0.0	0.0	0.0285714	0.0	0.0113636	0.0096154	0.0163934	0.0015	0.0054054	0.0127389	0.043956	0.0373832	0.0645161	0.047619	0.2	0.1470588	0.1764706	0.2142857	0.25	0.2	0.1666667	0.1052632	0.125	0.1807229	0.0263158	0.0333333	0.0375	0.0224719	0.0833333	0.0337079	0.0588235	0.1666667	0.0015	0.0138889	0.0235294	0.0235294	0.0	0.0	0.0	0.0	
Ring-billed Gull	0.4150943	0.3589744	0.4255319	0.5789474	0.3	0.425	0.4864865	0.4	0.5238095	0.5384615	0.5428571	0.18	0.1931818	0.1538462	0.1229508	0.0769231	0.1297297	0.133758	0.1648352	0.0934579	0.1290323	0.1904762	0.2857143	0.4117647	0.2352941	0.2142857	0.5	0.4	0.4166667	0.1578947	0.2083333	0.2650602	0.2105263	0.15	0.2125	0.1348315	0.3782051	0.1685393	0.2941176	0.5388889	0.25	0.5416667	0.2823529	0.4588235	0.4285714	0.5897436	0.4716981	0.5063291	
Herring Gull	0.3773585	0.2564103	0.2765957	0.3684211	0.225	0.3	0.2702703	0.3111111	0.2857143	0.3076923	0.5714286	0.16	0.1704545	0.1923077	0.2295082	0.1201923	0.172973	0.2038217	0.1978022	0.1401869	0.1935484	0.1904762	0.3142857	0.5	0.4705882	0.2857143	0.375	0.2666667	0.4166667	0.2631579	0.25	0.313253	0.2105263	0.1833333	0.3625	0.2808989	0.3397436	0.1797753	0.3235294	0.5166667	0.3636364	0.1805556	0.1764706	0.3411765	0.4285714	0.4615385	0.4150943	0.3924051	
Iceland Gull	0.0188679	0.0	0.0212766	0.0	0.0	0.0	0.0	0.0	0.0	0.0	0.0	0.0	0.0	0.0	0.0	0.0	0.0	0.0	0.0	0.0	0.0	0.0	0.0	0.0	0.0	0.0	0.0	0.0	0.0	0.0	0.0	0.0	0.0	0.0	0.0	0.0	0.0	0.0	0.0	0.0	0.0	0.0	0.0	0.0	0.0	0.0	0.0	0.0	
Great Black-backed Gull	0.3584906	0.2307692	0.2978723	0.2894737	0.1	0.175	0.1621622	0.2222222	0.1904762	0.3076923	0.4285714	0.06	0.1136364	0.1442308	0.1803279	0.0625	0.1189189	0.1592357	0.1648352	0.1401869	0.1612903	0.2857143	0.3428571	0.4411765	0.4117647	0.3571429	0.25	0.3333333	0.25	0.2631579	0.1666667	0.3012048	0.2105263	0.15	0.1625	0.1910112	0.1794872	0.1348315	0.2058824	0.4222222	0.3181818	0.1111111	0.0941176	0.2941176	0.4285714	0.1538462	0.3773585	0.3670886	
gull sp.	0.0754717	0.0	0.0638298	0.0789474	0.025	0.05	0.027027	0.0444444	0.047619	0.1923077	0.0	0.0	0.0227273	0.0288462	0.0081967	0.0048077	0.0054054	0.0063694	0.0	0.0186916	0.0322581	0.0	0.0285714	0.0	0.1176471	0.0	0.0	0.0	0.0	0.0015	0.0	0.0361446	0.0	0.0333333	0.0125	0.011236	0.0128205	0.0449438	0.0441176	0.0166667	0.0227273	0.0	0.0352941	0.1294118	0.047619	0.0128205	0.0188679	0.0379747	
Sooty Tern	0.0	0.0	0.0	0.0	0.0	0.0	0.0	0.0	0.0	0.0	0.0	0.0	0.0	0.0	0.0	0.0	0.0	0.0	0.0	0.0	0.0	0.0	0.0	0.0	0.0	0.0	0.0	0.0	0.0	0.0	0.0	0.0240964	0.0	0.0	0.0	0.0	0.0	0.0	0.0	0.0	0.0	0.0	0.0	0.0	0.0	0.0	0.0	0.0	
Bridled Tern	0.0	0.0	0.0	0.0	0.0	0.0	0.0	0.0	0.0	0.0	0.0	0.0	0.0	0.0	0.0	0.0	0.0	0.0	0.0	0.0	0.0	0.0	0.0	0.0	0.0	0.0	0.0	0.0	0.0	0.0	0.0	0.0120482	0.0	0.0	0.0	0.0	0.0	0.0	0.0	0.0	0.0	0.0	0.0	0.0	0.0	0.0	0.0	0.0	
Least Tern	0.0	0.0	0.0	0.0	0.0	0.0	0.0	0.0	0.0	0.0	0.0	0.0	0.0	0.0	0.0	0.0	0.0	0.0	0.0	0.0	0.0	0.0	0.0	0.0294118	0.0	0.0	0.0	0.0	0.0	0.0	0.0	0.060241	0.0	0.0	0.0	0.0	0.0	0.0	0.0	0.0	0.0	0.0	0.0	0.0	0.0	0.0	0.0	0.0	
Caspian Tern	0.0	0.0	0.0	0.0	0.0	0.0	0.0	0.0	0.0	0.0	0.0	0.0	0.0	0.0	0.0	0.0	0.0	0.0	0.0	0.0	0.0	0.0	0.0	0.0	0.0	0.0	0.0	0.0	0.0	0.0	0.0	0.0481928	0.0	0.0	0.0	0.0	0.0	0.0	0.0	0.0	0.0	0.0	0.0	0.0	0.0	0.0	0.0	0.0	
Black Tern	0.0	0.0	0.0	0.0	0.0	0.0	0.0	0.0	0.0	0.0	0.0	0.0	0.0	0.0	0.0	0.0	0.0	0.0	0.010989	0.0	0.0	0.0	0.0	0.0	0.0	0.0	0.0	0.0	0.0	0.0	0.0	0.060241	0.0	0.0	0.0	0.0	0.0	0.0	0.0	0.0	0.0	0.0	0.0	0.0	0.0	0.0	0.0	0.0	
Common Tern	0.0	0.0	0.0	0.0	0.0	0.0	0.0	0.0	0.0	0.0	0.0	0.0	0.0	0.0	0.0	0.0	0.0015	0.0	0.0549451	0.0560748	0.0645161	0.047619	0.0571429	0.0882353	0.1176471	0.2142857	0.25	0.1333333	0.1666667	0.1052632	0.125	0.1204819	0.0526316	0.0166667	0.0	0.0	0.0	0.0	0.0	0.0	0.0	0.0	0.0	0.0	0.0	0.0	0.0	0.0	
Forster's Tern	0.0	0.0	0.0	0.0	0.0	0.0	0.0	0.0	0.0	0.0	0.0	0.0	0.0	0.0	0.0	0.0	0.0	0.0	0.0	0.0	0.0	0.0	0.0	0.0	0.0	0.0	0.0	0.0	0.0	0.0	0.0	0.0015	0.0	0.0	0.0	0.0	0.0	0.0	0.0	0.0	0.0	0.0138889	0.0	0.0	0.0	0.0	0.0	0.0	
Sterna sp.	0.0	0.0	0.0	0.0	0.0	0.0	0.0	0.0	0.0	0.0	0.0	0.0	0.0	0.0	0.0	0.0	0.0	0.0	0.0	0.0	0.0	0.0	0.0	0.0	0.0	0.0	0.0	0.0	0.0	0.0	0.0	0.0120482	0.0	0.0	0.0	0.0	0.0	0.0	0.0	0.0	0.0	0.0	0.0	0.0	0.0	0.0	0.0	0.0	
Royal Tern	0.0	0.0	0.0	0.0	0.0	0.0	0.0	0.0	0.0	0.0	0.0	0.0	0.0	0.0	0.0	0.0	0.0	0.0	0.0	0.0	0.0	0.0	0.0	0.0	0.0	0.0	0.0	0.0	0.0	0.0	0.0	0.0481928	0.0	0.0	0.0	0.0	0.0	0.0	0.0	0.0	0.0	0.0	0.0	0.0	0.0	0.0	0.0	0.0	
Sandwich Tern	0.0	0.0	0.0	0.0	0.0	0.0	0.0	0.0	0.0	0.0	0.0	0.0	0.0	0.0	0.0	0.0	0.0	0.0	0.0	0.0	0.0	0.0	0.0	0.0	0.0	0.0	0.0	0.0	0.0	0.0	0.0	0.0120482	0.0	0.0	0.0	0.0	0.0	0.0	0.0	0.0	0.0	0.0	0.0	0.0	0.0	0.0	0.0	0.0	
tern sp.	0.0	0.0	0.0	0.0	0.0	0.0	0.0	0.0	0.0	0.0	0.0	0.0	0.0	0.0	0.0	0.0	0.0	0.0	0.0	0.0	0.0	0.0	0.0	0.0	0.0	0.0	0.0	0.0	0.0	0.0	0.0	0.0120482	0.0	0.0	0.0	0.0	0.0	0.0	0.0	0.0	0.0	0.0	0.0	0.0	0.0	0.0	0.0	0.0	
Black Skimmer	0.0	0.0	0.0	0.0	0.0	0.0	0.0	0.0	0.0	0.0	0.0	0.0	0.0	0.0	0.0	0.0	0.0	0.0	0.0	0.0	0.0	0.0	0.0	0.0294118	0.0	0.0	0.0	0.0	0.0	0.0	0.0	0.0240964	0.0	0.0	0.0	0.0	0.0	0.0	0.0	0.0	0.0	0.0	0.0	0.0	0.0	0.0	0.0	0.0	
White-tailed Tropicbird	0.0	0.0	0.0	0.0	0.0	0.0	0.0	0.0	0.0	0.0	0.0	0.0	0.0	0.0	0.0	0.0	0.0	0.0	0.0	0.0	0.0	0.0	0.0	0.0	0.0	0.0	0.0	0.0	0.0	0.0	0.0	0.0240964	0.0	0.0	0.0	0.0	0.0	0.0	0.0	0.0	0.0	0.0	0.0	0.0	0.0	0.0	0.0	0.0	
Red-throated Loon	0.0188679	0.0	0.0	0.0	0.0	0.0	0.0	0.0	0.047619	0.0	0.0	0.0	0.0	0.0	0.0	0.0	0.0015	0.0	0.0	0.0093458	0.0	0.0	0.0	0.0	0.0	0.0	0.0	0.0	0.0	0.0	0.0	0.0	0.0	0.0	0.0	0.0	0.0	0.0	0.0	0.0	0.0	0.0	0.0	0.0	0.047619	0.0128205	0.0943396	0.0379747	
Common Loon	0.0377358	0.025641	0.0	0.0526316	0.0	0.025	0.0	0.0222222	0.0952381	0.0769231	0.0285714	0.0	0.0	0.0192308	0.0983607	0.0144231	0.0108108	0.0063694	0.0	0.0093458	0.0	0.0	0.0285714	0.0	0.0	0.0	0.0	0.0	0.0	0.0	0.0	0.0	0.0	0.0166667	0.0875	0.011236	0.0192308	0.011236	0.0	0.0444444	0.0	0.0	0.0235294	0.0117647	0.0	0.0	0.0	0.0	
Wilson's Storm-Petrel	0.0	0.0	0.0	0.0	0.0	0.0	0.0	0.0	0.0	0.0	0.0	0.0	0.0	0.0	0.0	0.0	0.0	0.0	0.0	0.0	0.0	0.0	0.0	0.0	0.0	0.0	0.0	0.0	0.0	0.0	0.0	0.0843373	0.0	0.0	0.0	0.0	0.0	0.0	0.0	0.0	0.0	0.0	0.0	0.0	0.0	0.0	0.0	0.0	
Leach's Storm-Petrel	0.0	0.0	0.0	0.0	0.0	0.0	0.0	0.0	0.0	0.0	0.0	0.0	0.0	0.0	0.0	0.0	0.0	0.0	0.0	0.0	0.0	0.0	0.0	0.0	0.0	0.0	0.0	0.0	0.0	0.0	0.0	0.0361446	0.0	0.0	0.0	0.0	0.0	0.0	0.0	0.0	0.0	0.0	0.0	0.0	0.0	0.0	0.0	0.0	
Band-rumped Storm-Petrel	0.0	0.0	0.0	0.0	0.0	0.0	0.0	0.0	0.0	0.0	0.0	0.0	0.0	0.0	0.0	0.0	0.0	0.0	0.0	0.0	0.0	0.0	0.0	0.0	0.0	0.0	0.0	0.0	0.0	0.0	0.0	0.0240964	0.0	0.0	0.0	0.0	0.0	0.0	0.0	0.0	0.0	0.0	0.0	0.0	0.0	0.0	0.0	0.0	
Hydrobates sp.	0.0	0.0	0.0	0.0	0.0	0.0	0.0	0.0	0.0	0.0	0.0	0.0	0.0	0.0	0.0	0.0	0.0	0.0	0.0	0.0	0.0	0.0	0.0	0.0	0.0	0.0	0.0	0.0	0.0	0.0	0.0	0.0240964	0.0	0.0	0.0	0.0	0.0	0.0	0.0	0.0	0.0	0.0	0.0	0.0	0.0	0.0	0.0	0.0	
Great Cormorant	0.0377358	0.0	0.0425532	0.0263158	0.0	0.0	0.0	0.0	0.047619	0.0769231	0.0	0.0	0.0	0.0	0.0	0.0	0.0	0.0	0.0	0.0	0.0	0.0	0.0	0.0	0.0	0.0	0.0	0.0	0.0	0.0	0.0	0.0	0.0	0.0	0.0	0.0	0.0	0.0	0.0	0.0	0.0015	0.0	0.0	0.0352941	0.0	0.0128205	0.0754717	0.0253165	
Double-crested Cormorant	0.245283	0.0512821	0.106383	0.1578947	0.025	0.075	0.0540541	0.0888889	0.1428571	0.1538462	0.2857143	0.2	0.2954545	0.3365385	0.4098361	0.3509615	0.4486486	0.3503185	0.3296703	0.2803738	0.3225806	0.3809524	0.4571429	0.5294118	0.7058824	0.2857143	0.25	0.4	0.1666667	0.1578947	0.0416667	0.2168675	0.1842105	0.1166667	0.3	0.3033708	0.0833333	0.1685393	0.25	0.35	0.3181818	0.1527778	0.0705882	0.1529412	0.1904762	0.1410256	0.1132075	0.1265823	
cormorant sp.	0.0188679	0.0	0.0	0.0263158	0.0	0.0	0.0	0.0	0.0	0.0	0.0	0.0	0.0	0.0	0.0	0.0	0.0	0.0	0.0	0.0	0.0	0.0	0.0	0.0	0.0	0.0	0.0	0.0	0.0	0.0	0.0	0.0	0.0	0.0	0.0	0.0	0.0	0.0	0.0	0.0	0.0	0.0	0.0	0.0117647	0.0	0.0128205	0.0377358	0.0126582	
American Bittern	0.0	0.0	0.0	0.0	0.0	0.0	0.0	0.0	0.0	0.0	0.0	0.0	0.0	0.0096154	0.0	0.0	0.0	0.0	0.032967	0.0	0.0	0.0	0.0	0.0	0.0	0.0	0.0	0.0	0.0	0.0	0.0	0.0	0.0	0.0	0.0	0.0	0.0	0.0	0.0	0.0055556	0.0	0.0	0.0	0.0	0.0	0.0	0.0	0.0	
Least Bittern	0.0	0.0	0.0	0.0	0.0	0.0	0.0	0.0	0.0	0.0	0.0	0.0	0.0	0.0	0.0	0.0	0.0	0.0	0.0	0.0093458	0.0	0.0	0.0	0.0	0.0	0.0	0.0	0.0	0.0	0.0	0.0	0.0	0.0	0.0	0.0	0.0	0.0	0.0	0.0	0.0	0.0	0.0	0.0	0.0	0.0	0.0	0.0	0.0	
Great Blue Heron	0.0566038	0.025641	0.0212766	0.0263158	0.025	0.05	0.027027	0.0222222	0.047619	0.0769231	0.0571429	0.0015	0.1022727	0.0384615	0.0081967	0.0144231	0.0162162	0.0318471	0.0	0.0093458	0.0	0.0	0.0	0.0294118	0.0	0.0	0.125	0.0666667	0.0	0.0526316	0.0015	0.0963855	0.0263158	0.05	0.1375	0.1235955	0.0512821	0.0337079	0.1029412	0.0444444	0.0227273	0.0277778	0.0470588	0.0117647	0.047619	0.025641	0.0377358	0.0253165	
Great Egret	0.0	0.025641	0.0	0.0	0.0	0.0	0.0	0.0	0.0	0.0384615	0.0	0.1	0.0454545	0.0961538	0.2377049	0.1923077	0.2972973	0.2101911	0.1538462	0.2523364	0.2258065	0.2857143	0.2285714	0.2941176	0.1764706	0.2142857	0.125	0.3333333	0.25	0.0526316	0.0833333	0.0963855	0.0526316	0.1166667	0.025	0.0224719	0.0192308	0.0337079	0.0	0.0055556	0.0015	0.0	0.0	0.0	0.0	0.0	0.0	0.0	
Snowy Egret	0.0	0.0	0.0	0.0	0.0	0.0	0.0	0.0	0.0	0.0	0.0	0.0	0.0	0.0	0.0245902	0.0048077	0.0108108	0.0382166	0.0	0.0280374	0.0322581	0.0	0.0	0.2058824	0.0	0.0	0.0	0.0	0.0	0.0	0.0	0.0120482	0.0	0.0	0.0	0.0	0.0	0.0	0.0	0.0	0.0	0.0	0.0	0.0	0.0	0.0	0.0	0.0	
Little Blue Heron	0.0	0.0	0.0	0.0	0.0	0.0	0.0	0.0	0.0	0.0	0.0	0.0	0.0	0.0	0.0	0.0	0.0	0.0	0.0	0.0	0.0	0.0	0.0	0.0	0.0	0.0	0.0	0.0	0.0	0.0	0.0	0.0120482	0.0	0.0	0.0	0.0	0.0	0.0	0.0	0.0	0.0	0.0	0.0	0.0	0.0	0.0	0.0	0.0	
Green Heron	0.0	0.0	0.0	0.0	0.0	0.0	0.0	0.0	0.0	0.0	0.0	0.0	0.0	0.0673077	0.057377	0.0288462	0.0972973	0.0573248	0.0769231	0.0560748	0.0322581	0.0	0.0285714	0.0	0.0	0.0	0.0	0.0	0.0	0.0526316	0.0	0.0361446	0.0	0.0333333	0.05	0.011236	0.0015	0.0	0.0	0.0	0.0	0.0	0.0	0.0	0.0	0.0	0.0	0.0	
Black-crowned Night-Heron	0.0	0.0	0.0	0.0	0.0	0.0	0.0	0.0	0.0	0.0	0.0285714	0.0	0.0454545	0.0769231	0.0491803	0.0865385	0.2972973	0.3375796	0.3406593	0.3364486	0.3870968	0.3333333	0.4	0.4411765	0.2941176	0.3571429	0.25	0.4	0.1666667	0.2105263	0.125	0.1084337	0.1842105	0.1	0.125	0.2134831	0.0448718	0.0337079	0.0147059	0.0	0.0	0.0138889	0.0117647	0.0	0.0	0.0128205	0.0377358	0.0379747	
Yellow-crowned Night-Heron	0.0	0.0	0.0	0.0	0.0	0.0	0.0	0.0	0.0	0.0	0.0	0.0	0.0	0.0	0.0	0.0	0.0054054	0.0063694	0.0989011	0.0093458	0.0	0.0	0.0	0.0294118	0.0	0.0	0.0	0.0	0.0	0.0	0.0	0.0	0.0	0.0	0.0	0.0	0.0	0.0	0.0	0.0	0.0	0.0	0.0	0.0	0.0	0.0	0.0	0.0	
heron sp.	0.0	0.0	0.0	0.0	0.0	0.0	0.0	0.0	0.0	0.0	0.0	0.0	0.0	0.0	0.0	0.0	0.0	0.0	0.0	0.0	0.0	0.0	0.0	0.0	0.0	0.0	0.0	0.0	0.0	0.0	0.0	0.0	0.0	0.0	0.0	0.0015	0.0015	0.0	0.0	0.0	0.0	0.0	0.0	0.0	0.0	0.0	0.0	0.0	
Glossy Ibis	0.0	0.0	0.0	0.0	0.0	0.0	0.0	0.0	0.0	0.0	0.0	0.0	0.0	0.0	0.0	0.0	0.0	0.0	0.0	0.0093458	0.0	0.0	0.0	0.0	0.0	0.0	0.0	0.0	0.0	0.0	0.0	0.0	0.0	0.0	0.0	0.0	0.0	0.0	0.0	0.0	0.0	0.0	0.0	0.0	0.0	0.0	0.0	0.0	
Black Vulture	0.0	0.0	0.0	0.0	0.0	0.0	0.0	0.0	0.0	0.0	0.0	0.0	0.0	0.0	0.0	0.0	0.0	0.0	0.0	0.0	0.0	0.0	0.0	0.0	0.0	0.0	0.0	0.0	0.0	0.0	0.0	0.0	0.0	0.0	0.0	0.0	0.0064103	0.0	0.0	0.0055556	0.0	0.0	0.0	0.0	0.0	0.0	0.0	0.0	
Turkey Vulture	0.0	0.0512821	0.0425532	0.1052632	0.0	0.05	0.027027	0.0222222	0.0	0.0769231	0.0857143	0.0	0.0227273	0.0	0.0	0.0096154	0.0108108	0.0127389	0.0	0.0	0.0	0.0	0.0	0.0	0.0	0.0	0.0	0.0	0.0	0.0	0.0	0.0	0.0	0.0166667	0.0375	0.0	0.0641026	0.0224719	0.0	0.1888889	0.0227273	0.0138889	0.0117647	0.0	0.0	0.0	0.0377358	0.0	
Osprey	0.0	0.0	0.0	0.0	0.0	0.0	0.0	0.0	0.0015	0.0384615	0.0285714	0.0	0.0227273	0.0192308	0.0327869	0.0288462	0.0432432	0.0	0.0	0.0093458	0.0	0.0	0.0285714	0.0294118	0.0	0.0	0.0	0.0666667	0.0	0.0526316	0.0416667	0.0843373	0.0789474	0.0666667	0.2875	0.1685393	0.2564103	0.0224719	0.0147059	0.0333333	0.0	0.0	0.0	0.0	0.0	0.0	0.0	0.0	
Golden Eagle	0.0	0.0	0.0	0.0	0.0	0.0	0.0	0.0	0.0	0.0	0.0	0.0	0.0	0.0	0.0	0.0	0.0	0.0	0.0	0.0	0.0	0.0	0.0	0.0	0.0	0.0	0.0	0.0	0.0	0.0	0.0	0.0	0.0	0.0	0.0	0.0	0.0	0.0	0.0	0.0055556	0.0	0.0	0.0	0.0	0.0	0.0	0.0	0.0	
Northern Harrier	0.0	0.0	0.0	0.0	0.0	0.0	0.0	0.0	0.0	0.0	0.0	0.0	0.0113636	0.0	0.0	0.0	0.0	0.0	0.0	0.0	0.0	0.0	0.0	0.0	0.0	0.0	0.0	0.0	0.0	0.0	0.0	0.0	0.0	0.0166667	0.025	0.0	0.0448718	0.0	0.0	0.1388889	0.0227273	0.0	0.0117647	0.0	0.0	0.0	0.0	0.0	
Sharp-shinned Hawk	0.0377358	0.0512821	0.1276596	0.0263158	0.025	0.05	0.027027	0.0015	0.1428571	0.0384615	0.0285714	0.02	0.0340909	0.0192308	0.0819672	0.0	0.0054054	0.0	0.0	0.0	0.0	0.0	0.0	0.0	0.0	0.0	0.0	0.0	0.0	0.0	0.0	0.0	0.0	0.0333333	0.1	0.1460674	0.25	0.0786517	0.0441176	0.25	0.0227273	0.0138889	0.0117647	0.0470588	0.0	0.0	0.0188679	0.0126582	
Cooper's Hawk	0.1698113	0.1282051	0.1489362	0.1842105	0.2	0.225	0.1351351	0.1333333	0.0952381	0.0	0.0857143	0.02	0.0681818	0.0384615	0.0163934	0.0	0.0054054	0.0063694	0.021978	0.0	0.0	0.0	0.0	0.0	0.0	0.0	0.0	0.0	0.0	0.0	0.0	0.0	0.0	0.0166667	0.1125	0.0337079	0.2115385	0.1685393	0.0735294	0.2166667	0.0227273	0.0138889	0.0	0.0352941	0.0952381	0.025641	0.0566038	0.164557	
Accipiter sp.	0.0	0.0	0.0	0.0	0.0	0.0	0.0	0.0	0.0	0.0	0.0	0.0	0.0	0.0	0.0	0.0	0.0	0.0	0.0	0.0	0.0	0.0	0.0	0.0	0.0	0.0	0.0	0.0	0.0	0.0	0.0	0.0	0.0	0.0	0.0	0.0	0.0064103	0.0	0.0	0.0	0.0	0.0	0.0	0.0	0.0	0.0	0.0	0.0126582	
Bald Eagle	0.0	0.0	0.0	0.0263158	0.0	0.0	0.0	0.0	0.0	0.0	0.0	0.0	0.0	0.0	0.0163934	0.0	0.0054054	0.0	0.0	0.0	0.0	0.0	0.0	0.0	0.0	0.0	0.0	0.0	0.0	0.0	0.0	0.0	0.0	0.0333333	0.0625	0.0	0.0448718	0.011236	0.0	0.0388889	0.0	0.0	0.0	0.0	0.0	0.0	0.0377358	0.0126582	
Red-shouldered Hawk	0.0	0.0	0.0	0.0	0.075	0.0	0.0	0.0222222	0.0	0.0	0.0	0.0	0.0	0.0	0.0	0.0	0.0	0.0	0.0	0.0	0.0	0.0	0.0	0.0	0.0	0.0	0.0	0.0	0.0	0.0	0.0	0.0	0.0	0.0	0.0	0.0	0.0128205	0.0224719	0.0	0.0444444	0.0	0.0277778	0.0	0.0117647	0.0	0.0	0.0	0.0126582	
Broad-winged Hawk	0.0	0.0	0.0	0.0	0.0	0.0	0.0	0.0	0.0	0.0	0.0	0.0	0.0	0.0	0.0081967	0.0	0.0054054	0.0	0.0	0.0	0.0	0.0	0.0	0.0	0.0	0.0	0.0	0.0	0.0	0.0	0.0	0.0120482	0.0263158	0.0	0.1	0.0	0.0128205	0.0	0.0	0.0	0.0	0.0	0.0	0.0	0.0	0.0	0.0	0.0	
Red-tailed Hawk	0.509434	0.3589744	0.3191489	0.4210526	0.2	0.4	0.3783784	0.2888889	0.3809524	0.3461538	0.3714286	0.28	0.3295455	0.2019231	0.1229508	0.1730769	0.2216216	0.0955414	0.0769231	0.1214953	0.1612903	0.1904762	0.1714286	0.4411765	0.2352941	0.0714286	0.5	0.2	0.0833333	0.1578947	0.0	0.0361446	0.0789474	0.15	0.2625	0.1235955	0.3333333	0.1573034	0.2058824	0.3555556	0.1590909	0.2361111	0.1411765	0.2705882	0.1904762	0.4487179	0.3207547	0.2531646	
Eastern Screech-Owl	0.0	0.0512821	0.0212766	0.0	0.0	0.0	0.027027	0.0666667	0.0952381	0.0	0.0	0.0	0.0	0.0	0.0	0.0	0.0	0.0	0.0	0.0	0.0	0.0	0.0	0.0	0.0	0.0	0.0	0.0	0.0	0.0	0.0	0.0	0.0	0.0	0.0	0.0	0.0	0.0	0.0	0.0	0.0	0.0	0.0	0.0	0.0	0.0	0.0	0.0	
Great Horned Owl	0.0	0.0	0.0	0.0	0.0	0.0	0.0	0.0	0.0	0.0	0.0	0.0	0.0	0.0096154	0.0	0.0	0.0	0.0	0.0	0.0	0.0	0.0	0.0	0.0	0.0	0.0	0.0	0.0	0.0	0.0	0.0	0.0	0.0	0.0	0.0	0.0	0.0	0.0	0.0	0.0	0.0	0.0	0.0	0.0	0.0	0.0	0.0566038	0.0	
Barred Owl	0.0	0.0	0.0	0.0	0.0	0.0	0.0	0.0	0.0	0.0	0.0	0.0	0.0	0.0	0.0	0.0	0.0	0.0	0.0	0.0	0.0	0.0	0.0	0.0	0.0	0.0	0.0	0.0	0.0	0.0	0.0	0.0	0.0	0.0	0.0	0.0674157	0.0	0.0224719	0.0294118	0.0	0.0	0.0	0.0	0.0	0.0	0.0	0.0	0.0126582	
Long-eared Owl	0.0	0.0	0.0	0.0526316	0.075	0.15	0.1891892	0.0222222	0.0952381	0.1153846	0.0	0.0	0.0	0.0	0.0	0.0	0.0	0.0	0.0	0.0	0.0	0.0	0.0	0.0	0.0	0.0	0.0	0.0	0.0	0.0	0.0	0.0	0.0	0.0	0.0	0.0	0.0	0.0	0.0	0.0	0.0	0.0	0.0	0.0	0.0	0.0	0.0	0.0	
Short-eared Owl	0.0	0.0	0.0	0.0	0.0	0.0	0.0	0.0	0.0	0.0	0.0	0.0	0.0	0.0	0.0	0.0	0.0	0.0	0.0	0.0	0.0	0.0	0.0	0.0	0.0	0.0	0.0	0.0	0.0	0.0	0.0	0.0	0.0	0.0	0.0	0.0	0.0	0.0	0.0	0.0055556	0.0	0.0	0.0	0.0	0.0	0.0	0.0	0.0	
Belted Kingfisher	0.0566038	0.1025641	0.0212766	0.0263158	0.0	0.05	0.027027	0.0	0.047619	0.0384615	0.0285714	0.0	0.0113636	0.0096154	0.0245902	0.1153846	0.1081081	0.0127389	0.0	0.0	0.0322581	0.0	0.0	0.0294118	0.0	0.0	0.0	0.0666667	0.0	0.0	0.0	0.0361446	0.0263158	0.0333333	0.0875	0.0561798	0.0192308	0.011236	0.0147059	0.0	0.0	0.0	0.0352941	0.0	0.0	0.0128205	0.0188679	0.0	
Yellow-bellied Sapsucker	0.1132075	0.1538462	0.212766	0.2368421	0.125	0.125	0.2972973	0.0888889	0.1904762	0.1538462	0.2857143	0.26	0.4318182	0.3173077	0.1803279	0.0913462	0.0108108	0.0063694	0.0	0.0	0.0	0.0	0.0	0.0	0.0	0.0	0.0	0.0	0.0	0.0	0.0	0.0	0.0	0.0	0.0	0.0561798	0.25	0.3595506	0.4705882	0.2	0.1590909	0.0555556	0.0705882	0.0588235	0.1904762	0.0384615	0.1132075	0.164557	
Red-headed Woodpecker	0.1886792	0.1538462	0.1276596	0.0263158	0.025	0.05	0.027027	0.0	0.0952381	0.0769231	0.0571429	0.04	0.0568182	0.0288462	0.0245902	0.0192308	0.0324324	0.0254777	0.0	0.0	0.0	0.0	0.0	0.0	0.0	0.0	0.0	0.0	0.0	0.0	0.0	0.0	0.0263158	0.05	0.0	0.0	0.0	0.0	0.0147059	0.0055556	0.0227273	0.0277778	0.0	0.0	0.0	0.0	0.0754717	0.0379747	
Red-bellied Woodpecker	0.490566	0.4871795	0.3829787	0.3684211	0.275	0.475	0.4324324	0.4	0.3333333	0.4230769	0.4857143	0.5	0.5568182	0.4711538	0.4754098	0.4711538	0.4972973	0.4203822	0.3076923	0.3457944	0.3548387	0.3333333	0.2285714	0.2647059	0.1176471	0.0714286	0.25	0.1333333	0.0833333	0.0526316	0.2916667	0.1445783	0.1052632	0.3166667	0.2375	0.3707865	0.224359	0.3820225	0.4558824	0.3055556	0.3409091	0.1805556	0.1764706	0.5058824	0.3333333	0.2307692	0.245283	0.2658228	
Downy Woodpecker	0.509434	0.4102564	0.4680851	0.4210526	0.35	0.375	0.4864865	0.3555556	0.3809524	0.3076923	0.3428571	0.42	0.4772727	0.3942308	0.3770492	0.4278846	0.4648649	0.3694268	0.3296703	0.317757	0.2903226	0.1904762	0.2285714	0.2647059	0.0588235	0.3571429	0.0	0.3333333	0.25	0.1578947	0.25	0.1686747	0.1842105	0.3333333	0.3	0.3146067	0.2179487	0.2134831	0.3088235	0.0944444	0.1363636	0.5138889	0.3529412	0.2705882	0.2380952	0.4871795	0.2830189	0.2278481	
Hairy Woodpecker	0.0566038	0.0512821	0.0851064	0.0526316	0.025	0.15	0.0810811	0.0666667	0.047619	0.1538462	0.1428571	0.08	0.1022727	0.1634615	0.0327869	0.0288462	0.0486486	0.0063694	0.010989	0.0280374	0.0	0.047619	0.0571429	0.0	0.0	0.0	0.0	0.0666667	0.0	0.0	0.0	0.0	0.0	0.0166667	0.0125	0.0224719	0.0	0.0224719	0.0	0.0015	0.0	0.0	0.0	0.0117647	0.047619	0.0128205	0.0377358	0.0	
Northern Flicker	0.0377358	0.1538462	0.0638298	0.1052632	0.1	0.025	0.1621622	0.0222222	0.0015	0.1153846	0.2571429	0.2	0.4204545	0.625	0.5409836	0.4278846	0.3783784	0.2929936	0.1538462	0.2429907	0.2258065	0.1904762	0.0285714	0.0588235	0.1176471	0.2142857	0.125	0.2	0.25	0.1578947	0.2083333	0.2168675	0.2105263	0.3333333	0.4875	0.5505618	0.5705128	0.2921348	0.3529412	0.4055556	0.1136364	0.0833333	0.0235294	0.0588235	0.0	0.0128205	0.0188679	0.0253165	
American Kestrel	0.0377358	0.0	0.0212766	0.0	0.025	0.075	0.027027	0.0444444	0.047619	0.0769231	0.0571429	0.02	0.0568182	0.0673077	0.0327869	0.0480769	0.0702703	0.0318471	0.010989	0.0093458	0.0322581	0.047619	0.0285714	0.0294118	0.0	0.0	0.0	0.0666667	0.0833333	0.1578947	0.0416667	0.0722892	0.0263158	0.1	0.2	0.0786517	0.2884615	0.0337079	0.0441176	0.1611111	0.0227273	0.0	0.0	0.0117647	0.047619	0.0128205	0.0566038	0.0506329	
Merlin	0.0	0.0	0.0212766	0.0	0.0	0.025	0.0	0.0	0.0	0.0	0.0	0.0	0.0227273	0.0	0.0	0.0096154	0.0	0.0063694	0.0	0.0	0.0	0.0	0.0	0.0	0.0	0.0	0.0	0.0	0.0	0.0	0.0	0.0	0.0	0.0166667	0.0375	0.0224719	0.0961538	0.0	0.0294118	0.0611111	0.0	0.0	0.0	0.0	0.0	0.0128205	0.0	0.0126582	
Peregrine Falcon	0.0754717	0.0512821	0.0638298	0.1578947	0.025	0.075	0.027027	0.0666667	0.1428571	0.2307692	0.0857143	0.0	0.0227273	0.0096154	0.0015	0.0144231	0.0324324	0.0318471	0.043956	0.0	0.0322581	0.047619	0.0857143	0.0	0.0	0.0	0.0	0.1333333	0.0	0.1052632	0.0833333	0.0963855	0.0526316	0.0333333	0.075	0.0449438	0.1410256	0.011236	0.0441176	0.1611111	0.0454545	0.1388889	0.1176471	0.0352941	0.0952381	0.2179487	0.0377358	0.0015	
diurnal raptor sp.	0.0	0.0	0.0	0.0	0.0	0.0	0.0	0.0222222	0.0	0.0	0.0	0.0	0.0	0.0	0.0	0.0	0.0	0.0	0.0	0.0	0.0	0.0	0.0	0.0	0.0	0.0	0.0	0.0	0.0	0.0	0.0	0.0	0.0	0.0	0.0	0.0	0.0	0.0	0.0	0.0	0.0	0.0	0.0	0.0	0.0	0.0	0.0	0.0	
Monk Parakeet	0.0	0.0	0.0	0.0	0.0	0.025	0.0	0.0222222	0.0	0.0	0.0	0.0	0.0113636	0.0	0.0	0.0	0.0	0.0	0.0	0.0	0.0	0.0	0.0	0.0015	0.0	0.0	0.125	0.0	0.0	0.0	0.0416667	0.0	0.0	0.0	0.0	0.0	0.0	0.0	0.0	0.0	0.0	0.0	0.0	0.0117647	0.0	0.0	0.0	0.0015	
Olive-sided Flycatcher	0.0	0.0	0.0	0.0	0.0	0.0	0.0	0.0	0.0	0.0	0.0	0.0	0.0	0.0	0.0	0.0	0.0054054	0.0063694	0.0	0.0373832	0.0	0.0	0.0	0.0	0.0	0.0	0.0	0.0	0.0	0.0	0.0	0.0	0.0	0.0166667	0.0125	0.011236	0.0064103	0.0	0.0	0.0	0.0	0.0	0.0	0.0	0.0	0.0	0.0	0.0	
Eastern Wood-Pewee	0.0	0.0	0.0	0.0	0.0	0.0	0.0	0.0	0.0	0.0	0.0	0.0	0.0	0.0	0.0	0.0	0.0216216	0.0700637	0.032967	0.1962617	0.0967742	0.0	0.0	0.0588235	0.0	0.0714286	0.0	0.0	0.0	0.0	0.0416667	0.0843373	0.0263158	0.1833333	0.2	0.1685393	0.0384615	0.0561798	0.0	0.0	0.0	0.0	0.0	0.0	0.0	0.0	0.0	0.0	
Yellow-bellied Flycatcher	0.0	0.0	0.0	0.0	0.0	0.0	0.0	0.0	0.0	0.0	0.0	0.0	0.0	0.0	0.0	0.0	0.0	0.0	0.010989	0.0	0.0645161	0.0	0.0	0.0	0.0	0.0	0.0	0.0	0.0	0.0	0.0	0.0	0.0	0.0333333	0.0125	0.0	0.0	0.0	0.0	0.0	0.0	0.0	0.0	0.0	0.0	0.0	0.0	0.0	
Acadian Flycatcher	0.0	0.0	0.0	0.0	0.0	0.0	0.0	0.0	0.0	0.0	0.0	0.0	0.0	0.0	0.0	0.0	0.0054054	0.0	0.0	0.0654206	0.0	0.0	0.0	0.0	0.0	0.0	0.0	0.0	0.0	0.0	0.0	0.0	0.0	0.0	0.0	0.0	0.0	0.0	0.0	0.0	0.0	0.0	0.0	0.0	0.0	0.0	0.0	0.0	
Alder Flycatcher	0.0	0.0	0.0	0.0	0.0	0.0	0.0	0.0	0.0	0.0	0.0	0.0	0.0	0.0	0.0	0.0	0.0	0.0	0.0	0.0015	0.0	0.0	0.0	0.0	0.0	0.0	0.0	0.0	0.0	0.0	0.0	0.0	0.0	0.0	0.0	0.0	0.0	0.0	0.0	0.0	0.0	0.0	0.0	0.0	0.0	0.0	0.0	0.0	
Willow Flycatcher	0.0	0.0	0.0	0.0	0.0	0.0	0.0	0.0	0.0	0.0	0.0	0.0	0.0	0.0	0.0	0.0	0.0054054	0.0	0.0	0.0280374	0.0	0.0	0.0	0.0	0.0	0.0	0.0	0.0	0.0	0.0	0.0	0.0120482	0.0	0.0	0.0	0.0	0.0	0.0	0.0	0.0	0.0	0.0	0.0	0.0	0.0	0.0	0.0	0.0	
Alder/Willow Flycatcher (Traill's Flycatcher)	0.0	0.0	0.0	0.0	0.0	0.0	0.0	0.0	0.0	0.0	0.0	0.0	0.0	0.0	0.0	0.0	0.0	0.0	0.0	0.0093458	0.0	0.0	0.0	0.0	0.0	0.0	0.0	0.0	0.0	0.0	0.0	0.0	0.0	0.0	0.0	0.0	0.0	0.0	0.0	0.0	0.0	0.0	0.0	0.0	0.0	0.0	0.0	0.0	
Least Flycatcher	0.0	0.0	0.0	0.0	0.0	0.0	0.0	0.0	0.0	0.0	0.0	0.0	0.0	0.0	0.0	0.0096154	0.1135135	0.0127389	0.0	0.0	0.0	0.0	0.0	0.0	0.0	0.0	0.0	0.0	0.0	0.0	0.0	0.0240964	0.0	0.05	0.0	0.0224719	0.0	0.011236	0.0	0.0	0.0	0.0	0.0	0.0	0.0	0.0	0.0	0.0	
Empidonax sp.	0.0	0.0	0.0	0.0	0.0	0.0	0.0	0.0	0.0	0.0	0.0	0.0	0.0	0.0	0.0	0.0048077	0.0486486	0.0254777	0.032967	0.0280374	0.0	0.0	0.0	0.0	0.0	0.0	0.0	0.0	0.0	0.0	0.0	0.060241	0.0263158	0.05	0.0875	0.0449438	0.0128205	0.0	0.0	0.0	0.0	0.0	0.0	0.0	0.0	0.0	0.0	0.0	
Eastern Phoebe	0.0	0.0	0.0	0.0	0.0	0.0	0.0	0.0	0.0	0.0	0.2857143	0.1	0.3977273	0.3461538	0.1311475	0.0240385	0.0108108	0.0318471	0.0	0.0093458	0.0	0.0	0.0	0.0	0.0	0.0	0.0	0.0	0.0	0.0	0.0	0.0	0.0	0.0166667	0.0375	0.2808989	0.275641	0.3033708	0.3235294	0.2611111	0.0454545	0.0	0.0	0.0117647	0.0	0.0128205	0.0015	0.0379747	
Great Crested Flycatcher	0.0	0.0	0.0	0.0	0.0	0.0	0.0	0.0	0.0	0.0	0.0	0.0	0.0	0.0	0.0	0.0576923	0.0918919	0.1146497	0.043956	0.2336449	0.1935484	0.047619	0.0857143	0.0294118	0.0015	0.0	0.0	0.0	0.0	0.0	0.0	0.0481928	0.0	0.1	0.025	0.0	0.0	0.0	0.0	0.0	0.0	0.0	0.0	0.0	0.0	0.0	0.0	0.0	
Eastern Kingbird	0.0	0.0	0.0	0.0	0.0	0.0	0.0	0.0	0.0	0.0	0.0	0.0	0.0	0.0	0.0081967	0.0817308	0.2162162	0.2101911	0.1428571	0.1775701	0.1290323	0.1428571	0.1142857	0.1764706	0.0	0.1428571	0.0015	0.3333333	0.1666667	0.1578947	0.0833333	0.1566265	0.0	0.0	0.0	0.0	0.0	0.0	0.0147059	0.0	0.0	0.0	0.0	0.0	0.0	0.0	0.0	0.0	
flycatcher sp. (Tyrannidae sp.)	0.0	0.0	0.0	0.0	0.0	0.0	0.0	0.0	0.0	0.0	0.0	0.0	0.0	0.0	0.0	0.0	0.0	0.0	0.0	0.0	0.0	0.0	0.0	0.0	0.0	0.0	0.0	0.0	0.0	0.0	0.0	0.0	0.0	0.0	0.0	0.0	0.0064103	0.0	0.0	0.0	0.0	0.0	0.0	0.0	0.0	0.0	0.0	0.0	
White-eyed Vireo	0.0	0.0	0.0	0.0	0.0	0.0	0.0	0.0	0.0	0.0	0.0	0.0	0.0	0.0	0.0	0.0	0.0594595	0.0509554	0.032967	0.0	0.0	0.0	0.0	0.0	0.0	0.0	0.0	0.0	0.0	0.0	0.0	0.0	0.0	0.0166667	0.0	0.0	0.0	0.0	0.0	0.0	0.0	0.0	0.0	0.0	0.0	0.0	0.0	0.0	
Yellow-throated Vireo	0.0	0.0	0.0	0.0	0.0	0.0	0.0	0.0	0.0	0.0	0.0	0.0	0.0	0.0	0.0	0.0384615	0.0594595	0.0636943	0.0	0.0	0.0	0.0	0.0	0.0	0.0	0.0	0.0	0.0	0.0	0.0	0.0	0.0	0.0	0.0	0.0	0.011236	0.0064103	0.0	0.0	0.0	0.0	0.0	0.0	0.0	0.0	0.0	0.0	0.0	
Blue-headed Vireo	0.0	0.0	0.0	0.0	0.0	0.0	0.0	0.0	0.0	0.0	0.0	0.0	0.0	0.0769231	0.1065574	0.2596154	0.2918919	0.1719745	0.010989	0.0	0.0	0.0	0.0	0.0	0.0	0.0	0.0	0.0	0.0	0.0	0.0	0.0	0.0	0.0	0.0	0.0224719	0.0705128	0.0561798	0.0588235	0.0277778	0.0	0.0	0.0	0.0	0.0	0.0	0.0	0.0	
Warbling Vireo	0.0	0.0	0.0	0.0	0.0	0.0	0.0	0.0	0.0	0.0	0.0	0.0	0.0	0.0	0.0	0.1778846	0.3351351	0.3312102	0.3076923	0.411215	0.2903226	0.2380952	0.0857143	0.2352941	0.0588235	0.1428571	0.0	0.0666667	0.0833333	0.0526316	0.0416667	0.0722892	0.1578947	0.15	0.025	0.011236	0.0	0.0	0.0	0.0	0.0	0.0	0.0	0.0	0.0	0.0	0.0	0.0	
Red-eyed Vireo	0.0	0.0	0.0	0.0	0.0	0.0	0.0	0.0	0.0	0.0	0.0	0.0	0.0	0.0	0.0	0.0625	0.2108108	0.1974522	0.1868132	0.2803738	0.1612903	0.047619	0.0285714	0.1176471	0.0	0.0	0.0	0.0	0.0833333	0.0	0.0416667	0.1084337	0.1578947	0.2333333	0.2125	0.1460674	0.1089744	0.0674157	0.0	0.0	0.0	0.0	0.0	0.0	0.0	0.0	0.0	0.0	
vireo sp.	0.0	0.0	0.0	0.0	0.0	0.0	0.0	0.0	0.0	0.0	0.0	0.0	0.0	0.0	0.0	0.0	0.0	0.0	0.0	0.0	0.0	0.0	0.0	0.0	0.0	0.0	0.0	0.0	0.0	0.0	0.0	0.0	0.0	0.0	0.0375	0.0	0.0	0.0	0.0	0.0	0.0	0.0	0.0	0.0	0.0	0.0	0.0	0.0	
Blue Jay	0.6226415	0.6153846	0.4893617	0.5789474	0.425	0.625	0.5405405	0.5333333	0.4761905	0.4230769	0.5142857	0.56	0.5568182	0.5384615	0.4672131	0.5480769	0.5189189	0.522293	0.4505495	0.4205607	0.3225806	0.3809524	0.4285714	0.4705882	0.4705882	0.3571429	0.25	0.4666667	0.3333333	0.2105263	0.5	0.4578313	0.5526316	0.5166667	0.65	0.6853933	0.5961538	0.494382	0.7352941	0.65	0.6818182	0.8333333	0.8117647	0.6235294	0.4761905	0.7948718	0.5471698	0.4177215	
American Crow	0.3584906	0.1794872	0.1489362	0.2894737	0.225	0.3	0.2432432	0.2	0.2380952	0.4230769	0.4571429	0.26	0.25	0.1923077	0.1311475	0.1634615	0.2378378	0.1847134	0.0879121	0.1495327	0.2258065	0.0952381	0.1428571	0.1176471	0.1764706	0.1428571	0.25	0.2666667	0.25	0.1578947	0.0416667	0.1204819	0.1578947	0.1166667	0.3875	0.3483146	0.4102564	0.1797753	0.3235294	0.5111111	0.1590909	0.5694444	0.2352941	0.0588235	0.1904762	0.4102564	0.2075472	0.1392405	
Fish Crow	0.0188679	0.025641	0.0212766	0.0263158	0.0	0.025	0.027027	0.0	0.0	0.0769231	0.0571429	0.0	0.0227273	0.0	0.0163934	0.0144231	0.0	0.0	0.010989	0.0	0.0322581	0.0	0.0	0.0294118	0.0588235	0.0714286	0.0	0.0	0.0	0.0	0.0	0.0	0.0	0.0	0.0	0.011236	0.0	0.0	0.0147059	0.0333333	0.0	0.0	0.0117647	0.0	0.0	0.0	0.0	0.0126582	
crow sp.	0.0	0.0	0.0	0.0263158	0.025	0.0	0.0	0.0	0.1428571	0.0	0.0	0.0	0.0	0.0096154	0.0	0.0048077	0.0054054	0.0063694	0.0	0.0	0.0	0.0	0.0285714	0.0	0.0	0.0	0.0	0.0	0.0	0.0	0.0	0.060241	0.0	0.0166667	0.0125	0.011236	0.0	0.0	0.0147059	0.0055556	0.0	0.0	0.0117647	0.0235294	0.0	0.0	0.0188679	0.0	
Common Raven	0.0	0.0	0.0	0.0	0.0	0.0	0.0	0.0	0.0	0.0	0.0	0.0	0.0	0.0	0.0	0.0	0.0	0.0	0.0	0.0	0.0	0.0	0.0	0.0	0.0	0.0	0.0	0.0	0.0	0.0	0.0	0.0	0.0	0.0	0.0	0.0	0.0	0.0	0.0	0.0	0.0	0.0	0.0	0.0	0.0	0.0	0.0015	0.0	
Black-capped Chickadee	0.5283019	0.5128205	0.4680851	0.5	0.5	0.6	0.5135135	0.4888889	0.4285714	0.4615385	0.6571429	0.44	0.5454545	0.5384615	0.4754098	0.1538462	0.0810811	0.089172	0.010989	0.0280374	0.0645161	0.0	0.0571429	0.0294118	0.0	0.0	0.0	0.0666667	0.0	0.0	0.0	0.0240964	0.0	0.0333333	0.025	0.0224719	0.0	0.0561798	0.0441176	0.0055556	0.0227273	0.3611111	0.6588235	0.1176471	0.047619	0.5128205	0.0377358	0.0253165	
Tufted Titmouse	0.6037736	0.5641026	0.4680851	0.4736842	0.4	0.55	0.5405405	0.5333333	0.4285714	0.4615385	0.6	0.52	0.5568182	0.4615385	0.4262295	0.2596154	0.1675676	0.1592357	0.1098901	0.1682243	0.1290323	0.047619	0.0285714	0.0588235	0.0	0.0714286	0.25	0.1333333	0.0	0.1052632	0.0833333	0.060241	0.1578947	0.15	0.1125	0.1348315	0.0576923	0.258427	0.3088235	0.1722222	0.2954545	0.2361111	0.4823529	0.3411765	0.3809524	0.5641026	0.2641509	0.278481	
Northern Rough-winged Swallow	0.0	0.0	0.0	0.0	0.0	0.0	0.0	0.0	0.0	0.0	0.0	0.0	0.0	0.0288462	0.0737705	0.0817308	0.2162162	0.1210191	0.043956	0.0934579	0.1612903	0.1428571	0.0571429	0.0294118	0.0588235	0.0714286	0.125	0.0666667	0.0	0.0	0.0	0.0	0.0	0.0	0.0	0.0	0.0	0.0	0.0	0.0	0.0	0.0	0.0	0.0	0.0	0.0	0.0	0.0	
Purple Martin	0.0	0.0	0.0	0.0	0.0	0.0	0.0	0.0	0.0	0.0	0.0	0.0	0.0	0.0	0.0	0.0	0.0	0.0063694	0.0	0.0	0.0	0.0	0.0	0.0	0.0	0.0	0.0	0.0	0.0	0.0526316	0.0	0.0240964	0.0	0.0	0.0	0.0	0.0	0.0	0.0	0.0	0.0	0.0	0.0	0.0	0.0	0.0	0.0	0.0	
Tree Swallow	0.0	0.0	0.0	0.0	0.0	0.0	0.0	0.0	0.0	0.0769231	0.0571429	0.0	0.0	0.0384615	0.0655738	0.0769231	0.0702703	0.0382166	0.032967	0.0280374	0.0645161	0.0952381	0.0	0.0	0.0	0.0	0.0	0.2	0.0	0.0	0.0	0.0963855	0.0	0.0	0.0	0.0	0.0064103	0.011236	0.0	0.0	0.0	0.0	0.0	0.0	0.0	0.0	0.0	0.0	
Bank Swallow	0.0	0.0	0.0	0.0	0.0	0.0	0.0	0.0	0.0	0.0	0.0	0.0	0.0	0.0	0.0	0.0	0.0162162	0.0063694	0.0	0.0	0.0	0.0	0.0	0.0	0.0588235	0.0	0.0	0.0	0.0	0.0	0.0	0.0481928	0.0	0.0	0.0	0.0	0.0	0.0	0.0	0.0	0.0	0.0	0.0	0.0	0.0	0.0	0.0	0.0	
Barn Swallow	0.0	0.0	0.0	0.0	0.0	0.0	0.0	0.0	0.0	0.0	0.0	0.0	0.0113636	0.0480769	0.0655738	0.1586538	0.3837838	0.2356688	0.2857143	0.1775701	0.3225806	0.2857143	0.2857143	0.5	0.2941176	0.2142857	0.25	0.3333333	0.1666667	0.1578947	0.2083333	0.1566265	0.0	0.0	0.05	0.0	0.0	0.0	0.0	0.0	0.0	0.0	0.0	0.0	0.0	0.0	0.0	0.0	
Cliff Swallow	0.0	0.0	0.0	0.0	0.0	0.0	0.0	0.0	0.0	0.0	0.0	0.0	0.0	0.0	0.0081967	0.0	0.0	0.0063694	0.0	0.0	0.0	0.0	0.0	0.0	0.0	0.0	0.0	0.0	0.0	0.0	0.0	0.0	0.0	0.0	0.0	0.0	0.0	0.0	0.0	0.0	0.0	0.0	0.0	0.0	0.0	0.0	0.0	0.0	
swallow sp.	0.0	0.0	0.0	0.0	0.0	0.0	0.0	0.0	0.0	0.0	0.0	0.0	0.0	0.0	0.0	0.0096154	0.0	0.0	0.0	0.0093458	0.0	0.0	0.0	0.0	0.0	0.0	0.0	0.0	0.0	0.0	0.0	0.0	0.0	0.0	0.0125	0.0	0.0	0.0	0.0	0.0	0.0	0.0	0.0	0.0	0.0	0.0	0.0	0.0	
Ruby-crowned Kinglet	0.0188679	0.0	0.0	0.0	0.0	0.025	0.0	0.0	0.0	0.0	0.0	0.0	0.1477273	0.4134615	0.5491803	0.3269231	0.3297297	0.1847134	0.0	0.0093458	0.0	0.0	0.0	0.0	0.0	0.0	0.0	0.0	0.0	0.0	0.0	0.0	0.0	0.0	0.025	0.011236	0.1602564	0.4269663	0.5147059	0.3222222	0.2727273	0.0833333	0.0235294	0.0352941	0.0	0.025641	0.0566038	0.0379747	
Golden-crowned Kinglet	0.0188679	0.0	0.0	0.0	0.0	0.0	0.0	0.0	0.0	0.0	0.1428571	0.02	0.25	0.2211538	0.0901639	0.0048077	0.0	0.0	0.0	0.0	0.0	0.0	0.0	0.0	0.0	0.0	0.0	0.0	0.0	0.0	0.0	0.0	0.0	0.0	0.0	0.0	0.0961538	0.247191	0.2205882	0.1777778	0.1363636	0.0277778	0.0117647	0.0117647	0.0	0.0	0.0	0.0	
Red-breasted Nuthatch	0.1509434	0.025641	0.106383	0.0526316	0.075	0.125	0.1891892	0.0222222	0.0	0.0769231	0.0571429	0.18	0.0795455	0.0576923	0.0983607	0.1057692	0.1837838	0.0573248	0.0	0.0	0.0322581	0.0	0.0	0.0	0.0	0.0	0.0	0.0	0.0	0.0	0.0	0.0	0.0	0.0166667	0.0	0.0	0.0064103	0.0	0.0147059	0.0	0.0	0.0	0.0	0.0235294	0.0	0.0	0.0	0.0126582	
White-breasted Nuthatch	0.3962264	0.3846154	0.3617021	0.3157895	0.25	0.475	0.4864865	0.4222222	0.3333333	0.4615385	0.4857143	0.36	0.4090909	0.3365385	0.2622951	0.125	0.0486486	0.0636943	0.010989	0.0	0.0322581	0.0	0.0285714	0.0588235	0.0	0.0714286	0.125	0.1333333	0.0	0.0	0.0416667	0.060241	0.0526316	0.0666667	0.025	0.011236	0.0064103	0.0224719	0.1176471	0.0611111	0.0681818	0.0416667	0.2352941	0.2941176	0.0952381	0.4230769	0.1509434	0.2151899	
Brown Creeper	0.2075472	0.1025641	0.1489362	0.0789474	0.05	0.175	0.1351351	0.0888889	0.0952381	0.1153846	0.1428571	0.24	0.2386364	0.3461538	0.3442623	0.0480769	0.0	0.0	0.0	0.0	0.0	0.0	0.0	0.0	0.0	0.0	0.0	0.0	0.0	0.0	0.0	0.0	0.0	0.0166667	0.0125	0.0	0.0128205	0.1573034	0.1764706	0.0388889	0.0454545	0.0277778	0.0470588	0.0235294	0.047619	0.0384615	0.0377358	0.0379747	
Blue-gray Gnatcatcher	0.0	0.0	0.0	0.0	0.0	0.0	0.0	0.0	0.0	0.0	0.0	0.0	0.0	0.0288462	0.2459016	0.2788462	0.2108108	0.1082803	0.0549451	0.0093458	0.0	0.0	0.0	0.0	0.0	0.0	0.0	0.0666667	0.0	0.0526316	0.0	0.0361446	0.0263158	0.0333333	0.0625	0.011236	0.0	0.0	0.0	0.0	0.0	0.0	0.0	0.0	0.0	0.0	0.0	0.0	
House Wren	0.0	0.0	0.0	0.0	0.0	0.0	0.0	0.0	0.0	0.0	0.0	0.0	0.0	0.0192308	0.0409836	0.1875	0.2702703	0.1910828	0.043956	0.0373832	0.0322581	0.0	0.0	0.0	0.0	0.0	0.0	0.0	0.0	0.0	0.0	0.0	0.0263158	0.0833333	0.1125	0.0786517	0.0320513	0.0337079	0.0588235	0.0055556	0.0	0.0	0.0	0.0	0.0	0.0	0.0	0.0	
Winter Wren	0.0377358	0.025641	0.0212766	0.0	0.0	0.025	0.0	0.0	0.0	0.0384615	0.0	0.0	0.0795455	0.0865385	0.1229508	0.0096154	0.0216216	0.0	0.0	0.0	0.0	0.0	0.0	0.0	0.0	0.0	0.0	0.0	0.0	0.0	0.0	0.0	0.0	0.0	0.0	0.0	0.0641026	0.0674157	0.0294118	0.0833333	0.0681818	0.0138889	0.0352941	0.0705882	0.0	0.025641	0.0188679	0.0126582	
Marsh Wren	0.0	0.0	0.0	0.0	0.0	0.0	0.0	0.0	0.0	0.0	0.0	0.0	0.0	0.0	0.0	0.0336538	0.0	0.0	0.010989	0.0	0.0	0.0	0.0	0.0	0.0	0.0	0.0	0.0	0.0	0.0	0.0	0.0	0.0	0.0	0.0	0.0	0.0128205	0.0	0.0	0.0	0.0	0.0	0.0	0.0	0.0	0.0	0.0	0.0	
Carolina Wren	0.2075472	0.1025641	0.1489362	0.0526316	0.025	0.1	0.1081081	0.0222222	0.047619	0.1538462	0.0857143	0.04	0.0340909	0.0480769	0.0081967	0.0913462	0.0648649	0.0127389	0.032967	0.0841121	0.0322581	0.0	0.0	0.0	0.1176471	0.0	0.125	0.1333333	0.0	0.0	0.1666667	0.0722892	0.1315789	0.2166667	0.0375	0.1123596	0.0641026	0.0561798	0.1470588	0.0444444	0.0681818	0.0	0.0117647	0.0823529	0.0952381	0.0641026	0.0754717	0.0632911	
European Starling	0.6603774	0.4871795	0.5319149	0.6052632	0.475	0.375	0.6756757	0.4666667	0.5238095	0.7307692	0.7714286	0.6	0.6136364	0.6153846	0.7213115	0.6298077	0.6162162	0.6815287	0.7252747	0.6915888	0.8064516	0.7142857	0.8571429	0.7941176	0.5882353	0.7857143	0.625	0.6666667	0.6666667	0.5789474	0.5416667	0.5421687	0.7105263	0.65	0.7	0.5842697	0.6858974	0.4382022	0.4705882	0.6888889	0.4318182	0.6666667	0.1529412	0.4823529	0.4285714	0.6794872	0.5471698	0.4936709	
Gray Catbird	0.0377358	0.0	0.0	0.0	0.0	0.0	0.0	0.0	0.0	0.0	0.0	0.0	0.0	0.0288462	0.0245902	0.4471154	0.6594595	0.5987261	0.6813187	0.5607477	0.3548387	0.3809524	0.3714286	0.5	0.1176471	0.3571429	0.375	0.3333333	0.5	0.3684211	0.625	0.4939759	0.5263158	0.5666667	0.5625	0.6404494	0.3141026	0.4157303	0.4705882	0.2277778	0.2045455	0.0277778	0.0352941	0.0470588	0.1904762	0.0897436	0.0943396	0.1265823	
Brown Thrasher	0.0377358	0.0	0.0	0.0	0.0	0.0	0.0	0.0	0.0	0.0	0.0	0.0	0.0227273	0.0769231	0.0983607	0.1442308	0.172973	0.0254777	0.0	0.0186916	0.0322581	0.0	0.0	0.0	0.0	0.0	0.0	0.0	0.0	0.0	0.0	0.0	0.0	0.0166667	0.2	0.3820225	0.1153846	0.1011236	0.0588235	0.0277778	0.0	0.0	0.0	0.0	0.0	0.0	0.0	0.0126582	
Northern Mockingbird	0.2075472	0.1282051	0.106383	0.2894737	0.175	0.075	0.2432432	0.1555556	0.1904762	0.1923077	0.2285714	0.14	0.0681818	0.125	0.1311475	0.0625	0.1027027	0.0636943	0.0769231	0.0841121	0.1612903	0.1428571	0.1714286	0.1764706	0.2941176	0.1428571	0.375	0.2	0.25	0.2105263	0.2083333	0.0963855	0.0789474	0.1666667	0.2625	0.247191	0.2820513	0.1123596	0.1323529	0.0777778	0.2272727	0.0972222	0.0941176	0.1058824	0.047619	0.0641026	0.1320755	0.1518987	
Eastern Bluebird	0.0	0.0	0.0	0.0	0.0	0.0	0.0	0.0	0.0	0.0	0.0	0.0	0.0	0.0	0.0	0.0	0.0	0.0	0.0	0.0	0.0	0.0	0.0	0.0	0.0	0.0	0.0	0.0	0.0	0.0	0.0	0.0	0.0	0.0	0.0	0.0	0.0	0.0	0.0	0.0222222	0.0	0.0	0.0	0.0	0.0	0.0	0.0	0.0	
Varied Thrush	0.1886792	0.2307692	0.2340426	0.1578947	0.0015	0.3	0.0810811	0.0444444	0.047619	0.1153846	0.0571429	0.16	0.0227273	0.0288462	0.0081967	0.0	0.0	0.0	0.0	0.0	0.0	0.0	0.0	0.0	0.0	0.0	0.0	0.0	0.0	0.0	0.0	0.0	0.0	0.0	0.0	0.0	0.0	0.0	0.0	0.0	0.0	0.0	0.0	0.0	0.0	0.0	0.0	0.0	
Veery	0.0	0.0	0.0	0.0	0.0	0.0	0.0	0.0	0.0	0.0	0.0	0.0	0.0	0.0	0.0081967	0.0432692	0.4378378	0.1847134	0.0659341	0.0560748	0.0	0.0	0.0	0.0	0.0	0.0	0.0	0.0	0.0	0.0015	0.0	0.0843373	0.2105263	0.2333333	0.2125	0.0674157	0.0015	0.011236	0.0	0.0	0.0	0.0	0.0	0.0	0.0	0.0	0.0	0.0	
Gray-cheeked Thrush	0.0	0.0	0.0	0.0	0.0	0.0	0.0	0.0	0.0	0.0	0.0	0.0	0.0	0.0	0.0	0.0	0.0108108	0.0063694	0.010989	0.0747664	0.0967742	0.0	0.0	0.0	0.0	0.0	0.0	0.0	0.0	0.0	0.0	0.0	0.0	0.0166667	0.075	0.1348315	0.0897436	0.1235955	0.0294118	0.0	0.0	0.0138889	0.0	0.0	0.0	0.0	0.0	0.0	
Swainson's Thrush	0.0	0.0	0.0	0.0	0.0	0.0	0.0	0.0	0.0	0.0	0.0	0.0	0.0	0.0	0.0	0.0480769	0.2540541	0.1464968	0.0549451	0.2056075	0.0322581	0.0	0.0	0.0	0.0	0.0	0.0	0.0	0.0	0.0	0.0	0.0240964	0.0263158	0.2	0.25	0.2247191	0.1474359	0.1573034	0.0441176	0.0055556	0.0	0.0	0.0117647	0.0	0.0	0.0	0.0	0.0	
Hermit Thrush	0.0754717	0.0512821	0.0638298	0.0015	0.0	0.0	0.027027	0.0	0.0	0.0384615	0.0571429	0.0	0.3181818	0.4807692	0.5163934	0.3269231	0.2918919	0.044586	0.010989	0.0093458	0.0	0.0	0.0	0.0	0.0	0.0	0.0	0.0	0.0	0.0	0.0	0.0	0.0	0.0	0.0	0.0	0.1346154	0.3595506	0.4117647	0.3611111	0.6136364	0.1666667	0.1411765	0.2235294	0.2380952	0.0897436	0.1132075	0.0759494	
Catharus sp.	0.0	0.0	0.0	0.0	0.0	0.0	0.0	0.0	0.0	0.0	0.0	0.0	0.0	0.0	0.0	0.0	0.0	0.0	0.0	0.0	0.0	0.0	0.0	0.0	0.0	0.0	0.0	0.0	0.0	0.0	0.0	0.0	0.0	0.0	0.0	0.011236	0.0	0.0337079	0.0294118	0.0055556	0.0	0.0	0.0	0.0	0.0	0.0	0.0	0.0	
Wood Thrush	0.0	0.0	0.0	0.0	0.0	0.0	0.0	0.0	0.0	0.0	0.0	0.0	0.0	0.0096154	0.0081967	0.0625	0.3513514	0.2547771	0.1758242	0.046729	0.0322581	0.0	0.0285714	0.0294118	0.0588235	0.0	0.0	0.0666667	0.0	0.0	0.0416667	0.0	0.0	0.05	0.075	0.1797753	0.0641026	0.0337079	0.0882353	0.0055556	0.0	0.0	0.0	0.0	0.0	0.0	0.0	0.0	
American Robin	0.4716981	0.2820513	0.3191489	0.3157895	0.375	0.375	0.5405405	0.3333333	0.4761905	0.5769231	0.7142857	0.56	0.7159091	0.7307692	0.7622951	0.7163462	0.7891892	0.7707006	0.7362637	0.7757009	0.8064516	0.7619048	0.7428571	0.7058824	0.6470588	0.7857143	0.75	0.7333333	0.5	0.5789474	0.6666667	0.7108434	0.7105263	0.7666667	0.7625	0.6966292	0.5512821	0.5617978	0.6176471	0.3555556	0.5454545	0.6527778	0.6117647	0.4117647	0.2380952	0.474359	0.3018868	0.3037975	
thrush sp.	0.0	0.0	0.0	0.0	0.0	0.0	0.0	0.0	0.0	0.0	0.0	0.0	0.0	0.0	0.0	0.0	0.0	0.0	0.0	0.0	0.0	0.0	0.0	0.0	0.0	0.0	0.0	0.0	0.0	0.0	0.0	0.0	0.0	0.0	0.0	0.0015	0.0064103	0.011236	0.0	0.0	0.0	0.0	0.0	0.0	0.0	0.0	0.0	0.0	
Cedar Waxwing	0.0	0.0	0.0	0.0263158	0.025	0.05	0.027027	0.0	0.0	0.0384615	0.0	0.02	0.0	0.0	0.0	0.0	0.0015	0.0063694	0.0879121	0.4018692	0.4516129	0.3333333	0.1142857	0.0882353	0.0588235	0.2142857	0.125	0.0666667	0.0	0.0	0.0	0.1204819	0.0263158	0.2333333	0.2875	0.2247191	0.2179487	0.1123596	0.0882353	0.0777778	0.1136364	0.0416667	0.0470588	0.0941176	0.0952381	0.0128205	0.0188679	0.0126582	
House Sparrow	0.8113208	0.7692308	0.5319149	0.7368421	0.6	0.675	0.7837838	0.7777778	0.6190476	0.8461538	0.8285714	0.6	0.7386364	0.7019231	0.6639344	0.6875	0.7297297	0.7452229	0.7802198	0.8130841	0.8064516	0.7619048	0.8857143	0.8529412	0.8823529	0.8571429	0.625	0.8666667	0.5833333	0.8947368	0.7916667	0.6987952	0.7368421	0.6666667	0.6125	0.6741573	0.3397436	0.5280899	0.6323529	0.6722222	0.6590909	0.7777778	0.3176471	0.7764706	0.5714286	0.8846154	0.8301887	0.8101266	
American Pipit	0.0	0.0	0.0	0.0	0.0	0.0	0.0	0.0	0.0	0.0	0.0	0.0	0.0	0.0	0.0	0.0	0.0	0.0	0.0	0.0	0.0	0.0	0.0	0.0	0.0	0.0	0.0	0.0	0.0	0.0	0.0	0.0	0.0	0.0	0.0	0.0	0.0192308	0.0	0.0	0.0222222	0.0	0.0	0.0	0.0	0.0	0.0	0.0	0.0	
House Finch	0.3018868	0.2820513	0.212766	0.2105263	0.125	0.2	0.2162162	0.2	0.2857143	0.2307692	0.3714286	0.28	0.3295455	0.1634615	0.147541	0.0721154	0.0918919	0.1210191	0.0549451	0.0654206	0.2258065	0.1428571	0.1142857	0.1176471	0.0588235	0.0714286	0.0	0.0666667	0.0833333	0.1578947	0.0416667	0.1325301	0.0526316	0.1	0.2625	0.1348315	0.2564103	0.0561798	0.0735294	0.4	0.0454545	0.5833333	0.0470588	0.1411765	0.1428571	0.3333333	0.0566038	0.164557	
Purple Finch	0.0754717	0.0512821	0.0	0.0789474	0.025	0.05	0.027027	0.0444444	0.047619	0.0	0.0	0.0	0.0	0.0	0.0	0.0144231	0.027027	0.0254777	0.0	0.0	0.0	0.0	0.0	0.0	0.0	0.0	0.0	0.0	0.0	0.0	0.0	0.0	0.0	0.0	0.0	0.0	0.0128205	0.011236	0.0	0.0611111	0.0	0.3055556	0.2	0.0352941	0.047619	0.3333333	0.0188679	0.0	
Common Redpoll	0.0188679	0.0	0.0	0.0	0.0	0.0	0.0	0.0	0.047619	0.0	0.0	0.0	0.1704545	0.0	0.0	0.0	0.0	0.0	0.0	0.0	0.0	0.0	0.0	0.0	0.0	0.0	0.0	0.0	0.0	0.0	0.0	0.0	0.0	0.0	0.0	0.0	0.0	0.0	0.0	0.0	0.0	0.0	0.0	0.0	0.0	0.0	0.0	0.0	
Pine Siskin	0.1509434	0.0512821	0.0638298	0.0526316	0.05	0.05	0.0540541	0.0666667	0.047619	0.0769231	0.0285714	0.0	0.0113636	0.0096154	0.0327869	0.0048077	0.0054054	0.0	0.0	0.0	0.0	0.0	0.0	0.0	0.0	0.0	0.0	0.0	0.0	0.0	0.0	0.0	0.0	0.0	0.0	0.0	0.0	0.0	0.0	0.0111111	0.0	0.0833333	0.0117647	0.0	0.0	0.0015	0.0	0.0	
American Goldfinch	0.4716981	0.3846154	0.2553191	0.2894737	0.175	0.3	0.3243243	0.1777778	0.2380952	0.3461538	0.3428571	0.34	0.3977273	0.2980769	0.3360656	0.3221154	0.3945946	0.2866242	0.043956	0.0560748	0.0967742	0.0952381	0.0	0.0294118	0.0	0.0	0.125	0.1333333	0.25	0.0526316	0.0833333	0.0722892	0.0526316	0.05	0.125	0.0786517	0.1987179	0.0337079	0.0441176	0.3166667	0.0227273	0.5972222	0.3411765	0.1529412	0.1428571	0.4487179	0.0754717	0.1265823	
Grasshopper Sparrow	0.0	0.0	0.0	0.0	0.0	0.0	0.0	0.0	0.0	0.0	0.0	0.0	0.0	0.0	0.0	0.0	0.0	0.0	0.0	0.0	0.0	0.0	0.0	0.0	0.0	0.0	0.0	0.0	0.0	0.0	0.0	0.0	0.0	0.0	0.0	0.0	0.0015	0.0	0.0	0.0	0.0	0.0	0.0	0.0	0.0	0.0	0.0	0.0	
Chipping Sparrow	0.0	0.0	0.0	0.0	0.0	0.0	0.0	0.0	0.0	0.0	0.0	0.06	0.2045455	0.3365385	0.2540984	0.2115385	0.227027	0.1082803	0.0549451	0.0560748	0.0322581	0.0	0.0	0.0	0.0588235	0.0714286	0.0	0.0	0.0833333	0.1052632	0.0	0.0120482	0.0	0.0166667	0.0875	0.0224719	0.1025641	0.1573034	0.2647059	0.3277778	0.1818182	0.0138889	0.0235294	0.0235294	0.0	0.0	0.0	0.0	
Clay-colored Sparrow	0.0	0.0	0.0	0.0	0.0	0.0	0.0	0.0	0.0	0.0	0.0	0.0	0.0	0.0	0.0	0.0	0.0	0.0	0.021978	0.0	0.0	0.0	0.0	0.0	0.0	0.0	0.0	0.0	0.0	0.0	0.0	0.0	0.0	0.0	0.0	0.0	0.0	0.0	0.0	0.0	0.0	0.0	0.0	0.0	0.0	0.0	0.0	0.0	
Field Sparrow	0.0	0.0	0.0	0.0	0.0	0.0	0.0	0.0	0.0	0.0	0.0	0.0	0.0227273	0.0673077	0.1065574	0.0576923	0.0486486	0.0191083	0.0	0.0093458	0.0	0.0	0.0	0.0	0.0	0.0	0.0	0.0	0.0	0.0	0.0	0.0	0.0	0.0	0.0	0.0	0.0128205	0.0561798	0.0735294	0.0555556	0.0227273	0.0	0.0	0.0117647	0.0	0.0	0.0	0.0	
Lark Sparrow	0.0	0.0	0.0	0.0	0.0	0.0	0.0	0.0	0.0	0.0	0.0	0.0	0.0	0.0	0.0	0.0	0.0	0.0	0.0	0.0	0.0	0.0	0.0	0.0	0.0	0.0	0.0	0.0	0.0	0.0	0.0	0.0	0.0	0.0333333	0.0	0.0	0.0	0.0	0.0	0.0	0.0	0.0	0.0	0.0	0.0	0.0	0.0	0.0	
American Tree Sparrow	0.0566038	0.1538462	0.0425532	0.1578947	0.05	0.05	0.0810811	0.0444444	0.047619	0.0769231	0.0	0.0	0.0	0.0	0.0	0.0	0.0	0.0	0.0	0.0	0.0	0.0	0.0	0.0	0.0	0.0	0.0	0.0	0.0	0.0	0.0	0.0	0.0	0.0	0.0	0.0	0.0	0.0	0.0147059	0.05	0.0	0.3611111	0.3647059	0.0235294	0.047619	0.3461538	0.0188679	0.0	
Fox Sparrow	0.2264151	0.3333333	0.2765957	0.2631579	0.05	0.075	0.0540541	0.0444444	0.047619	0.1923077	0.1714286	0.16	0.2727273	0.2692308	0.057377	0.0048077	0.0	0.0	0.0	0.0	0.0	0.0	0.0	0.0	0.0	0.0	0.0	0.0	0.0	0.0	0.0	0.0	0.0	0.0	0.0	0.0	0.0	0.0	0.0	0.0015	0.0227273	0.0	0.0470588	0.2235294	0.047619	0.0128205	0.0188679	0.0886076	
Dark-eyed Junco	0.3962264	0.4871795	0.3191489	0.4210526	0.275	0.35	0.4324324	0.2666667	0.1904762	0.4615385	0.7714286	0.46	0.6477273	0.5480769	0.3688525	0.1538462	0.0324324	0.0127389	0.0	0.0	0.0	0.0	0.0	0.0	0.0	0.0	0.0	0.0	0.0	0.0	0.0	0.0	0.0	0.0	0.0	0.0	0.1025641	0.1797753	0.2794118	0.4611111	0.4090909	0.625	0.5882353	0.3647059	0.2857143	0.5384615	0.0754717	0.0886076	
White-crowned Sparrow	0.0188679	0.0	0.0425532	0.0789474	0.0	0.0	0.0	0.0	0.047619	0.0	0.0285714	0.0	0.0	0.0	0.0	0.0048077	0.2432432	0.1146497	0.021978	0.0	0.0	0.0	0.0	0.0	0.0	0.0	0.0	0.0	0.0	0.0	0.0	0.0	0.0	0.0	0.0	0.011236	0.025641	0.1011236	0.0882353	0.0333333	0.0681818	0.0138889	0.0117647	0.0117647	0.0	0.0	0.0	0.0	
White-throated Sparrow	0.7735849	0.6153846	0.6170213	0.6052632	0.575	0.7	0.6216216	0.6222222	0.4285714	0.7307692	0.7428571	0.6	0.6818182	0.6730769	0.7622951	0.6778846	0.6648649	0.4713376	0.0879121	0.0560748	0.0645161	0.047619	0.0	0.0	0.0588235	0.0	0.0	0.0666667	0.0	0.0	0.0416667	0.0120482	0.1052632	0.1166667	0.1	0.2134831	0.3397436	0.5617978	0.7352941	0.6111111	0.75	0.75	0.2823529	0.6117647	0.6190476	0.8333333	0.7735849	0.556962	
Vesper Sparrow	0.0	0.0	0.0	0.0	0.0	0.0	0.0	0.0	0.0	0.0	0.0	0.0	0.0	0.0	0.0	0.0	0.0	0.0	0.0	0.0	0.0	0.0	0.0	0.0	0.0	0.0	0.0	0.0	0.0	0.0	0.0	0.0	0.0	0.0	0.0	0.0	0.0	0.0	0.0	0.0055556	0.0909091	0.0	0.0	0.0	0.0	0.0	0.0	0.0	
Seaside Sparrow	0.0	0.0	0.0	0.0	0.0	0.0	0.0	0.0	0.0	0.0	0.0	0.0	0.0	0.0	0.0	0.0048077	0.0	0.0	0.0	0.0	0.0	0.0	0.0	0.0	0.0	0.0	0.0	0.0	0.0	0.0	0.0	0.0	0.0	0.0	0.0	0.0	0.0	0.0	0.0	0.0	0.0	0.0	0.0	0.0	0.0	0.0	0.0	0.0	
Saltmarsh Sparrow	0.0	0.0	0.0	0.0	0.0	0.0	0.0	0.0	0.0	0.0	0.0	0.0	0.0	0.0	0.0	0.0	0.0	0.0	0.0	0.0	0.0	0.0	0.0	0.0	0.0	0.0	0.0	0.0	0.0	0.0	0.0	0.0	0.0	0.0	0.0	0.0	0.0015	0.0	0.0	0.0	0.0	0.0	0.0	0.0	0.0	0.0	0.0	0.0	
Savannah Sparrow	0.0	0.0	0.0	0.0	0.0	0.0	0.0	0.0	0.0	0.0384615	0.0	0.0	0.0	0.0192308	0.0409836	0.0336538	0.0972973	0.0127389	0.0	0.0	0.0	0.0	0.0	0.0	0.0	0.0	0.0	0.0	0.0	0.0	0.0	0.0	0.0	0.0015	0.0125	0.0337079	0.0833333	0.0224719	0.0015	0.0666667	0.0	0.0	0.0	0.0	0.0	0.0	0.0	0.0	
Song Sparrow	0.1886792	0.1538462	0.1702128	0.0789474	0.175	0.15	0.2432432	0.1777778	0.3333333	0.3461538	0.5428571	0.4	0.5909091	0.5384615	0.5245902	0.2884615	0.3891892	0.2292994	0.2197802	0.2242991	0.1290323	0.1428571	0.1142857	0.1470588	0.2352941	0.0714286	0.125	0.3333333	0.25	0.1052632	0.125	0.1084337	0.0789474	0.05	0.0625	0.1011236	0.1602564	0.3483146	0.2941176	0.2944444	0.3863636	0.2083333	0.2941176	0.2117647	0.0952381	0.4230769	0.1886792	0.1265823	
Lincoln's Sparrow	0.0	0.0	0.0	0.0	0.0	0.0	0.0	0.0	0.0	0.0	0.0	0.0	0.0	0.0	0.0	0.0	0.0378378	0.0828025	0.0	0.0093458	0.0	0.0	0.0	0.0	0.0	0.0	0.0	0.0	0.0	0.0	0.0	0.0	0.0	0.0	0.0	0.0337079	0.025641	0.0561798	0.0	0.0111111	0.0227273	0.0	0.0117647	0.0117647	0.047619	0.0641026	0.0754717	0.0632911	
Swamp Sparrow	0.0754717	0.0769231	0.0212766	0.0	0.0	0.025	0.027027	0.0	0.0	0.0	0.0	0.06	0.2727273	0.3846154	0.3852459	0.2596154	0.3405405	0.1656051	0.032967	0.0	0.0	0.0	0.0	0.0	0.0	0.0	0.0	0.0	0.0	0.0	0.0	0.0	0.0	0.0	0.0	0.0674157	0.0961538	0.1123596	0.1176471	0.0722222	0.0454545	0.0	0.0117647	0.0470588	0.0	0.0	0.0188679	0.0253165	
Eastern Towhee	0.2264151	0.2820513	0.212766	0.1315789	0.025	0.175	0.027027	0.0444444	0.0952381	0.0384615	0.0571429	0.08	0.0568182	0.0961538	0.3114754	0.3894231	0.1891892	0.0700637	0.043956	0.0186916	0.0322581	0.0	0.0285714	0.0294118	0.0588235	0.0714286	0.125	0.0666667	0.0	0.0	0.0	0.0120482	0.0	0.0	0.025	0.0786517	0.1410256	0.2134831	0.2647059	0.1722222	0.0681818	0.0138889	0.0235294	0.0470588	0.0952381	0.0128205	0.0	0.0126582	
sparrow sp.	0.0	0.0	0.0	0.0263158	0.0	0.0	0.0	0.0	0.0	0.0	0.0	0.0	0.0	0.0	0.0081967	0.0	0.0	0.0	0.010989	0.0093458	0.0	0.0	0.0	0.0	0.0	0.0	0.0	0.0	0.0	0.0	0.0	0.0	0.0	0.0	0.0	0.0015	0.0015	0.0337079	0.0015	0.0	0.0	0.0	0.0	0.0	0.0	0.0	0.0	0.0	
Yellow-breasted Chat	0.0	0.0	0.0	0.0	0.0	0.0	0.0	0.0	0.0	0.0	0.0	0.0	0.0	0.0	0.0	0.0	0.0015	0.0	0.0	0.0	0.0	0.0	0.0	0.0	0.0	0.0	0.0	0.0	0.0	0.0	0.0	0.0240964	0.0263158	0.0	0.025	0.0337079	0.0512821	0.0224719	0.0	0.0333333	0.0454545	0.0138889	0.0117647	0.0235294	0.2857143	0.0641026	0.0754717	0.0886076	
Bobolink	0.0	0.0	0.0	0.0	0.0	0.0	0.0	0.0	0.0	0.0	0.0	0.0	0.0	0.0	0.0	0.0	0.0	0.0	0.0	0.0	0.0	0.0	0.0	0.0	0.0	0.0	0.0	0.0	0.0	0.0526316	0.0	0.060241	0.0	0.0015	0.0875	0.0	0.0128205	0.011236	0.0	0.0	0.0	0.0	0.0	0.0	0.0	0.0	0.0	0.0	
Eastern Meadowlark	0.0	0.0	0.0	0.0	0.0	0.0	0.0	0.0	0.0	0.0	0.0	0.0	0.0	0.0	0.0	0.0	0.0	0.0	0.0	0.0	0.0	0.0	0.0	0.0	0.0	0.0	0.0	0.0	0.0	0.0	0.0	0.0	0.0	0.0	0.0	0.0	0.0	0.011236	0.0147059	0.0	0.0	0.0	0.0	0.0	0.0	0.0	0.0	0.0	
Orchard Oriole	0.0	0.0	0.0	0.0	0.0	0.0	0.0	0.0	0.0	0.0	0.0	0.0	0.0	0.0	0.0163934	0.1826923	0.0756757	0.0191083	0.010989	0.0	0.0322581	0.0	0.0	0.0	0.0	0.0	0.0	0.0666667	0.0	0.0	0.0	0.0	0.0263158	0.0	0.0	0.0	0.0	0.0	0.0	0.0	0.0	0.0	0.0	0.0	0.0	0.0	0.0	0.0	
Baltimore Oriole	0.0754717	0.025641	0.0212766	0.0789474	0.0	0.0	0.0	0.0	0.0	0.0	0.0	0.0	0.0	0.0	0.0163934	0.25	0.5027027	0.5159236	0.4285714	0.4392523	0.4193548	0.1428571	0.2857143	0.2352941	0.1764706	0.2142857	0.0	0.0666667	0.0833333	0.0526316	0.0416667	0.2289157	0.1315789	0.1666667	0.0375	0.0337079	0.025641	0.0	0.0	0.0111111	0.0	0.0	0.0	0.0	0.0	0.0641026	0.0	0.0886076	
Red-winged Blackbird	0.0377358	0.0512821	0.0638298	0.2368421	0.1	0.3	0.1081081	0.1777778	0.1904762	0.1153846	0.4285714	0.2	0.2045455	0.2692308	0.2377049	0.2548077	0.3891892	0.2929936	0.3076923	0.2897196	0.483871	0.2380952	0.3428571	0.5294118	0.2941176	0.1428571	0.125	0.3333333	0.0833333	0.1052632	0.0	0.1325301	0.1052632	0.0333333	0.0875	0.0786517	0.0961538	0.0224719	0.0294118	0.1666667	0.0454545	0.0277778	0.0941176	0.0117647	0.047619	0.0128205	0.0	0.0379747	
Brown-headed Cowbird	0.0188679	0.0512821	0.0	0.0526316	0.05	0.275	0.1621622	0.2	0.1904762	0.1153846	0.1142857	0.08	0.1136364	0.0865385	0.1803279	0.1442308	0.1351351	0.0573248	0.032967	0.046729	0.0645161	0.0	0.0285714	0.0	0.0588235	0.0	0.125	0.0666667	0.0	0.0	0.0	0.0120482	0.0	0.0	0.0125	0.0337079	0.0	0.0224719	0.0	0.0055556	0.0	0.0	0.0	0.0	0.0	0.0	0.0	0.0	
Rusty Blackbird	0.0	0.1025641	0.0638298	0.0	0.0	0.025	0.027027	0.0222222	0.0	0.0	0.0	0.02	0.0681818	0.0384615	0.0081967	0.0144231	0.0	0.0	0.0	0.0	0.0	0.0	0.0	0.0	0.0	0.0	0.0	0.0	0.0	0.0	0.0	0.0	0.0	0.0	0.0	0.0	0.0	0.0	0.0	0.0388889	0.0227273	0.0	0.0352941	0.0	0.0	0.0	0.0	0.0	
Common Grackle	0.3018868	0.4871795	0.3191489	0.2105263	0.175	0.325	0.4594595	0.4444444	0.3809524	0.4615385	0.4571429	0.42	0.5113636	0.5576923	0.4836066	0.4326923	0.6216216	0.5923567	0.5494505	0.5700935	0.5806452	0.5238095	0.6285714	0.6470588	0.5882353	0.5	0.375	0.7333333	0.3333333	0.4210526	0.3333333	0.3373494	0.5	0.4166667	0.425	0.4044944	0.25	0.258427	0.2941176	0.2777778	0.2272727	0.1388889	0.1058824	0.2235294	0.047619	0.0384615	0.0754717	0.164557	
Boat-tailed Grackle	0.0	0.0	0.0	0.0	0.0	0.0	0.0	0.0	0.0	0.0	0.0	0.0	0.0	0.0096154	0.0081967	0.0048077	0.0	0.0	0.0	0.0	0.0	0.0	0.0	0.0	0.0	0.0	0.0	0.0	0.0	0.0	0.0	0.0015	0.0	0.0	0.0	0.0	0.0	0.0	0.0	0.0	0.0	0.0	0.0	0.0	0.0	0.0	0.0	0.0	
Ovenbird	0.0	0.0	0.0	0.0	0.0	0.0	0.0	0.0	0.0	0.0	0.0	0.0	0.0	0.0	0.0327869	0.2019231	0.6324324	0.5541401	0.3296703	0.1401869	0.0322581	0.0	0.0	0.0	0.0	0.0	0.0	0.0	0.0	0.0	0.0416667	0.0963855	0.0789474	0.1166667	0.1125	0.1910112	0.1089744	0.0898876	0.0147059	0.0388889	0.0909091	0.0277778	0.0117647	0.0352941	0.0952381	0.0641026	0.0754717	0.0759494	
Worm-eating Warbler	0.0	0.0	0.0	0.0	0.0	0.0	0.0	0.0	0.0	0.0	0.0	0.0	0.0	0.0	0.0	0.0625	0.1513514	0.0318471	0.0	0.0093458	0.0	0.0	0.0	0.0	0.0	0.0	0.0	0.0	0.0	0.0	0.0416667	0.0	0.0	0.0	0.0	0.011236	0.0	0.0	0.0	0.0	0.0	0.0	0.0	0.0	0.0	0.0	0.0	0.0	
Louisiana Waterthrush	0.0	0.0	0.0	0.0	0.0	0.0	0.0	0.0	0.0	0.0	0.0	0.0	0.0	0.0384615	0.1229508	0.0673077	0.0540541	0.0254777	0.010989	0.0	0.0	0.0	0.0	0.0	0.0	0.0	0.0	0.0666667	0.0	0.0	0.0	0.0	0.0	0.0	0.0	0.0	0.0	0.0	0.0	0.0	0.0	0.0	0.0	0.0	0.0	0.0	0.0	0.0	
Northern Waterthrush	0.0	0.0	0.0	0.0	0.0	0.0	0.0	0.0	0.0	0.0	0.0	0.0	0.0	0.0	0.0983607	0.3413462	0.4864865	0.3121019	0.1648352	0.0934579	0.0	0.047619	0.0	0.0	0.0	0.0	0.0	0.0666667	0.1666667	0.2631579	0.0416667	0.1686747	0.1842105	0.3166667	0.2125	0.1910112	0.0192308	0.0337079	0.0	0.0	0.0	0.0	0.0	0.0	0.0	0.0	0.0	0.0	
Louisiana/Northern Waterthrush	0.0	0.0	0.0	0.0	0.0	0.0	0.0	0.0	0.0	0.0	0.0	0.0	0.0	0.0096154	0.0	0.0048077	0.0	0.0	0.0	0.0	0.0	0.0	0.0	0.0	0.0	0.0	0.0	0.0	0.0	0.0	0.0	0.0	0.0	0.0	0.0	0.0	0.0	0.0	0.0	0.0	0.0	0.0	0.0	0.0	0.0	0.0	0.0	0.0	
Golden-winged Warbler	0.0	0.0	0.0	0.0	0.0	0.0	0.0	0.0	0.0	0.0	0.0	0.0	0.0	0.0	0.0	0.0	0.0	0.0	0.0	0.0	0.0	0.0	0.0	0.0	0.0	0.0	0.0	0.0	0.0	0.0	0.0	0.0120482	0.0	0.0	0.025	0.0	0.0	0.0	0.0	0.0	0.0	0.0	0.0	0.0	0.0	0.0	0.0	0.0	
Blue-winged Warbler	0.0	0.0	0.0	0.0	0.0	0.0	0.0	0.0	0.0	0.0	0.0	0.0	0.0	0.0	0.0	0.1346154	0.0864865	0.0254777	0.0	0.0	0.0	0.0	0.0	0.0	0.0	0.0	0.0	0.0	0.0	0.0526316	0.0416667	0.0361446	0.0	0.0	0.0	0.011236	0.0	0.0	0.0	0.0	0.0	0.0	0.0	0.0	0.0	0.0	0.0	0.0	
Lawrence's Warbler (hybrid)	0.0	0.0	0.0	0.0	0.0	0.0	0.0	0.0	0.0	0.0	0.0	0.0	0.0	0.0	0.0	0.0048077	0.0	0.0	0.0	0.0	0.0	0.0	0.0	0.0	0.0	0.0	0.0	0.0	0.0	0.0	0.0015	0.0	0.0	0.0	0.0	0.0	0.0	0.0	0.0	0.0	0.0	0.0	0.0	0.0	0.0	0.0	0.0	0.0	
Black-and-white Warbler	0.0	0.0	0.0	0.0	0.0	0.0	0.0	0.0	0.0	0.0	0.0	0.0	0.0	0.0769231	0.2540984	0.5096154	0.6810811	0.5541401	0.3076923	0.1588785	0.0	0.0	0.0	0.0	0.0	0.0	0.0	0.0	0.1666667	0.0	0.0833333	0.2650602	0.3684211	0.3833333	0.3625	0.4044944	0.1538462	0.0898876	0.0147059	0.0055556	0.0	0.0	0.0	0.0	0.0	0.0	0.0	0.0	
Prothonotary Warbler	0.0	0.0	0.0	0.0	0.0	0.0	0.0	0.0	0.0	0.0	0.0	0.0	0.0	0.0	0.0	0.0	0.0	0.0	0.0	0.0	0.0	0.0	0.0	0.0	0.0	0.0	0.0	0.0	0.0	0.0	0.0	0.0	0.0	0.0166667	0.0	0.0	0.0	0.0	0.0	0.0	0.0	0.0	0.0	0.0	0.0	0.0	0.0	0.0	
Tennessee Warbler	0.0	0.0	0.0	0.0	0.0	0.0	0.0	0.0	0.0	0.0	0.0	0.0	0.0	0.0	0.0	0.0	0.0378378	0.0573248	0.0549451	0.0093458	0.0	0.0	0.0	0.0	0.0	0.0	0.0	0.0	0.0	0.0	0.0	0.0120482	0.0	0.05	0.025	0.0224719	0.0128205	0.0674157	0.0294118	0.0055556	0.0	0.0	0.0	0.0	0.0	0.0	0.0	0.0	
Orange-crowned Warbler	0.0	0.0	0.0	0.0	0.0	0.0	0.0	0.0	0.0	0.0	0.0	0.0	0.0	0.0	0.0	0.0	0.0	0.0	0.0	0.0	0.0	0.0	0.0	0.0	0.0	0.0	0.0	0.0	0.0	0.0	0.0	0.0	0.0	0.0	0.0	0.0	0.0	0.0	0.0	0.0	0.0	0.0	0.0	0.0117647	0.0	0.0128205	0.0188679	0.0379747	
Nashville Warbler	0.0	0.0	0.0	0.0	0.0	0.0	0.0	0.0	0.0	0.0	0.0	0.0	0.0	0.0	0.0	0.1826923	0.2810811	0.2292994	0.043956	0.0	0.0	0.0	0.0	0.0	0.0	0.0	0.0	0.0	0.0	0.0	0.0	0.0	0.0	0.0333333	0.075	0.1011236	0.0641026	0.1011236	0.0735294	0.0	0.0	0.0	0.0	0.0	0.0	0.0	0.0	0.0	
Leiothlypis sp.	0.0	0.0	0.0	0.0	0.0	0.0	0.0	0.0	0.0	0.0	0.0	0.0	0.0	0.0	0.0	0.0	0.0	0.0	0.0	0.0093458	0.0	0.0	0.0	0.0	0.0	0.0	0.0	0.0	0.0	0.0	0.0	0.0	0.0	0.0	0.0	0.0	0.0015	0.0	0.0	0.0	0.0	0.0	0.0	0.0	0.0	0.0	0.0	0.0	
Mourning Warbler	0.0	0.0	0.0	0.0	0.0	0.0	0.0	0.0	0.0	0.0	0.0	0.0	0.0	0.0	0.0	0.0	0.0	0.0063694	0.0	0.0280374	0.0322581	0.0	0.0	0.0	0.0	0.0	0.0	0.0	0.0	0.0	0.0	0.0	0.0	0.0	0.0125	0.011236	0.0	0.0	0.0	0.0	0.0	0.0	0.0	0.0	0.0	0.0	0.0	0.0	
Kentucky Warbler	0.0	0.0	0.0	0.0	0.0	0.0	0.0	0.0	0.0	0.0	0.0	0.0	0.0	0.0	0.0	0.0	0.0162162	0.0	0.0	0.0	0.0	0.0	0.0	0.0	0.0	0.0	0.0	0.0	0.0	0.0	0.0	0.0	0.0	0.0	0.0	0.0	0.0	0.0	0.0	0.0	0.0	0.0	0.0	0.0	0.0	0.0	0.0	0.0	
Common Yellowthroat	0.0	0.0	0.0	0.0	0.0	0.0	0.0	0.0	0.0	0.0	0.0	0.0	0.0	0.0	0.0245902	0.3076923	0.6432432	0.6305732	0.4395604	0.2803738	0.0645161	0.0	0.0	0.0	0.0	0.0	0.0	0.0	0.0	0.0	0.0416667	0.1445783	0.2105263	0.4	0.475	0.5505618	0.2435897	0.1573034	0.1029412	0.0777778	0.0454545	0.0	0.0235294	0.0	0.0	0.0128205	0.0566038	0.0126582	
Hooded Warbler	0.0	0.0	0.0	0.0	0.0	0.0	0.0	0.0	0.0	0.0	0.0	0.0	0.0	0.0	0.0163934	0.0576923	0.0324324	0.0382166	0.010989	0.0	0.0	0.0	0.0	0.0	0.0	0.0	0.0	0.0	0.0	0.0	0.0	0.0	0.0263158	0.0166667	0.0125	0.0224719	0.0	0.0	0.0147059	0.0	0.0	0.0	0.0	0.0	0.0	0.0	0.0	0.0	
American Redstart	0.0	0.0	0.0	0.0	0.0	0.0	0.0	0.0	0.0	0.0	0.0	0.0	0.0	0.0	0.0	0.0913462	0.572973	0.5923567	0.3406593	0.2990654	0.0967742	0.047619	0.0	0.0	0.0	0.0	0.0	0.0666667	0.0833333	0.0526316	0.2083333	0.373494	0.4210526	0.5166667	0.5875	0.3258427	0.1923077	0.0337079	0.0294118	0.0	0.0	0.0	0.0	0.0	0.0	0.0	0.0	0.0	
Cape May Warbler	0.0	0.0	0.0	0.0	0.0	0.0	0.0	0.0	0.0	0.0	0.0	0.0	0.0	0.0	0.0	0.0096154	0.1405405	0.1528662	0.0	0.0093458	0.0	0.0	0.0	0.0	0.0	0.0	0.0	0.0	0.0	0.0	0.0	0.0	0.0263158	0.0	0.0	0.0	0.0064103	0.0	0.0147059	0.0	0.0	0.0	0.0	0.0	0.0	0.0	0.0	0.0	
Cerulean Warbler	0.0	0.0	0.0	0.0	0.0	0.0	0.0	0.0	0.0	0.0	0.0	0.0	0.0	0.0	0.0	0.0913462	0.0054054	0.0	0.0	0.0	0.0	0.0	0.0	0.0	0.0	0.0	0.0	0.0	0.0	0.0	0.0	0.0	0.0	0.0	0.0	0.0	0.0	0.0	0.0	0.0	0.0	0.0	0.0	0.0	0.0	0.0	0.0	0.0	
Northern Parula	0.0	0.0	0.0	0.0	0.0	0.0	0.0	0.0	0.0	0.0	0.0	0.0	0.0	0.0	0.0655738	0.4903846	0.7351351	0.6433121	0.4505495	0.1028037	0.0967742	0.0	0.0	0.0	0.0	0.0	0.0	0.0	0.0	0.0	0.0416667	0.0361446	0.0	0.1166667	0.3875	0.3595506	0.1282051	0.1573034	0.1176471	0.0388889	0.0	0.0	0.0	0.0	0.0	0.0	0.0	0.0	
Magnolia Warbler	0.0	0.0	0.0	0.0	0.0	0.0	0.0	0.0	0.0	0.0	0.0	0.0	0.0	0.0	0.0	0.0865385	0.5675676	0.5477707	0.2857143	0.271028	0.2258065	0.0	0.0	0.0	0.0	0.0	0.0	0.0	0.0	0.0	0.0	0.060241	0.1315789	0.15	0.275	0.2022472	0.1282051	0.1348315	0.0735294	0.0055556	0.0	0.0	0.0	0.0	0.0	0.0	0.0	0.0	
Bay-breasted Warbler	0.0	0.0	0.0	0.0	0.0	0.0	0.0	0.0	0.0	0.0	0.0	0.0	0.0	0.0	0.0	0.0192308	0.0864865	0.1082803	0.0659341	0.0093458	0.0	0.0	0.0	0.0	0.0	0.0	0.0	0.0	0.0	0.0	0.0	0.0	0.0263158	0.0	0.0	0.0	0.0128205	0.011236	0.0	0.0	0.0	0.0	0.0	0.0	0.0	0.0	0.0	0.0	
Blackburnian Warbler	0.0	0.0	0.0	0.0	0.0	0.0	0.0	0.0	0.0	0.0	0.0	0.0	0.0	0.0	0.0	0.1826923	0.2648649	0.1210191	0.032967	0.0934579	0.0	0.0	0.0	0.0	0.0	0.0	0.0	0.0	0.0	0.0	0.0	0.0	0.0	0.0333333	0.025	0.0	0.0064103	0.0	0.0	0.0	0.0	0.0	0.0	0.0	0.0	0.0	0.0	0.0	
Yellow Warbler	0.0	0.0	0.0	0.0	0.0	0.0	0.0	0.0	0.0	0.0	0.0	0.0	0.0	0.0	0.0491803	0.3269231	0.4540541	0.3503185	0.1868132	0.1028037	0.2580645	0.0952381	0.0857143	0.0588235	0.0588235	0.0	0.125	0.2	0.3333333	0.0526316	0.0015	0.0361446	0.0526316	0.0833333	0.1	0.0224719	0.0064103	0.0	0.0	0.0	0.0	0.0	0.0	0.0	0.0	0.0	0.0	0.0	
Chestnut-sided Warbler	0.0	0.0	0.0	0.0	0.0	0.0	0.0	0.0	0.0	0.0	0.0	0.0	0.0	0.0	0.0	0.0528846	0.3297297	0.2802548	0.1758242	0.0747664	0.0	0.0	0.0285714	0.0	0.0	0.0	0.0	0.0	0.0	0.0	0.0833333	0.0722892	0.0526316	0.0666667	0.1625	0.0786517	0.0192308	0.0	0.0294118	0.0	0.0	0.0	0.0	0.0	0.0	0.0	0.0	0.0	
Blackpoll Warbler	0.0	0.0	0.0	0.0	0.0	0.0	0.0	0.0	0.0	0.0	0.0	0.0	0.0	0.0	0.0	0.0096154	0.2594595	0.3757962	0.5054945	0.2990654	0.1290323	0.0	0.0	0.0	0.0	0.0	0.0	0.0	0.0	0.0	0.0	0.0	0.0263158	0.0166667	0.1875	0.1910112	0.1410256	0.1685393	0.3382353	0.1222222	0.0	0.0	0.0117647	0.0	0.0	0.0	0.0	0.0	
Black-throated Blue Warbler	0.0	0.0	0.0	0.0	0.0	0.0	0.0	0.0	0.0	0.0	0.0	0.0	0.0	0.0	0.0	0.2307692	0.6378378	0.6305732	0.3406593	0.0934579	0.0	0.0	0.0	0.0	0.0	0.0	0.0	0.0	0.0	0.0	0.0	0.0361446	0.1578947	0.0833333	0.325	0.2696629	0.0833333	0.1797753	0.1470588	0.0111111	0.0	0.0	0.0	0.0	0.0	0.0	0.0	0.0	
Palm Warbler	0.0	0.0	0.0	0.0	0.0	0.0	0.0	0.0	0.0	0.0	0.0	0.0	0.2272727	0.4134615	0.4016393	0.2980769	0.1783784	0.0	0.0	0.0	0.0	0.0	0.0	0.0	0.0	0.0	0.0	0.0	0.0	0.0	0.0	0.0	0.0	0.0	0.075	0.0786517	0.1858974	0.2134831	0.1617647	0.2333333	0.1136364	0.0	0.0235294	0.0	0.0	0.0	0.0	0.0	
Pine Warbler	0.0	0.0	0.0	0.0	0.0	0.0	0.0	0.0	0.0	0.0	0.0857143	0.0	0.0681818	0.1730769	0.1639344	0.1105769	0.0216216	0.0063694	0.0015	0.0	0.0	0.0	0.0	0.0	0.0	0.0	0.0	0.0	0.0	0.0	0.0	0.0	0.0	0.0	0.0875	0.1348315	0.0512821	0.0786517	0.0294118	0.0055556	0.0	0.0	0.0	0.0	0.0	0.0	0.0	0.0	
Yellow-rumped Warbler	0.0377358	0.1025641	0.0425532	0.0	0.025	0.0	0.0	0.0222222	0.047619	0.0769231	0.0571429	0.04	0.0795455	0.1923077	0.4344262	0.6538462	0.7513514	0.522293	0.1208791	0.0	0.0	0.0	0.0	0.0	0.0	0.0	0.0	0.0	0.0	0.0	0.0	0.0	0.0	0.0	0.1	0.0674157	0.1474359	0.3146067	0.4411765	0.5388889	0.0909091	0.3194444	0.0470588	0.0	0.0	0.0	0.0	0.0	
Yellow-throated Warbler	0.0	0.0	0.0	0.0	0.0	0.0	0.0	0.0	0.0	0.0	0.0	0.0	0.0	0.0	0.0	0.0480769	0.0702703	0.0063694	0.0	0.0	0.0	0.0	0.0	0.0	0.0	0.0	0.0	0.0	0.0	0.0	0.0	0.0	0.0	0.0	0.0	0.0	0.0	0.0	0.0	0.0	0.0	0.0	0.0	0.0	0.0	0.0	0.0	0.0	
Prairie Warbler	0.0	0.0	0.0	0.0	0.0	0.0	0.0	0.0	0.0	0.0	0.0	0.0	0.0	0.0	0.0	0.2163462	0.3081081	0.0509554	0.0	0.0	0.0	0.0	0.0	0.0	0.0	0.0	0.0	0.0	0.0	0.0	0.0	0.0	0.0263158	0.0	0.0	0.011236	0.0064103	0.0	0.0	0.0	0.0	0.0	0.0	0.0	0.0	0.0	0.0	0.0	
Black-throated Gray Warbler	0.0	0.0	0.0	0.0	0.0	0.0	0.0	0.0	0.0	0.0	0.0	0.0	0.0	0.0	0.0	0.0	0.0	0.0	0.0	0.0	0.0	0.0	0.0	0.0	0.0	0.0	0.0	0.0	0.0	0.0	0.0	0.0	0.0	0.0	0.0	0.0	0.0	0.0	0.0	0.0	0.0	0.0	0.0	0.0235294	0.0	0.0	0.0	0.0	
Black-throated Green Warbler	0.0	0.0	0.0	0.0	0.0	0.0	0.0	0.0	0.0	0.0	0.0	0.0	0.0	0.0	0.0245902	0.2980769	0.4162162	0.3694268	0.1208791	0.0280374	0.0322581	0.0	0.0285714	0.0	0.0	0.0	0.0	0.0	0.0	0.0	0.0	0.0240964	0.0	0.05	0.175	0.1348315	0.0897436	0.1123596	0.0147059	0.0388889	0.0	0.0	0.0	0.0	0.0	0.0128205	0.0	0.0126582	
Setophaga sp.	0.0	0.0	0.0	0.0	0.0	0.0	0.0	0.0	0.0	0.0	0.0	0.0	0.0	0.0	0.0	0.0	0.0	0.0	0.0	0.0093458	0.0	0.0	0.0	0.0	0.0	0.0	0.0	0.0	0.0	0.0	0.0	0.0	0.0	0.0	0.0	0.0	0.0015	0.0	0.0	0.0	0.0	0.0	0.0	0.0	0.0	0.0	0.0	0.0	
Canada Warbler	0.0	0.0	0.0	0.0	0.0	0.0	0.0	0.0	0.0	0.0	0.0	0.0	0.0	0.0	0.0	0.0432692	0.2756757	0.3121019	0.1318681	0.2523364	0.0645161	0.0	0.0	0.0	0.0	0.0	0.0	0.0	0.0	0.1052632	0.1666667	0.2289157	0.1315789	0.0666667	0.05	0.0449438	0.0015	0.0	0.0	0.0	0.0	0.0	0.0	0.0	0.0	0.0	0.0	0.0	
Wilson's Warbler	0.0	0.0	0.0	0.0	0.0	0.0	0.0	0.0	0.0	0.0	0.0	0.0	0.0	0.0	0.0	0.0	0.1783784	0.3694268	0.1428571	0.0093458	0.0	0.0	0.0	0.0	0.0	0.0	0.0	0.0	0.0	0.0	0.0	0.0120482	0.0789474	0.05	0.1125	0.011236	0.0064103	0.0337079	0.0	0.0	0.0	0.0	0.0	0.0	0.0	0.0	0.0	0.0	
warbler sp. (Parulidae sp.)	0.0	0.0	0.0	0.0	0.0	0.0	0.0	0.0	0.0	0.0	0.0	0.0	0.0113636	0.0288462	0.0	0.0192308	0.0054054	0.0063694	0.010989	0.046729	0.0322581	0.0	0.0285714	0.0	0.0588235	0.0	0.0	0.0666667	0.0	0.1052632	0.0	0.0963855	0.0263158	0.0833333	0.2125	0.0898876	0.0897436	0.1460674	0.0294118	0.0111111	0.0	0.0	0.0	0.0	0.0	0.0	0.0	0.0	
Summer Tanager	0.0	0.0	0.0	0.0	0.0	0.0	0.0	0.0	0.0	0.0	0.0	0.0	0.0	0.0	0.0	0.0144231	0.1189189	0.0127389	0.021978	0.0373832	0.0322581	0.047619	0.0	0.0	0.0	0.0	0.0	0.0	0.0	0.0	0.0	0.0	0.0	0.0	0.0	0.0	0.0	0.0	0.0	0.0	0.0	0.0	0.0	0.0	0.0	0.0	0.0	0.0	
Scarlet Tanager	0.0	0.0	0.0	0.0	0.0	0.0	0.0	0.0	0.0	0.0	0.0	0.0	0.0	0.0	0.0	0.1442308	0.3243243	0.1783439	0.021978	0.0560748	0.0322581	0.0	0.0	0.0	0.0015	0.0	0.0	0.0666667	0.0	0.0	0.0	0.0120482	0.0	0.0333333	0.1375	0.1235955	0.0705128	0.0337079	0.0294118	0.0	0.0	0.0	0.0	0.0	0.0	0.0	0.0	0.0	
Northern Cardinal	0.509434	0.5384615	0.4255319	0.5526316	0.45	0.5	0.4864865	0.5111111	0.4285714	0.5769231	0.6	0.58	0.5227273	0.5576923	0.6065574	0.6057692	0.5675676	0.5605096	0.4065934	0.5420561	0.5483871	0.5238095	0.6857143	0.6176471	0.4117647	0.5	0.375	0.6666667	0.5833333	0.4736842	0.5416667	0.5180723	0.6842105	0.65	0.4875	0.5730337	0.275641	0.3820225	0.3970588	0.2222222	0.2272727	0.6666667	0.5764706	0.3882353	0.3809524	0.5897436	0.3773585	0.278481	
Rose-breasted Grosbeak	0.0	0.0	0.0	0.0	0.0	0.0	0.0	0.0	0.0	0.0	0.0	0.0	0.0	0.0	0.0	0.0528846	0.3513514	0.2101911	0.0769231	0.0373832	0.0322581	0.0	0.0	0.0	0.0	0.0	0.0	0.0	0.0	0.0	0.0	0.0	0.0	0.1	0.225	0.2134831	0.0576923	0.0	0.0	0.0	0.0	0.0	0.0	0.0	0.0	0.0	0.0	0.0	
Blue Grosbeak	0.0	0.0	0.0	0.0	0.0	0.0	0.0	0.0	0.0	0.0	0.0	0.0	0.0	0.0	0.0	0.0048077	0.0108108	0.0063694	0.0	0.0	0.0	0.0	0.0	0.0	0.0	0.0	0.0	0.0	0.0	0.0	0.0	0.0	0.0	0.0	0.0	0.0	0.0	0.0337079	0.0	0.0	0.0	0.0	0.0	0.0	0.0	0.0	0.0	0.0	
Indigo Bunting	0.0	0.0	0.0	0.0	0.0	0.0	0.0	0.0	0.0	0.0	0.0	0.0	0.0	0.0	0.0	0.1201923	0.2054054	0.0509554	0.043956	0.0280374	0.0	0.0	0.0	0.0	0.0	0.0	0.0	0.0	0.0	0.0	0.0	0.0120482	0.0	0.0	0.0125	0.0449438	0.0320513	0.0224719	0.0441176	0.0055556	0.0	0.0	0.0	0.0	0.0	0.0	0.0	0.0	
Dickcissel	0.0	0.0	0.0	0.0	0.0	0.0	0.0	0.0	0.0	0.0	0.0	0.0	0.0	0.0	0.0	0.0	0.0	0.0	0.0	0.0	0.0	0.0	0.0	0.0	0.0	0.0	0.0	0.0	0.0	0.0	0.0	0.0	0.0	0.0	0.0	0.0	0.0	0.0	0.0	0.0	0.0	0.0	0.0	0.0	0.0	0.0	0.1132075	0.0379747	
passerine sp.	0.0	0.0	0.0	0.0	0.0	0.0	0.0	0.0	0.0	0.0	0.0	0.0	0.0	0.0096154	0.0	0.0	0.0	0.0	0.010989	0.0186916	0.0	0.0	0.0	0.0	0.0	0.0	0.0	0.0	0.0	0.0	0.0	0.0481928	0.0	0.0015	0.175	0.0224719	0.0961538	0.0561798	0.0147059	0.0055556	0.0	0.0	0.0	0.0117647	0.0	0.0	0.0566038	0.0	

