Sample Size:	130.0	56.0	52.0	100.0	60.0	37.0	44.0	31.0	31.0	56.0	54.0	87.0	88.0	86.0	132.0	152.0	216.0	172.0	124.0	98.0	40.0	32.0	32.0	42.0	28.0	22.0	15.0	34.0	31.0	37.0	42.0	92.0	70.0	92.0	136.0	135.0	99.0	111.0	148.0	237.0	148.0	78.0	96.0	75.0	40.0	51.0	81.0	80.0	
Snow Goose	0.0	0.0	0.0	0.0	0.0	0.0	0.0	0.0	0.0	0.0	0.0	0.0	0.0	0.0	0.0075758	0.0	0.0	0.0	0.0	0.0	0.0	0.0	0.0	0.0	0.0	0.0	0.0	0.0	0.0	0.0	0.0	0.0	0.0	0.0	0.0	0.0	0.0	0.009009	0.0	0.0	0.0135135	0.0	0.0	0.0	0.0	0.0	0.0	0.0	
Brant	0.0307692	0.0178571	0.0	0.01	0.0666667	0.0	0.0681818	0.0	0.0	0.0357143	0.0185185	0.0344828	0.0340909	0.0232558	0.0454545	0.0065789	0.0277778	0.0116279	0.0015	0.0102041	0.025	0.03125	0.0	0.0	0.0	0.0	0.0	0.0	0.0	0.0	0.0	0.0	0.0	0.0	0.0	0.0	0.010101	0.018018	0.0743243	0.1265823	0.4864865	0.0769231	0.1770833	0.0533333	0.025	0.0392157	0.0617284	0.125	
Barnacle Goose	0.0	0.0	0.0	0.0	0.0	0.0	0.0	0.0	0.0	0.0	0.0	0.0	0.0	0.0	0.0	0.0	0.0	0.0	0.0	0.0	0.0	0.0	0.0	0.0	0.0	0.0	0.0	0.0	0.0	0.0	0.0	0.0	0.0	0.0	0.0	0.0	0.0	0.0	0.0	0.0	0.0	0.0897436	0.0	0.0	0.0	0.0	0.0	0.0	
Canada Goose	0.2461538	0.4821429	0.3076923	0.33	0.25	0.4594595	0.3636364	0.3548387	0.483871	0.5357143	0.4444444	0.3793103	0.5113636	0.5	0.5227273	0.4934211	0.4722222	0.4825581	0.5080645	0.5102041	0.2	0.28125	0.28125	0.2619048	0.3928571	0.1818182	0.3333333	0.2647059	0.2903226	0.1081081	0.1666667	0.0978261	0.1	0.1086957	0.1323529	0.2148148	0.0606061	0.3783784	0.3310811	0.4894515	0.6216216	0.4358974	0.4270833	0.4133333	0.425	0.3333333	0.1975309	0.4625	
Mute Swan	0.0076923	0.0	0.0	0.0	0.0166667	0.0	0.0	0.0	0.0	0.0	0.0185185	0.0	0.0	0.0232558	0.0015	0.0065789	0.0	0.0116279	0.0	0.0	0.025	0.0	0.0	0.0	0.0	0.0	0.0	0.0	0.0	0.0	0.0238095	0.0	0.0	0.0108696	0.0	0.0	0.0	0.0	0.0	0.0253165	0.0067568	0.025641	0.0520833	0.0533333	0.075	0.0	0.0	0.0125	
Wood Duck	0.0769231	0.0535714	0.0576923	0.02	0.05	0.0540541	0.0681818	0.1290323	0.1612903	0.0178571	0.0185185	0.0229885	0.0568182	0.1046512	0.0681818	0.0065789	0.0092593	0.005814	0.0887097	0.1632653	0.025	0.03125	0.0625	0.0238095	0.0	0.0	0.0	0.0	0.0	0.0	0.0	0.0	0.0	0.0108696	0.0	0.0222222	0.0606061	0.0990991	0.1148649	0.021097	0.0405405	0.1153846	0.0729167	0.1066667	0.15	0.0784314	0.0987654	0.1875	
Northern Shoveler	0.1153846	0.1964286	0.2307692	0.21	0.15	0.2162162	0.2045455	0.2258065	0.3225806	0.3214286	0.3333333	0.1264368	0.2159091	0.0348837	0.0075758	0.0	0.0	0.0	0.0	0.0	0.0	0.0	0.0	0.0	0.0	0.0	0.0	0.0	0.0	0.0	0.0	0.0	0.0	0.0	0.0	0.0296296	0.020202	0.1351351	0.1081081	0.0675105	0.1216216	0.2051282	0.21875	0.2133333	0.25	0.2352941	0.1358025	0.3875	
Gadwall	0.1230769	0.1607143	0.0769231	0.05	0.0833333	0.1081081	0.1590909	0.0322581	0.1935484	0.1785714	0.0925926	0.0574713	0.1363636	0.0930233	0.1212121	0.1052632	0.0416667	0.0174419	0.0080645	0.0102041	0.025	0.03125	0.03125	0.0714286	0.0714286	0.0909091	0.0	0.0	0.0322581	0.027027	0.0	0.0108696	0.0142857	0.0217391	0.0147059	0.1555556	0.2121212	0.2522523	0.0675676	0.0506329	0.0945946	0.1025641	0.1458333	0.16	0.1	0.0980392	0.1358025	0.225	
American Wigeon	0.0	0.0	0.0	0.0	0.0	0.0	0.0	0.0	0.0	0.0	0.0	0.0	0.0	0.0	0.0	0.0	0.0	0.0	0.0	0.0	0.0	0.0	0.0	0.0	0.0	0.0	0.0	0.0	0.0	0.0	0.0	0.0	0.0	0.0	0.0	0.0	0.0	0.0	0.0	0.0042194	0.0067568	0.0	0.0	0.0	0.0	0.0	0.0123457	0.0	
Mallard	0.3692308	0.5178571	0.4038462	0.37	0.3333333	0.6216216	0.5	0.4516129	0.6774194	0.5892857	0.6296296	0.5517241	0.7159091	0.6860465	0.6060606	0.6644737	0.6111111	0.6511628	0.6290323	0.5816327	0.425	0.40625	0.4375	0.5238095	0.3571429	0.3181818	0.2666667	0.3823529	0.3225806	0.3783784	0.4047619	0.3478261	0.5	0.5543478	0.4705882	0.5925926	0.4545455	0.5225225	0.5135135	0.5527426	0.6891892	0.3974359	0.5729167	0.6533333	0.7	0.5882353	0.4197531	0.625	
Mallard (Domestic type)	0.0	0.0	0.0	0.0	0.0	0.0	0.0	0.0	0.0	0.0	0.0	0.0	0.0	0.0	0.0	0.0	0.0	0.0	0.0	0.0	0.0	0.0	0.0	0.0	0.0	0.0	0.0	0.0	0.0	0.0	0.0	0.0	0.0	0.0	0.0	0.0	0.0	0.009009	0.0	0.0	0.0	0.0	0.0015	0.0	0.0	0.0	0.0	0.0	
American Black Duck	0.0769231	0.0892857	0.0769231	0.05	0.0015	0.0810811	0.0227273	0.0322581	0.0	0.0178571	0.0185185	0.0	0.0227273	0.0015	0.0	0.0328947	0.0	0.0116279	0.0	0.0204082	0.025	0.0	0.09375	0.0238095	0.0357143	0.0	0.0666667	0.0294118	0.0322581	0.027027	0.0238095	0.0326087	0.0285714	0.0326087	0.0073529	0.0296296	0.010101	0.009009	0.027027	0.2067511	0.4459459	0.0897436	0.1666667	0.04	0.1	0.0392157	0.1111111	0.225	
Mallard x American Black Duck (hybrid)	0.0153846	0.0178571	0.0	0.01	0.0	0.027027	0.0	0.0	0.0	0.0178571	0.0	0.0	0.0227273	0.0232558	0.0227273	0.0	0.0092593	0.005814	0.016129	0.0	0.0	0.03125	0.0	0.0	0.1428571	0.0	0.0	0.0	0.1290323	0.0	0.0	0.0326087	0.0	0.0434783	0.0367647	0.037037	0.030303	0.045045	0.0135135	0.0042194	0.027027	0.025641	0.0208333	0.0133333	0.0	0.0	0.0493827	0.0375	
Northern Pintail	0.0	0.0	0.0	0.0	0.0	0.0	0.0	0.0	0.0	0.0	0.0	0.0	0.0	0.0	0.0	0.0	0.0	0.0	0.0	0.0	0.0	0.0	0.0	0.0	0.0	0.0	0.0	0.0	0.0	0.0	0.0	0.0	0.0	0.0	0.0	0.0	0.0	0.0	0.0	0.0	0.0135135	0.0	0.0	0.0	0.0	0.0	0.0	0.0	
Green-winged Teal	0.0	0.0	0.0	0.0	0.0	0.0	0.0	0.0	0.0	0.0	0.0	0.0	0.0	0.0	0.0151515	0.0	0.0	0.0	0.0	0.0	0.0	0.0	0.0	0.0	0.0	0.0	0.0	0.0	0.0	0.0	0.0	0.0	0.0	0.0	0.0	0.0	0.0	0.0	0.0067568	0.0	0.0	0.0	0.0	0.0	0.0	0.0	0.0	0.0125	
Canvasback	0.0076923	0.0	0.0	0.01	0.0	0.0	0.0	0.0	0.0	0.0	0.0	0.0	0.0	0.0	0.0	0.0	0.0	0.0	0.0	0.0	0.0	0.0	0.0	0.0	0.0	0.0	0.0	0.0	0.0	0.0	0.0	0.0	0.0	0.0	0.0	0.0	0.0	0.0	0.0	0.0	0.0	0.0	0.0	0.0	0.0	0.0	0.0	0.0	
Redhead	0.0076923	0.0	0.0	0.0	0.0166667	0.0	0.0	0.0	0.0	0.0	0.0	0.0	0.0	0.0	0.0	0.0	0.0	0.0	0.0	0.0	0.0	0.0	0.0	0.0	0.0	0.0	0.0	0.0	0.0	0.0	0.0	0.0	0.0	0.0	0.0	0.0	0.0	0.0	0.0	0.0	0.0	0.0	0.0	0.0	0.0	0.0	0.0	0.0	
Ring-necked Duck	0.0	0.0	0.0	0.0	0.0	0.0	0.0	0.0	0.0645161	0.0178571	0.0	0.0	0.0	0.0	0.0	0.0	0.0	0.0	0.0	0.0	0.0	0.0	0.0	0.0	0.0	0.0	0.0	0.0	0.0	0.0	0.0	0.0	0.0	0.0	0.0	0.0296296	0.0	0.0	0.0	0.0	0.0	0.0	0.0	0.0	0.0	0.0	0.0	0.0	
Lesser Scaup	0.0076923	0.0	0.0	0.0	0.05	0.0	0.0	0.0	0.0	0.0	0.0	0.0	0.0	0.0	0.0	0.0	0.0	0.0	0.0	0.0	0.0	0.0	0.0	0.0	0.0	0.0	0.0	0.0	0.0	0.0	0.0	0.0	0.0	0.0	0.0	0.0	0.0	0.0	0.0	0.0	0.0	0.0	0.0	0.0	0.0	0.0	0.0	0.0	
Greater/Lesser Scaup	0.0076923	0.0	0.0	0.0	0.0166667	0.0	0.0	0.0	0.0	0.0	0.0185185	0.0	0.0	0.0	0.0	0.0	0.0	0.0	0.0	0.0	0.0	0.0	0.0	0.0	0.0	0.0	0.0	0.0	0.0	0.0	0.0	0.0	0.0	0.0	0.0	0.0	0.0	0.0	0.0	0.0	0.0067568	0.0	0.0	0.0	0.0	0.0	0.0	0.0	
Surf Scoter	0.0	0.0	0.0	0.0	0.0	0.0	0.0	0.0	0.0	0.0	0.0	0.0	0.0	0.0	0.0	0.0	0.0	0.0	0.0	0.0	0.0	0.0	0.0	0.0	0.0	0.0	0.0	0.0	0.0	0.0	0.0	0.0	0.0	0.0	0.0	0.0	0.0	0.0	0.0	0.0042194	0.0	0.0	0.0	0.0	0.0	0.0	0.0	0.0	
White-winged Scoter	0.0	0.0	0.0	0.0	0.0	0.0	0.0	0.0	0.0	0.0	0.0	0.0	0.0	0.0	0.0	0.0	0.0	0.0	0.0	0.0	0.0	0.0	0.0	0.0	0.0	0.0	0.0	0.0	0.0	0.0	0.0	0.0	0.0	0.0	0.0	0.0	0.0	0.0	0.0	0.0084388	0.0	0.0	0.0	0.0	0.025	0.0	0.0	0.0	
Black Scoter	0.0	0.0	0.0	0.0	0.0	0.0	0.0	0.0	0.0	0.0	0.0	0.0	0.0	0.0	0.0	0.0	0.0	0.0	0.0	0.0	0.0	0.0	0.0	0.0	0.0	0.0	0.0	0.0	0.0	0.0	0.0	0.0	0.0	0.0	0.0	0.0	0.0	0.0	0.0	0.0253165	0.0067568	0.0	0.0	0.0	0.0	0.0	0.0	0.0	
scoter sp.	0.0	0.0	0.0	0.0	0.0	0.0	0.0	0.0	0.0	0.0	0.0	0.0	0.0	0.0	0.0	0.0	0.0	0.0	0.0	0.0	0.0	0.0	0.0	0.0	0.0	0.0	0.0	0.0	0.0	0.0	0.0	0.0	0.0	0.0	0.0	0.0	0.0	0.0	0.0	0.0042194	0.0	0.0	0.0	0.0	0.0	0.0	0.0	0.0	
Bufflehead	0.2	0.2321429	0.2115385	0.16	0.2	0.3513514	0.3863636	0.3225806	0.3870968	0.3392857	0.3148148	0.1149425	0.2727273	0.0930233	0.0833333	0.0789474	0.0	0.005814	0.0	0.0	0.0	0.0	0.0	0.0	0.0	0.0	0.0	0.0	0.0	0.0	0.0	0.0	0.0	0.0	0.0	0.0	0.0	0.0	0.0	0.0126582	0.472973	0.1923077	0.25	0.4133333	0.125	0.1372549	0.1358025	0.35	
Common Goldeneye	0.0	0.0	0.0	0.0	0.0166667	0.0	0.0	0.0	0.0	0.0	0.0	0.0	0.0	0.0	0.0	0.0	0.0	0.0	0.0	0.0	0.0	0.0	0.0	0.0	0.0	0.0	0.0	0.0	0.0	0.0	0.0	0.0	0.0	0.0	0.0	0.0	0.0	0.0	0.0	0.0	0.0	0.0	0.0	0.0	0.0	0.0196078	0.037037	0.0875	
Hooded Merganser	0.0923077	0.0892857	0.1730769	0.12	0.0333333	0.1351351	0.0909091	0.0967742	0.1290323	0.1071429	0.1111111	0.0344828	0.0568182	0.0465116	0.0075758	0.0065789	0.0015	0.0	0.0	0.0	0.0	0.0	0.0	0.0	0.0	0.0	0.0	0.0	0.0	0.0	0.0	0.0	0.0	0.0	0.0	0.0	0.0	0.0	0.0	0.0084388	0.027027	0.1025641	0.0833333	0.1466667	0.15	0.0392157	0.0617284	0.2	
Red-breasted Merganser	0.0384615	0.0	0.0	0.0	0.0166667	0.0	0.0227273	0.0	0.1935484	0.1071429	0.0185185	0.0344828	0.0	0.0	0.0075758	0.0015	0.0	0.0	0.0	0.0	0.0	0.0	0.0	0.0	0.0	0.0	0.0	0.0	0.0	0.0	0.0	0.0	0.0	0.0	0.0	0.0	0.0	0.0	0.0	0.021097	0.0608108	0.0128205	0.0104167	0.04	0.025	0.0392157	0.0617284	0.1125	
Ruddy Duck	0.1076923	0.125	0.1730769	0.12	0.1	0.1351351	0.25	0.0645161	0.3225806	0.2321429	0.2222222	0.091954	0.1477273	0.0813953	0.0909091	0.0065789	0.0015	0.0	0.0	0.0	0.0	0.0	0.03125	0.0	0.0	0.0	0.0	0.0	0.0	0.0	0.0	0.0	0.0	0.0	0.0073529	0.0148148	0.0505051	0.0810811	0.0472973	0.0168776	0.3986486	0.1282051	0.1979167	0.4	0.25	0.0784314	0.0987654	0.275	
duck sp.	0.0076923	0.0	0.0	0.0	0.0	0.027027	0.0227273	0.0	0.0	0.0	0.0	0.0114943	0.0	0.0	0.0	0.0	0.0	0.0	0.0	0.0	0.0	0.0	0.0	0.0	0.0357143	0.0	0.0	0.0294118	0.0	0.0	0.0	0.0217391	0.0	0.0217391	0.0015	0.0074074	0.0	0.018018	0.0135135	0.0253165	0.027027	0.0128205	0.0015	0.0133333	0.025	0.0	0.0	0.0	
Wild Turkey	0.0076923	0.0	0.0	0.0	0.0	0.0	0.0	0.0	0.0	0.0	0.0	0.0	0.0	0.0	0.0151515	0.0	0.0	0.0015	0.0	0.0	0.0	0.0	0.0	0.0	0.0	0.0	0.0	0.0	0.0	0.0	0.0238095	0.0	0.0142857	0.0	0.0	0.0	0.0	0.0	0.0	0.0	0.0	0.0	0.0	0.0	0.0	0.0	0.0	0.0	
Pied-billed Grebe	0.0692308	0.0714286	0.0961538	0.1	0.0333333	0.0810811	0.0681818	0.0967742	0.1935484	0.0892857	0.1666667	0.0229885	0.0909091	0.0	0.0151515	0.0	0.0	0.0	0.0	0.0	0.0	0.0	0.0	0.0	0.0	0.0	0.0	0.0	0.0	0.0	0.0	0.0	0.0	0.0	0.0441176	0.0518519	0.0606061	0.045045	0.027027	0.0084388	0.0135135	0.025641	0.0729167	0.0666667	0.15	0.0196078	0.0740741	0.175	
Horned Grebe	0.0	0.0	0.0	0.0	0.0166667	0.0	0.0	0.0	0.0	0.0	0.0	0.0	0.0	0.0	0.0	0.0	0.0	0.0	0.0	0.0	0.0	0.0	0.0	0.0	0.0	0.0	0.0	0.0	0.0	0.0	0.0	0.0	0.0	0.0	0.0	0.0	0.0	0.0	0.0	0.0	0.0	0.0	0.0	0.0	0.0	0.0	0.0	0.0	
Rock Pigeon	0.6461538	0.6964286	0.6538462	0.69	0.6833333	0.7297297	0.7272727	0.7741935	0.483871	0.4821429	0.5925926	0.5862069	0.6818182	0.7209302	0.6060606	0.6973684	0.6759259	0.6627907	0.5	0.5612245	0.55	0.625	0.78125	0.7857143	0.8214286	0.7272727	0.8	0.6470588	0.7419355	0.6756757	0.7857143	0.5869565	0.6428571	0.6521739	0.7279412	0.7407407	0.7171717	0.7387387	0.6621622	0.6582278	0.777027	0.7307692	0.6770833	0.6133333	0.6	0.5686275	0.7037037	0.45	
Mourning Dove	0.2153846	0.1607143	0.1730769	0.34	0.4833333	0.2162162	0.3636364	0.2580645	0.3548387	0.4642857	0.5740741	0.6666667	0.625	0.6395349	0.6363636	0.5921053	0.6296296	0.6511628	0.483871	0.4387755	0.475	0.28125	0.4375	0.2857143	0.5	0.4545455	0.4666667	0.3529412	0.4193548	0.6486486	0.5952381	0.4456522	0.5714286	0.673913	0.6029412	0.7333333	0.5353535	0.6306306	0.6216216	0.5316456	0.6081081	0.5	0.4375	0.3066667	0.5	0.372549	0.5061728	0.35	
Yellow-billed Cuckoo	0.0	0.0	0.0	0.0	0.0	0.0	0.0	0.0	0.0	0.0	0.0	0.0	0.0	0.0	0.0	0.0	0.0092593	0.0232558	0.0	0.0015	0.0	0.03125	0.0	0.0	0.0	0.0	0.0	0.0	0.0	0.0	0.0	0.0108696	0.0571429	0.1086957	0.0294118	0.0148148	0.0	0.0	0.0135135	0.0	0.0067568	0.0	0.0	0.0	0.0	0.0	0.0	0.0	
Black-billed Cuckoo	0.0	0.0	0.0	0.0	0.0	0.0	0.0	0.0	0.0	0.0	0.0	0.0	0.0	0.0	0.0	0.0	0.0138889	0.0116279	0.0	0.0015	0.0	0.0	0.0	0.0	0.0	0.0	0.0	0.0	0.0	0.0	0.0	0.0	0.0	0.0108696	0.0	0.0	0.010101	0.018018	0.0	0.0	0.0	0.0	0.0	0.0	0.0	0.0	0.0	0.0	
Yellow-billed/Black-billed Cuckoo	0.0	0.0	0.0	0.0	0.0	0.0	0.0	0.0	0.0	0.0	0.0	0.0	0.0	0.0	0.0	0.0	0.0	0.0	0.0	0.0	0.0	0.0	0.0	0.0	0.0	0.0	0.0	0.0	0.0	0.0	0.0	0.0	0.0142857	0.0	0.0	0.0	0.0	0.0	0.0	0.0	0.0	0.0	0.0	0.0	0.0	0.0	0.0	0.0	
Coccyzus sp.	0.0	0.0	0.0	0.0	0.0	0.0	0.0	0.0	0.0	0.0	0.0	0.0	0.0	0.0	0.0	0.0	0.0	0.0	0.0	0.0	0.0	0.0	0.0	0.0	0.0	0.0	0.0	0.0	0.0	0.0	0.0	0.0	0.0	0.0108696	0.0	0.0074074	0.0	0.0	0.0	0.0042194	0.0	0.0	0.0	0.0	0.0	0.0	0.0	0.0	
Common Nighthawk	0.0	0.0	0.0	0.0	0.0	0.0	0.0	0.0	0.0	0.0	0.0	0.0	0.0	0.0	0.0	0.0065789	0.0	0.0	0.0	0.0	0.0	0.0	0.0	0.0	0.0	0.0	0.0	0.0	0.0	0.0	0.0238095	0.0108696	0.0015	0.0108696	0.0147059	0.0	0.0	0.0	0.0	0.0	0.0	0.0	0.0	0.0	0.0	0.0	0.0	0.0	
Chimney Swift	0.0	0.0	0.0	0.0	0.0	0.0	0.0	0.0	0.0	0.0	0.0	0.0	0.0	0.0	0.0757576	0.1052632	0.1851852	0.3197674	0.233871	0.2755102	0.125	0.25	0.21875	0.3333333	0.3214286	0.0909091	0.3333333	0.2058824	0.3548387	0.2702703	0.1428571	0.1195652	0.3285714	0.2826087	0.3676471	0.5037037	0.2626263	0.2252252	0.0	0.0	0.0	0.0	0.0	0.0	0.0	0.0	0.0	0.0	
small swift sp.	0.0	0.0	0.0	0.0	0.0	0.0	0.0	0.0	0.0	0.0	0.0	0.0	0.0	0.0	0.0	0.0	0.0	0.0	0.0	0.0	0.0	0.0	0.0	0.0	0.0	0.0	0.0	0.0	0.0	0.0	0.0	0.0	0.0	0.0	0.0	0.0	0.0	0.0	0.0	0.0	0.0015	0.0	0.0	0.0	0.0	0.0	0.0	0.0	
Ruby-throated Hummingbird	0.0	0.0	0.0	0.0	0.0	0.0	0.0	0.0	0.0	0.0	0.0	0.0	0.0	0.0116279	0.0	0.0	0.1203704	0.0639535	0.0080645	0.0102041	0.0	0.0	0.0	0.0	0.0	0.0	0.0	0.0588235	0.0	0.1081081	0.047619	0.25	0.1714286	0.4673913	0.3088235	0.3333333	0.030303	0.0	0.0	0.0	0.0	0.0	0.0	0.0	0.0	0.0	0.0	0.0	
Rufous Hummingbird	0.1230769	0.1785714	0.0192308	0.1	0.05	0.1351351	0.0681818	0.0645161	0.1935484	0.1071429	0.0	0.0	0.0	0.0	0.0	0.0	0.0	0.0	0.0	0.0	0.0	0.0	0.0	0.0	0.0	0.0	0.0	0.0	0.0	0.0	0.0	0.0	0.0	0.0	0.0	0.0	0.0	0.0	0.0	0.0	0.0	0.0128205	0.09375	0.0	0.0	0.0	0.0	0.0	
Rufous/Allen's Hummingbird	0.0	0.0	0.0	0.0	0.0	0.0	0.0	0.0	0.0	0.0	0.0	0.0	0.0	0.0	0.0	0.0	0.0	0.0	0.0	0.0	0.0	0.0	0.0	0.0	0.0	0.0	0.0	0.0	0.0	0.0	0.0	0.0	0.0	0.0	0.0	0.0	0.0	0.0	0.0	0.0	0.0	0.0128205	0.0104167	0.0	0.0	0.0	0.0015	0.0	
hummingbird sp.	0.0	0.0	0.0	0.0	0.0	0.0	0.0	0.0	0.0	0.0	0.0	0.0	0.0	0.0	0.0	0.0	0.0	0.0	0.0	0.0	0.0	0.0	0.0	0.0	0.0	0.0	0.0	0.0	0.0	0.0	0.0	0.0	0.0	0.0	0.0015	0.0	0.0	0.0	0.0	0.0	0.0	0.0	0.0	0.0	0.0	0.0	0.0	0.0	
Sora	0.0	0.0	0.0	0.0	0.0	0.0	0.0	0.0	0.0	0.0	0.0	0.0	0.0	0.0	0.0	0.0	0.0	0.0	0.0	0.0	0.0	0.0	0.0	0.0	0.0	0.0	0.0	0.0	0.0	0.0	0.0	0.0	0.0	0.0	0.0073529	0.0	0.0	0.0	0.0	0.0	0.0	0.0	0.0	0.0	0.0	0.0	0.0	0.0	
American Coot	0.1307692	0.1428571	0.1538462	0.16	0.15	0.1891892	0.25	0.2580645	0.3225806	0.1785714	0.2222222	0.137931	0.1590909	0.0581395	0.0378788	0.0	0.0	0.0	0.0	0.0	0.0	0.0	0.0	0.0	0.0	0.0	0.0	0.0	0.0	0.0	0.0	0.0	0.0	0.0	0.0	0.0	0.0	0.0	0.0	0.0168776	0.0405405	0.0897436	0.1145833	0.12	0.125	0.0588235	0.0864198	0.2125	
rail/crake sp.	0.0	0.0	0.0	0.0	0.0	0.0	0.0	0.0	0.0	0.0	0.0	0.0	0.0	0.0	0.0	0.0	0.0	0.0	0.0	0.0	0.0	0.0	0.0	0.0	0.0	0.0	0.0	0.0	0.0	0.0	0.0	0.0	0.0	0.0108696	0.0	0.0	0.0	0.0	0.0	0.0	0.0	0.0	0.0	0.0	0.0	0.0	0.0	0.0	
American Oystercatcher	0.0	0.0	0.0	0.0	0.0	0.0	0.0	0.0	0.0	0.0	0.0	0.0	0.0	0.0	0.0	0.0	0.0	0.0	0.0	0.0	0.0	0.0	0.0	0.0	0.0	0.0	0.0	0.0	0.0	0.0	0.0	0.0	0.0	0.0	0.0	0.0	0.0	0.0	0.0	0.0084388	0.0	0.0	0.0	0.0	0.0	0.0	0.0	0.0	
Semipalmated Plover	0.0	0.0	0.0	0.0	0.0	0.0	0.0	0.0	0.0	0.0	0.0	0.0	0.0	0.0	0.0	0.0	0.0	0.0	0.0	0.0	0.0	0.0	0.0	0.0	0.0	0.0	0.0	0.0	0.1290323	0.0	0.0238095	0.0	0.0	0.0	0.0	0.0	0.0	0.0	0.0	0.0	0.0	0.0	0.0	0.0	0.0	0.0	0.0	0.0	
Killdeer	0.0307692	0.0535714	0.0	0.0	0.0	0.027027	0.0	0.0	0.0	0.0	0.0	0.0	0.0	0.0	0.0	0.0065789	0.0138889	0.005814	0.0	0.0102041	0.0	0.0	0.0	0.0238095	0.1071429	0.0454545	0.0666667	0.0294118	0.0645161	0.0	0.0238095	0.0	0.0	0.0108696	0.0015	0.0148148	0.0	0.0	0.0135135	0.0	0.0	0.0	0.0	0.0	0.0	0.0	0.0	0.025	
Dunlin	0.0	0.0	0.0	0.0	0.0	0.0	0.0	0.0	0.0	0.0	0.0	0.0	0.0	0.0	0.0	0.0	0.0	0.0	0.0	0.0	0.0	0.0	0.0	0.0	0.0	0.0	0.0	0.0	0.0	0.0	0.0	0.0	0.0	0.0	0.0	0.0	0.0	0.0	0.0	0.021097	0.0	0.0	0.0	0.0	0.0	0.0	0.0	0.0	
Least Sandpiper	0.0	0.0	0.0	0.0	0.0	0.0	0.0	0.0	0.0	0.0	0.0	0.0	0.0	0.0	0.0	0.0	0.0	0.005814	0.0	0.0	0.0	0.0	0.0	0.0	0.0	0.0	0.0666667	0.0	0.1612903	0.0	0.0238095	0.0217391	0.0	0.0	0.0	0.0	0.0	0.0	0.0	0.0	0.0	0.0	0.0	0.0	0.0	0.0	0.0	0.0	
Semipalmated Sandpiper	0.0	0.0	0.0	0.0	0.0	0.0	0.0	0.0	0.0	0.0	0.0	0.0	0.0	0.0	0.0	0.0	0.0	0.0	0.0	0.0	0.0	0.0	0.0	0.0	0.0	0.0	0.0	0.0882353	0.1290323	0.0	0.047619	0.0326087	0.0142857	0.0	0.0073529	0.0	0.0	0.0	0.0	0.0	0.0	0.0	0.0	0.0	0.0	0.0	0.0	0.0	
peep sp.	0.0	0.0	0.0	0.0	0.0	0.0	0.0	0.0	0.0	0.0	0.0	0.0	0.0	0.0	0.0	0.0	0.0	0.0	0.0080645	0.0	0.0	0.0	0.0	0.0	0.0	0.0	0.0	0.0	0.0	0.0	0.0	0.0	0.0	0.0	0.0	0.0	0.0	0.0	0.0	0.0	0.0	0.0	0.0	0.0	0.0	0.0	0.0	0.0	
American Woodcock	0.0076923	0.0	0.0	0.0	0.0	0.0	0.0	0.0	0.0	0.0015	0.0	0.0	0.0	0.0	0.0	0.0	0.0	0.0	0.0	0.0	0.0	0.0	0.0	0.0	0.0	0.0	0.0	0.0	0.0	0.0	0.0	0.0	0.0	0.0	0.0073529	0.0	0.0	0.0	0.0	0.0084388	0.0	0.0	0.0	0.0	0.0	0.0	0.0	0.0125	
Wilson's Snipe	0.0	0.0	0.0	0.0	0.0	0.0	0.0	0.0	0.0	0.0	0.0	0.0229885	0.0	0.0116279	0.0	0.0	0.0	0.0	0.0	0.0	0.0	0.0	0.0	0.0	0.0	0.0	0.0	0.0	0.0	0.0	0.0	0.0	0.0	0.0	0.0	0.0	0.0	0.0	0.0	0.0	0.0	0.0	0.0	0.0	0.0	0.0	0.0	0.0	
Red Phalarope	0.0	0.0	0.0	0.0	0.0	0.0	0.0	0.0	0.0	0.0	0.0	0.0	0.0	0.0	0.0	0.0	0.0	0.0	0.0	0.0	0.0	0.0	0.0	0.0	0.0	0.0	0.0	0.0	0.0	0.0	0.0	0.0	0.0	0.0	0.0	0.0	0.0	0.0	0.0	0.0084388	0.0	0.0	0.0	0.0	0.0	0.0	0.0	0.0	
Spotted Sandpiper	0.0	0.0	0.0	0.0	0.0	0.0	0.0	0.0	0.0	0.0	0.0	0.0	0.0	0.0	0.0075758	0.0394737	0.0416667	0.0348837	0.0887097	0.0	0.0	0.03125	0.0	0.0	0.0357143	0.0	0.0	0.0882353	0.0967742	0.0	0.0238095	0.0108696	0.0142857	0.0326087	0.0073529	0.0	0.0	0.0	0.0	0.0	0.0	0.0	0.0	0.0	0.0	0.0	0.0	0.0	
Solitary Sandpiper	0.0	0.0	0.0	0.0	0.0	0.0	0.0	0.0	0.0	0.0	0.0	0.0	0.0	0.0	0.0075758	0.0657895	0.0231481	0.0	0.0322581	0.0	0.0	0.0	0.0	0.0	0.0	0.0	0.0	0.0294118	0.0322581	0.0	0.0	0.0	0.0	0.0	0.0	0.0	0.0	0.0	0.0	0.0	0.0	0.0	0.0	0.0	0.0	0.0	0.0	0.0	
Greater Yellowlegs	0.0	0.0	0.0	0.0	0.0	0.0	0.0	0.0	0.0	0.0	0.0	0.0	0.0	0.0	0.0	0.0	0.0	0.0	0.0	0.0	0.0	0.0	0.0	0.0	0.0	0.0	0.0	0.0	0.0645161	0.0	0.0	0.0108696	0.0	0.0	0.0	0.0	0.0	0.0	0.0	0.0	0.0	0.0	0.0	0.0	0.0	0.0	0.0	0.0	
shorebird sp.	0.0	0.0	0.0	0.0	0.0	0.0	0.0	0.0	0.0	0.0	0.0	0.0	0.0	0.0	0.0	0.0	0.0	0.0	0.0	0.0	0.0	0.0	0.0	0.0	0.0	0.0	0.0	0.0294118	0.0322581	0.0	0.0	0.0	0.0	0.0	0.0073529	0.0	0.0	0.0	0.0	0.0	0.0	0.0	0.0	0.0	0.0	0.0	0.0	0.0	
Pomarine Jaeger	0.0	0.0	0.0	0.0	0.0	0.0	0.0	0.0	0.0	0.0	0.0	0.0	0.0	0.0	0.0	0.0	0.0	0.0	0.0	0.0	0.0	0.0	0.0	0.0	0.0	0.0	0.0	0.0	0.0	0.0	0.0	0.0	0.0	0.0	0.0	0.0	0.0	0.0	0.0	0.0126582	0.0	0.0	0.0	0.0	0.0	0.0	0.0	0.0	
Pomarine/Parasitic Jaeger	0.0	0.0	0.0	0.0	0.0	0.0	0.0	0.0	0.0	0.0	0.0	0.0	0.0	0.0	0.0	0.0	0.0	0.0	0.0	0.0	0.0	0.0	0.0	0.0	0.0	0.0	0.0	0.0	0.0	0.0	0.0	0.0	0.0	0.0	0.0	0.0	0.0	0.0	0.0	0.0084388	0.0	0.0	0.0	0.0	0.0	0.0	0.0	0.0	
jaeger sp.	0.0	0.0	0.0	0.0	0.0	0.0	0.0	0.0	0.0	0.0	0.0	0.0	0.0	0.0	0.0	0.0	0.0	0.0	0.0	0.0	0.0	0.0	0.0	0.0	0.0	0.0	0.0	0.0	0.0	0.0	0.0	0.0	0.0	0.0	0.0	0.0	0.0	0.0	0.0	0.0084388	0.0	0.0	0.0	0.0	0.0	0.0	0.0	0.0	
Bonaparte's Gull	0.0076923	0.0	0.0	0.0	0.0	0.0	0.0	0.0	0.0	0.0	0.0	0.0	0.0	0.0	0.0015	0.0	0.0	0.005814	0.0	0.0	0.0	0.0	0.0	0.0	0.0	0.0	0.0	0.0	0.0	0.0	0.0	0.0	0.0	0.0	0.0	0.0	0.0	0.009009	0.0	0.0421941	0.0135135	0.0128205	0.0	0.0	0.0	0.0	0.0246914	0.0	
Black-headed Gull	0.0	0.0	0.0	0.0	0.0	0.0	0.0	0.0	0.0	0.0	0.0	0.0	0.0	0.0	0.0	0.0	0.0	0.0	0.0	0.0	0.0	0.0	0.0	0.0	0.0	0.0	0.0	0.0	0.0	0.0	0.0	0.0	0.0	0.0	0.0	0.0	0.0	0.0	0.0	0.0	0.0	0.0	0.0104167	0.0	0.0	0.0	0.0	0.0	
Laughing Gull	0.0	0.0	0.0	0.0	0.0	0.0	0.0	0.0	0.0	0.0	0.0	0.0	0.0	0.0116279	0.0227273	0.0197368	0.0185185	0.005814	0.0	0.0204082	0.025	0.125	0.09375	0.2857143	0.1785714	0.1818182	0.2	0.1470588	0.1935484	0.0540541	0.0714286	0.0217391	0.0	0.0326087	0.0	0.0666667	0.0	0.018018	0.1148649	0.3206751	0.3716216	0.0641026	0.1354167	0.0266667	0.0	0.0	0.0	0.0	
Ring-billed Gull	0.2769231	0.3214286	0.3076923	0.29	0.4666667	0.4864865	0.4318182	0.0967742	0.3870968	0.3035714	0.2407407	0.3448276	0.2386364	0.1976744	0.1893939	0.1184211	0.1342593	0.127907	0.0806452	0.0714286	0.025	0.15625	0.15625	0.2857143	0.3214286	0.3636364	0.3333333	0.3235294	0.2903226	0.2432432	0.1904762	0.0978261	0.0428571	0.076087	0.0661765	0.2666667	0.1010101	0.1441441	0.3040541	0.5738397	0.6283784	0.4487179	0.375	0.4666667	0.525	0.3529412	0.345679	0.5375	
Herring Gull	0.2076923	0.25	0.1923077	0.22	0.3333333	0.3513514	0.3181818	0.0645161	0.1935484	0.125	0.2407407	0.2758621	0.2727273	0.2325581	0.25	0.1776316	0.1574074	0.1511628	0.1129032	0.1020408	0.1	0.1875	0.28125	0.452381	0.3571429	0.4545455	0.2666667	0.2647059	0.2903226	0.1891892	0.1666667	0.1413043	0.1285714	0.2173913	0.1102941	0.3185185	0.1717172	0.2342342	0.3581081	0.5611814	0.6418919	0.3846154	0.3333333	0.3333333	0.375	0.3529412	0.3580247	0.4875	
Iceland Gull	0.0	0.0	0.0	0.0	0.0	0.0	0.0	0.0	0.0	0.0	0.0	0.0	0.0	0.0	0.0	0.0	0.0	0.0	0.0	0.0	0.0	0.0	0.0	0.0	0.0	0.0	0.0	0.0	0.0	0.0	0.0	0.0	0.0	0.0	0.0	0.0	0.0	0.0	0.0	0.0042194	0.0	0.0	0.0	0.0	0.0	0.0	0.037037	0.1	
Lesser Black-backed Gull	0.0	0.0	0.0	0.0	0.0	0.0	0.0	0.0	0.0	0.0	0.0	0.0	0.0	0.0	0.0	0.0	0.0	0.0	0.0	0.0	0.0	0.0	0.0	0.0	0.0	0.0	0.0	0.0	0.0	0.0	0.0	0.0	0.0	0.0	0.0	0.0	0.0	0.0	0.0	0.0	0.0	0.025641	0.0104167	0.0	0.0	0.0	0.0	0.0375	
Great Black-backed Gull	0.1923077	0.1607143	0.1730769	0.13	0.1	0.1621622	0.25	0.0967742	0.1935484	0.2142857	0.2407407	0.1264368	0.2272727	0.0930233	0.1742424	0.0657895	0.0972222	0.0755814	0.0645161	0.0918367	0.075	0.09375	0.1875	0.3809524	0.3571429	0.5	0.2	0.2647059	0.3548387	0.1081081	0.1428571	0.1086957	0.0857143	0.0978261	0.0588235	0.1925926	0.1212121	0.1261261	0.1148649	0.5063291	0.6216216	0.3333333	0.3333333	0.2666667	0.4	0.254902	0.345679	0.4125	
gull sp.	0.0307692	0.0	0.0	0.01	0.0166667	0.0	0.0454545	0.0645161	0.0	0.0357143	0.1296296	0.0229885	0.0681818	0.0	0.0151515	0.0263158	0.0462963	0.0174419	0.016129	0.0	0.0	0.0	0.0	0.0238095	0.0357143	0.0	0.0666667	0.0	0.0	0.0	0.0238095	0.0652174	0.0571429	0.0652174	0.0441176	0.0814815	0.030303	0.036036	0.0405405	0.0379747	0.0540541	0.0384615	0.0729167	0.08	0.05	0.0588235	0.0493827	0.1	
Common Tern	0.0	0.0	0.0	0.0	0.0	0.0	0.0	0.0	0.0	0.0	0.0	0.0	0.0	0.0	0.0	0.0	0.0	0.005814	0.016129	0.0204082	0.05	0.15625	0.09375	0.2857143	0.1428571	0.1818182	0.2	0.0588235	0.0967742	0.0540541	0.047619	0.0	0.0	0.0	0.0	0.0	0.0	0.0	0.0	0.0042194	0.0	0.0	0.0	0.0	0.0	0.0	0.0	0.0	
Common/Arctic Tern	0.0	0.0	0.0	0.0	0.0	0.0	0.0	0.0	0.0	0.0	0.0	0.0	0.0	0.0	0.0	0.0	0.0	0.0	0.0	0.0	0.0	0.0	0.0	0.0	0.0	0.0	0.0	0.0	0.0	0.0	0.0	0.0	0.0	0.0	0.0	0.0	0.0	0.0	0.0	0.0042194	0.0	0.0	0.0	0.0	0.0	0.0	0.0	0.0	
Forster's Tern	0.0	0.0	0.0	0.0	0.0	0.0	0.0	0.0	0.0	0.0	0.0	0.0	0.0	0.0	0.0	0.0	0.0	0.0	0.0	0.0	0.0	0.0	0.03125	0.0238095	0.0357143	0.0	0.0	0.0	0.0	0.0	0.0	0.0	0.0	0.0	0.0	0.0	0.0	0.0	0.0	0.0337553	0.0	0.0	0.0	0.0	0.0	0.0	0.0	0.0	
Sterna sp.	0.0	0.0	0.0	0.0	0.0	0.0	0.0	0.0	0.0	0.0	0.0	0.0	0.0	0.0	0.0	0.0	0.0	0.0	0.0	0.0	0.0	0.0	0.0	0.0	0.0	0.0	0.0	0.0	0.0	0.0	0.0	0.0	0.0	0.0	0.0	0.0	0.0	0.0	0.0	0.0084388	0.0	0.0	0.0	0.0	0.0	0.0	0.0	0.0	
Royal Tern	0.0	0.0	0.0	0.0	0.0	0.0	0.0	0.0	0.0	0.0	0.0	0.0	0.0	0.0	0.0	0.0	0.0	0.0	0.0	0.0	0.0	0.0	0.0	0.0	0.0	0.0	0.0	0.0	0.0	0.0	0.0	0.0	0.0	0.0	0.0	0.0	0.0	0.0	0.0	0.0084388	0.0	0.0	0.0	0.0	0.0	0.0	0.0	0.0	
Black Skimmer	0.0	0.0	0.0	0.0	0.0	0.0	0.0	0.0	0.0	0.0	0.0	0.0	0.0	0.0	0.0	0.0	0.0	0.0	0.0	0.0	0.0	0.0	0.0	0.0238095	0.0	0.0454545	0.0	0.0	0.0	0.0	0.0	0.0	0.0	0.0	0.0	0.0	0.0	0.0	0.0	0.0042194	0.0	0.0	0.0	0.0	0.0	0.0	0.0	0.0	
Red-throated Loon	0.0153846	0.0	0.0192308	0.0	0.0	0.0	0.0	0.0	0.0	0.0	0.0	0.0	0.0	0.0	0.0	0.0	0.0015	0.0	0.0	0.0	0.0	0.0	0.0	0.0	0.0	0.0	0.0	0.0	0.0	0.0	0.0	0.0	0.0	0.0	0.0	0.0	0.0	0.0	0.0	0.0126582	0.0	0.0	0.0104167	0.0	0.025	0.0196078	0.0740741	0.075	
Common Loon	0.0	0.0	0.0	0.0	0.0	0.0	0.0	0.0	0.0	0.0	0.0	0.0114943	0.0681818	0.0116279	0.0227273	0.0	0.0185185	0.0	0.0	0.0	0.0	0.0	0.0	0.0	0.0	0.0	0.0	0.0	0.0	0.0	0.0	0.0	0.0	0.0108696	0.0	0.0074074	0.0	0.009009	0.0472973	0.0801688	0.1554054	0.0128205	0.0	0.0133333	0.0	0.0	0.037037	0.05	
loon sp.	0.0	0.0	0.0	0.0	0.0	0.0	0.0	0.0	0.0	0.0	0.0	0.0	0.0	0.0	0.0	0.0	0.0	0.0	0.0	0.0	0.0	0.0	0.0	0.0	0.0	0.0	0.0	0.0	0.0	0.0	0.0	0.0	0.0	0.0	0.0	0.0	0.0	0.0	0.0	0.0	0.0067568	0.0	0.0015	0.0	0.0	0.0	0.0015	0.0	
Leach's Storm-Petrel	0.0	0.0	0.0	0.0	0.0	0.0	0.0	0.0	0.0	0.0	0.0	0.0	0.0	0.0	0.0	0.0	0.0	0.0	0.0	0.0	0.0	0.0	0.0	0.0	0.0	0.0	0.0	0.0	0.0	0.0	0.0	0.0	0.0	0.0	0.0	0.0	0.0	0.0	0.0	0.0084388	0.0	0.0	0.0	0.0	0.0	0.0	0.0	0.0	
Northern Gannet	0.0	0.0	0.0	0.0	0.0	0.0	0.0	0.0	0.0	0.0	0.0	0.0	0.0	0.0	0.0	0.0	0.0	0.0	0.0	0.0	0.0	0.0	0.0	0.0	0.0	0.0	0.0	0.0	0.0	0.0	0.0	0.0	0.0	0.0	0.0	0.0	0.0	0.0	0.0	0.0084388	0.0675676	0.0	0.0	0.0	0.0	0.0	0.0	0.0	
Great Cormorant	0.0153846	0.0	0.0	0.0	0.0166667	0.0	0.0	0.0	0.0	0.0178571	0.0	0.0	0.0	0.0116279	0.0	0.0	0.0	0.0	0.0	0.0	0.0	0.0	0.0	0.0	0.0	0.0	0.0	0.0	0.0	0.0	0.0	0.0	0.0	0.0	0.0	0.0	0.0	0.0	0.0067568	0.0253165	0.0067568	0.0512821	0.0208333	0.0133333	0.025	0.0	0.037037	0.075	
Double-crested Cormorant	0.0846154	0.0535714	0.0769231	0.01	0.0666667	0.1081081	0.1363636	0.0	0.0	0.0357143	0.0555556	0.2068966	0.4318182	0.372093	0.3939394	0.4276316	0.3796296	0.3895349	0.3225806	0.244898	0.125	0.25	0.4375	0.5	0.3571429	0.5	0.2666667	0.2352941	0.2903226	0.2162162	0.1904762	0.1630435	0.1	0.1630435	0.0588235	0.1481481	0.1414141	0.1171171	0.25	0.535865	0.4256757	0.1923077	0.1979167	0.0666667	0.05	0.0588235	0.1975309	0.175	
cormorant sp.	0.0	0.0	0.0	0.0	0.05	0.0	0.0	0.0	0.0	0.0	0.0185185	0.0	0.0113636	0.0	0.0	0.0065789	0.0	0.0	0.0	0.0	0.0	0.0	0.0	0.0	0.0	0.0	0.0	0.0	0.0	0.0	0.0	0.0	0.0	0.0	0.0	0.0	0.0	0.0	0.0	0.0084388	0.0067568	0.0128205	0.0	0.0	0.0	0.0	0.0246914	0.0125	
American Bittern	0.0	0.0	0.0	0.0	0.0	0.0	0.0	0.0	0.0	0.0	0.0	0.0	0.0	0.0	0.0151515	0.0	0.0	0.0	0.0	0.0	0.0	0.0	0.0	0.0	0.0	0.0	0.0	0.0	0.0	0.0	0.0	0.0	0.0	0.0434783	0.0661765	0.0	0.0	0.0	0.0	0.0	0.0	0.0	0.0	0.0	0.0	0.0	0.0	0.0	
Great Blue Heron	0.0230769	0.0	0.0	0.0	0.0	0.0	0.0	0.0	0.0	0.0	0.0185185	0.0114943	0.0113636	0.0116279	0.0757576	0.0328947	0.037037	0.0290698	0.0403226	0.0306122	0.025	0.0	0.0	0.0238095	0.0357143	0.0454545	0.0	0.0588235	0.0	0.0	0.0238095	0.0217391	0.0142857	0.0543478	0.0441176	0.0296296	0.020202	0.018018	0.0608108	0.0084388	0.0135135	0.0384615	0.0625	0.0133333	0.025	0.0	0.0246914	0.025	
Great Egret	0.0	0.0	0.0	0.0	0.0	0.0	0.0	0.0	0.0015	0.0	0.0925926	0.0804598	0.2045455	0.1860465	0.1666667	0.1973684	0.1944444	0.2151163	0.1693548	0.1326531	0.05	0.125	0.15625	0.1428571	0.2857143	0.1818182	0.0	0.1176471	0.2258065	0.0540541	0.0952381	0.0652174	0.0285714	0.0543478	0.0220588	0.0	0.0	0.0	0.0135135	0.0126582	0.0	0.0	0.0	0.0	0.0	0.0	0.0	0.0	
Snowy Egret	0.0	0.0	0.0	0.0	0.0	0.0	0.0	0.0	0.0	0.0	0.0	0.0	0.0227273	0.0348837	0.0151515	0.0065789	0.0277778	0.0232558	0.0241935	0.0	0.0	0.0625	0.03125	0.0	0.0714286	0.0	0.0	0.0294118	0.0	0.0	0.0	0.0108696	0.0	0.0	0.0073529	0.0	0.0	0.0	0.0	0.0	0.0	0.0	0.0	0.0	0.0	0.0	0.0	0.0	
Green Heron	0.0	0.0	0.0	0.0	0.0	0.0	0.0	0.0	0.0	0.0	0.0	0.0	0.0	0.0	0.0681818	0.0263158	0.1851852	0.0290698	0.0080645	0.0102041	0.0	0.0	0.0	0.0	0.0	0.0	0.0	0.0	0.0	0.0	0.0238095	0.0217391	0.0285714	0.076087	0.0147059	0.0666667	0.0	0.0	0.0	0.0	0.0	0.0	0.0	0.0	0.0	0.0	0.0	0.0	
Black-crowned Night-Heron	0.0230769	0.0	0.0	0.0	0.0	0.0	0.0227273	0.0	0.0322581	0.0	0.0	0.0114943	0.0568182	0.1046512	0.3181818	0.25	0.2777778	0.3139535	0.3467742	0.3877551	0.25	0.1875	0.28125	0.2857143	0.1428571	0.1363636	0.1333333	0.2941176	0.3548387	0.0810811	0.1666667	0.1304348	0.2285714	0.2065217	0.1397059	0.0518519	0.020202	0.009009	0.0202703	0.0042194	0.0067568	0.0	0.0	0.0	0.025	0.0	0.0	0.0	
Yellow-crowned Night-Heron	0.0	0.0	0.0	0.0	0.0	0.0	0.0	0.0	0.0	0.0	0.0	0.0	0.0	0.0	0.0	0.0	0.0	0.0	0.0	0.0	0.0	0.03125	0.03125	0.0	0.0015	0.0454545	0.0	0.0294118	0.0	0.0	0.0	0.0	0.0	0.0	0.0073529	0.0	0.0	0.0	0.0	0.0	0.0	0.0	0.0	0.0	0.0	0.0	0.0	0.0	
Black Vulture	0.0	0.0	0.0	0.0	0.0	0.0	0.0	0.0	0.0	0.0	0.0	0.0114943	0.0	0.0	0.0	0.0065789	0.0	0.005814	0.0	0.0	0.0	0.0	0.0	0.0	0.0	0.0	0.0	0.0	0.0	0.0	0.0	0.0	0.0	0.0	0.0	0.0	0.0	0.0	0.0	0.0	0.0	0.0128205	0.0	0.0	0.0	0.0	0.0	0.0	
Turkey Vulture	0.0	0.0178571	0.0	0.01	0.0015	0.0	0.0227273	0.0322581	0.0	0.0	0.0185185	0.0229885	0.0227273	0.0015	0.0075758	0.0131579	0.0046296	0.0232558	0.0080645	0.0204082	0.0	0.0	0.0	0.0238095	0.0	0.0	0.0	0.0	0.0	0.0	0.0	0.0	0.0	0.0217391	0.0015	0.0	0.0	0.009009	0.0135135	0.0042194	0.1081081	0.0128205	0.0104167	0.0133333	0.0	0.0	0.0	0.0	
Osprey	0.0	0.0	0.0	0.0	0.0	0.0	0.0	0.0	0.0	0.0	0.0	0.0	0.0	0.0116279	0.0227273	0.0	0.0231481	0.0	0.0	0.0	0.0	0.0	0.0	0.0238095	0.0357143	0.0454545	0.0	0.0	0.0322581	0.0	0.0	0.0217391	0.0142857	0.1195652	0.0367647	0.0666667	0.0505051	0.0720721	0.0135135	0.0168776	0.0202703	0.0	0.0	0.0	0.0	0.0	0.0	0.0	
Golden Eagle	0.0	0.0	0.0	0.0	0.0	0.0	0.0	0.0	0.0	0.0	0.0	0.0	0.0	0.0	0.0	0.0	0.0	0.0	0.0	0.0	0.0	0.0	0.0	0.0	0.0	0.0	0.0	0.0	0.0	0.0	0.0	0.0	0.0	0.0	0.0	0.0	0.0	0.0	0.0	0.0	0.0067568	0.0	0.0	0.0	0.0	0.0	0.0	0.0	
Northern Harrier	0.0	0.0	0.0	0.0	0.0	0.0	0.0	0.0	0.0	0.0	0.0	0.0	0.0	0.0232558	0.0075758	0.0	0.0	0.005814	0.0	0.0	0.0	0.0	0.0	0.0	0.0	0.0	0.0	0.0	0.0	0.0	0.0	0.0	0.0	0.0434783	0.0220588	0.037037	0.0	0.027027	0.0067568	0.0337553	0.0810811	0.0	0.0	0.0	0.0	0.0	0.0	0.0	
Sharp-shinned Hawk	0.0153846	0.0178571	0.0	0.0	0.0	0.027027	0.0	0.0	0.0	0.0178571	0.0185185	0.0	0.0227273	0.0116279	0.0075758	0.0065789	0.0	0.0	0.0080645	0.0	0.0	0.0	0.0	0.0	0.0	0.0	0.0	0.0	0.0	0.0	0.0	0.0	0.0	0.0978261	0.0588235	0.0444444	0.0505051	0.0900901	0.1148649	0.0464135	0.0810811	0.025641	0.0208333	0.0666667	0.0	0.0196078	0.0	0.0375	
Cooper's Hawk	0.1076923	0.125	0.0576923	0.06	0.05	0.1081081	0.0909091	0.0645161	0.0322581	0.0714286	0.0740741	0.0689655	0.0113636	0.0232558	0.0075758	0.0131579	0.0	0.005814	0.0	0.0	0.0	0.0	0.0	0.0	0.0	0.0	0.0	0.0	0.0	0.027027	0.0	0.0108696	0.0	0.0543478	0.0661765	0.0962963	0.0909091	0.2072072	0.0810811	0.0675105	0.1148649	0.0769231	0.0625	0.12	0.15	0.2156863	0.1604938	0.05	
Northern Goshawk	0.0	0.0	0.0	0.0	0.0	0.0	0.0	0.0	0.0	0.0	0.0	0.0	0.0	0.0	0.0	0.0	0.0	0.0	0.0	0.0	0.0	0.0	0.0	0.0	0.0	0.0	0.0	0.0	0.0	0.0	0.0	0.0	0.0	0.0	0.0	0.0	0.0	0.0	0.0067568	0.0	0.0	0.0	0.0	0.0	0.0	0.0	0.0	0.0	
Accipiter sp.	0.0	0.0	0.0	0.0	0.0	0.0	0.0	0.0	0.0	0.0	0.0	0.0	0.0	0.0	0.0	0.0	0.0	0.0	0.0	0.0	0.0	0.0	0.0	0.0	0.0	0.0	0.0	0.0	0.0	0.0	0.0	0.0	0.0	0.0	0.0073529	0.0	0.0	0.0	0.0	0.0	0.0202703	0.0	0.0104167	0.0	0.0	0.0	0.0	0.025	
Bald Eagle	0.0	0.0	0.0576923	0.01	0.0	0.0	0.0	0.0	0.0	0.0	0.0	0.0	0.0	0.0	0.0	0.0131579	0.0	0.0	0.0080645	0.0	0.0	0.0	0.0	0.0	0.0	0.0	0.0	0.0	0.0	0.0	0.0	0.0	0.0	0.0217391	0.0073529	0.0074074	0.0	0.009009	0.0135135	0.0042194	0.027027	0.0128205	0.0	0.0	0.0	0.0	0.0	0.0125	
Red-shouldered Hawk	0.0	0.0178571	0.0	0.0	0.0	0.0	0.0	0.0	0.0	0.0	0.0	0.0	0.0	0.0	0.0	0.0	0.0	0.0	0.0	0.0	0.0	0.0	0.0	0.0	0.0	0.0	0.0	0.0	0.0	0.0	0.0	0.0	0.0	0.0	0.0	0.0	0.0	0.0015	0.0405405	0.0	0.1283784	0.0512821	0.0104167	0.0133333	0.0	0.0	0.0	0.0125	
Broad-winged Hawk	0.0	0.0	0.0	0.0	0.0	0.0	0.0	0.0	0.0	0.0	0.0	0.0	0.0	0.0	0.0	0.0	0.0231481	0.0116279	0.0	0.0	0.0	0.0	0.0	0.0	0.0	0.0	0.0	0.0	0.0	0.0	0.0	0.0	0.0	0.1630435	0.0220588	0.0074074	0.0	0.0	0.0067568	0.0	0.0	0.0	0.0	0.0	0.0	0.0	0.0	0.0	
Red-tailed Hawk	0.1846154	0.2857143	0.2884615	0.41	0.45	0.3513514	0.2272727	0.3225806	0.3225806	0.4107143	0.4074074	0.4252874	0.3522727	0.2674419	0.2727273	0.2434211	0.1481481	0.2325581	0.1612903	0.122449	0.175	0.0625	0.25	0.1190476	0.25	0.1363636	0.2	0.0588235	0.0645161	0.1081081	0.2142857	0.1195652	0.1142857	0.2717391	0.2058824	0.3259259	0.1111111	0.2432432	0.277027	0.257384	0.4391892	0.3717949	0.4166667	0.3066667	0.375	0.254902	0.3950617	0.2625	
Buteo sp.	0.0	0.0	0.0	0.0	0.0	0.0	0.0227273	0.0	0.0	0.0	0.0	0.0	0.0	0.0	0.0	0.0	0.0	0.0	0.0	0.0	0.0	0.0	0.0	0.0	0.0	0.0	0.0	0.0	0.0	0.0	0.0	0.0	0.0	0.0	0.0	0.0	0.0	0.0	0.0067568	0.0	0.0337838	0.0	0.0	0.0	0.0	0.0	0.0	0.0	
hawk sp.	0.0	0.0	0.0	0.0	0.0	0.0	0.0	0.0	0.0	0.0	0.0	0.0	0.0	0.0	0.0	0.0	0.0	0.0	0.0	0.0	0.0	0.0	0.0	0.0	0.0	0.0	0.0	0.0	0.0	0.0	0.0	0.0	0.0	0.0	0.0	0.0	0.0	0.0	0.0	0.0	0.0067568	0.0	0.0	0.0	0.0	0.0	0.0	0.0	
Great Horned Owl	0.0	0.0178571	0.0	0.0	0.0015	0.0	0.0	0.0015	0.0	0.0	0.0015	0.0	0.0	0.0116279	0.0909091	0.0	0.0	0.0	0.0	0.0	0.0	0.0	0.0	0.0	0.0	0.0	0.0	0.0	0.0	0.0	0.0	0.0	0.0	0.0	0.0	0.0	0.0	0.0	0.0	0.0	0.0	0.0	0.0	0.12	0.0	0.0	0.0	0.0	
Snowy Owl	0.0	0.0	0.0	0.01	0.0	0.0	0.0	0.0	0.0	0.0	0.0	0.0	0.0	0.0	0.0	0.0	0.0	0.0	0.0	0.0	0.0	0.0	0.0	0.0	0.0	0.0	0.0	0.0	0.0	0.0	0.0	0.0	0.0	0.0	0.0	0.0	0.0	0.0	0.0	0.0	0.0	0.0	0.0	0.0	0.0	0.0	0.0	0.0	
Barred Owl	0.0	0.0	0.0384615	0.0	0.0	0.0	0.0	0.0	0.0	0.0	0.0	0.0	0.0	0.0	0.0	0.0	0.0	0.0	0.0	0.0	0.0	0.0	0.0	0.0	0.0	0.0	0.0	0.0	0.0	0.0	0.0	0.0	0.0	0.0	0.0	0.0	0.0	0.0	0.0	0.0	0.0337838	0.025641	0.2083333	0.2666667	0.375	0.2156863	0.0864198	0.0875	
Long-eared Owl	0.0	0.0	0.0	0.0	0.0	0.0	0.0	0.0	0.0	0.0	0.0	0.0	0.0	0.0	0.0075758	0.0	0.0	0.0	0.0	0.0	0.0	0.0	0.0	0.0	0.0	0.0	0.0	0.0	0.0	0.0	0.0	0.0	0.0	0.0	0.0	0.0	0.0	0.0	0.0202703	0.0	0.0	0.0	0.0	0.0	0.0	0.0	0.0	0.0	
Northern Saw-whet Owl	0.0	0.0	0.0	0.0	0.0	0.0	0.0	0.0	0.0	0.0	0.0	0.0	0.0	0.0	0.0	0.0	0.0	0.0	0.0	0.0	0.0	0.0	0.0	0.0	0.0	0.0	0.0	0.0	0.0	0.0	0.0	0.0	0.0	0.0	0.0	0.0	0.0	0.0	0.0	0.0015	0.0472973	0.0	0.0625	0.0666667	0.0015	0.0588235	0.0	0.0015	
Belted Kingfisher	0.0153846	0.0357143	0.0192308	0.0	0.0	0.0	0.0	0.0	0.0	0.0	0.0	0.0	0.0113636	0.0	0.0	0.0	0.0092593	0.0	0.0	0.0	0.0	0.0	0.0	0.0	0.0	0.0	0.0	0.0	0.1290323	0.0	0.047619	0.0217391	0.0142857	0.0543478	0.0294118	0.1037037	0.020202	0.0630631	0.0810811	0.0337553	0.0067568	0.0512821	0.0416667	0.0266667	0.025	0.0196078	0.037037	0.0875	
Yellow-bellied Sapsucker	0.1615385	0.0357143	0.1153846	0.18	0.05	0.1351351	0.0909091	0.1935484	0.1935484	0.2678571	0.1296296	0.1264368	0.4204545	0.3837209	0.2272727	0.1118421	0.0601852	0.005814	0.0	0.0	0.0	0.0	0.0	0.0	0.0	0.0	0.0	0.0	0.0	0.0	0.0	0.0	0.0	0.0	0.0441176	0.2518519	0.4444444	0.6396396	0.3648649	0.1814346	0.1824324	0.1794872	0.1875	0.1733333	0.1	0.1568627	0.1728395	0.1	
Red-headed Woodpecker	0.0769231	0.0357143	0.0576923	0.02	0.0833333	0.1351351	0.0454545	0.0322581	0.0	0.0	0.0	0.0	0.0	0.0	0.0	0.0	0.0	0.0	0.0	0.0	0.0	0.0	0.0	0.0	0.0	0.0	0.0	0.0	0.0	0.0	0.0	0.0	0.0	0.0	0.0	0.0	0.0	0.0	0.0	0.0	0.0	0.0128205	0.0	0.0	0.0	0.0	0.0	0.0	
Red-bellied Woodpecker	0.2307692	0.3214286	0.2884615	0.22	0.1833333	0.2702703	0.3636364	0.4193548	0.483871	0.4464286	0.462963	0.4367816	0.5113636	0.5465116	0.5909091	0.5526316	0.5462963	0.5697674	0.4758065	0.3673469	0.2	0.21875	0.125	0.0952381	0.0357143	0.1818182	0.0	0.1176471	0.1935484	0.2432432	0.2142857	0.2282609	0.3142857	0.3804348	0.3455882	0.4666667	0.5555556	0.4774775	0.3243243	0.164557	0.3513514	0.4487179	0.5416667	0.3733333	0.45	0.4117647	0.2716049	0.35	
Downy Woodpecker	0.2538462	0.3928571	0.3076923	0.41	0.4333333	0.4054054	0.25	0.3870968	0.3870968	0.4285714	0.4074074	0.5862069	0.5113636	0.5	0.4848485	0.4276316	0.4351852	0.3081395	0.3467742	0.3163265	0.225	0.125	0.15625	0.0714286	0.1428571	0.0454545	0.0	0.0588235	0.1935484	0.3513514	0.3095238	0.25	0.3714286	0.3586957	0.2794118	0.3481481	0.3232323	0.3783784	0.2162162	0.1772152	0.2364865	0.2820513	0.3854167	0.3333333	0.475	0.372549	0.4320988	0.3	
Hairy Woodpecker	0.0230769	0.0357143	0.0192308	0.02	0.0	0.0	0.0	0.0322581	0.0322581	0.0357143	0.0555556	0.0344828	0.1022727	0.0348837	0.0151515	0.0065789	0.0138889	0.0348837	0.0080645	0.0	0.0	0.0	0.0	0.0	0.0	0.0454545	0.0	0.0294118	0.0	0.0540541	0.0238095	0.0326087	0.0428571	0.0869565	0.0147059	0.0962963	0.030303	0.0630631	0.0540541	0.0421941	0.0405405	0.025641	0.0729167	0.08	0.1	0.0588235	0.0740741	0.1	
Northern Flicker	0.0076923	0.0535714	0.0192308	0.03	0.0	0.0	0.0	0.0	0.0322581	0.0892857	0.2592593	0.4712644	0.5113636	0.5232558	0.5151515	0.3618421	0.3425926	0.1976744	0.1612903	0.1428571	0.075	0.09375	0.0	0.0714286	0.0714286	0.0454545	0.1333333	0.0882353	0.1612903	0.4594595	0.4285714	0.4130435	0.5571429	0.6304348	0.5073529	0.6518519	0.5656566	0.5495495	0.222973	0.3375527	0.4391892	0.1794872	0.0416667	0.1333333	0.05	0.0784314	0.0246914	0.05	
woodpecker sp.	0.0	0.0	0.0	0.0	0.0	0.0	0.0	0.0	0.0	0.0	0.0	0.0	0.0	0.0	0.0	0.0	0.0	0.0	0.0	0.0	0.0	0.0	0.0	0.0	0.0	0.0	0.0	0.0	0.0	0.0	0.0	0.0	0.0	0.0	0.0	0.0	0.0	0.0	0.0	0.0042194	0.0	0.0	0.0	0.0	0.0	0.0	0.0	0.0	
American Kestrel	0.0461538	0.0178571	0.0	0.01	0.0166667	0.0	0.0227273	0.0645161	0.0322581	0.0535714	0.0185185	0.0015	0.0340909	0.0581395	0.0909091	0.0263158	0.0324074	0.0174419	0.0322581	0.0102041	0.1	0.0625	0.0625	0.0	0.1071429	0.0454545	0.0666667	0.0294118	0.0645161	0.0	0.047619	0.0652174	0.0428571	0.1195652	0.1029412	0.1037037	0.0505051	0.0540541	0.1486486	0.2405063	0.277027	0.1794872	0.1979167	0.04	0.075	0.0196078	0.0246914	0.025	
Merlin	0.0	0.0178571	0.0	0.01	0.0	0.0	0.0	0.0	0.0	0.0	0.0	0.0	0.0	0.0116279	0.0015	0.0131579	0.0046296	0.0	0.0	0.0	0.0	0.0	0.0	0.0	0.0	0.0	0.0	0.0	0.0	0.0	0.0	0.0	0.0428571	0.0434783	0.0147059	0.0	0.020202	0.027027	0.0067568	0.0015	0.027027	0.0128205	0.0208333	0.0	0.0	0.0	0.0	0.025	
Peregrine Falcon	0.0461538	0.0357143	0.0192308	0.15	0.1	0.1081081	0.0681818	0.0322581	0.0967742	0.0357143	0.0555556	0.1034483	0.1022727	0.0465116	0.0530303	0.0131579	0.0277778	0.0639535	0.0080645	0.0510204	0.05	0.09375	0.03125	0.1190476	0.1785714	0.0909091	0.2	0.0294118	0.0645161	0.027027	0.0	0.0217391	0.0428571	0.0978261	0.0588235	0.0444444	0.0	0.018018	0.1148649	0.1308017	0.1554054	0.1666667	0.0416667	0.04	0.025	0.0392157	0.0493827	0.05	
small falcon sp.	0.0	0.0	0.0	0.0	0.0	0.0	0.0	0.0	0.0	0.0	0.0	0.0	0.0	0.0	0.0	0.0	0.0	0.0	0.0	0.0	0.0	0.0	0.0	0.0	0.0	0.0	0.0	0.0	0.0	0.0	0.0	0.0	0.0	0.0	0.0	0.0	0.0	0.0	0.0067568	0.0	0.0	0.0	0.0	0.0	0.0	0.0	0.0	0.0	
falcon sp.	0.0	0.0	0.0	0.0	0.0	0.0	0.0	0.0	0.0	0.0	0.0	0.0	0.0	0.0	0.0	0.0	0.0	0.0	0.0	0.0	0.0	0.0	0.0	0.0	0.0357143	0.0	0.0	0.0	0.0	0.0	0.0	0.0	0.0	0.0	0.0	0.0	0.0	0.0	0.0	0.0	0.0	0.0	0.0	0.0	0.0	0.0	0.0	0.0	
diurnal raptor sp.	0.0	0.0	0.0	0.0	0.0	0.0	0.0	0.0	0.0	0.0	0.0	0.0	0.0	0.0	0.0	0.0	0.0	0.0	0.0	0.0	0.0	0.0	0.0	0.0	0.0	0.0	0.0	0.0	0.0	0.0	0.0	0.0	0.0	0.0	0.0	0.0	0.0	0.0	0.0	0.0	0.0	0.0	0.0	0.0	0.025	0.0	0.0	0.0	
Monk Parakeet	0.0	0.0	0.0	0.0	0.0	0.0	0.0	0.0	0.0	0.0	0.0	0.0	0.0	0.0	0.0	0.0	0.0	0.0	0.0	0.0	0.0	0.0	0.0	0.0	0.0357143	0.0	0.0	0.0294118	0.0	0.0	0.0	0.0	0.0	0.0	0.0	0.0	0.0015	0.0	0.0	0.0	0.0	0.0	0.0	0.0	0.0	0.0	0.0	0.0015	
Olive-sided Flycatcher	0.0	0.0	0.0	0.0	0.0	0.0	0.0	0.0	0.0	0.0	0.0	0.0	0.0	0.0	0.0	0.0	0.0231481	0.005814	0.0564516	0.0	0.0	0.0	0.0	0.0	0.0	0.0	0.0	0.0	0.0	0.0	0.0	0.0108696	0.0428571	0.0015	0.0147059	0.0074074	0.0	0.0	0.0	0.0	0.0	0.0	0.0	0.0	0.0	0.0	0.0	0.0	
Eastern Wood-Pewee	0.0	0.0	0.0	0.0	0.0	0.0	0.0	0.0	0.0	0.0	0.0	0.0	0.0	0.0	0.0	0.0	0.1018519	0.2267442	0.25	0.3163265	0.075	0.03125	0.0015	0.0	0.0357143	0.0	0.0	0.0	0.0	0.0	0.1904762	0.1630435	0.3142857	0.3043478	0.375	0.3851852	0.1717172	0.0900901	0.0	0.0042194	0.0	0.0	0.0	0.0	0.0	0.0	0.0	0.0	
Yellow-bellied Flycatcher	0.0	0.0	0.0	0.0	0.0	0.0	0.0	0.0	0.0	0.0	0.0	0.0	0.0	0.0	0.0	0.0	0.0	0.0	0.0483871	0.0204082	0.0	0.03125	0.0	0.0	0.0	0.0	0.0	0.0	0.0	0.0	0.0714286	0.0543478	0.0	0.0652174	0.0294118	0.0	0.0	0.009009	0.0	0.0	0.0	0.0	0.0	0.0	0.0	0.0	0.0	0.0	
Acadian Flycatcher	0.0	0.0	0.0	0.0	0.0	0.0	0.0	0.0	0.0	0.0	0.0	0.0	0.0	0.0	0.0	0.0	0.0	0.0116279	0.0015	0.0816327	0.0	0.0	0.0	0.0	0.0	0.0	0.0	0.0	0.0	0.0	0.0	0.0	0.0	0.0	0.0	0.0	0.0	0.0	0.0	0.0	0.0	0.0	0.0	0.0	0.0	0.0	0.0	0.0	
Willow Flycatcher	0.0	0.0	0.0	0.0	0.0	0.0	0.0	0.0	0.0	0.0	0.0	0.0	0.0	0.0	0.0	0.0	0.0	0.0116279	0.0241935	0.0102041	0.0	0.0	0.0	0.0	0.0	0.0	0.0	0.0	0.0	0.0540541	0.0	0.0	0.0	0.0	0.0	0.0	0.0	0.0	0.0	0.0	0.0	0.0	0.0	0.0	0.0	0.0	0.0	0.0	
Alder/Willow Flycatcher (Traill's Flycatcher)	0.0	0.0	0.0	0.0	0.0	0.0	0.0	0.0	0.0	0.0	0.0	0.0	0.0	0.0	0.0	0.0	0.0	0.0	0.0	0.0	0.0	0.0	0.0	0.0	0.0	0.0	0.0	0.0	0.0	0.0	0.0	0.0	0.0	0.0108696	0.0	0.0148148	0.0	0.0	0.0	0.0	0.0	0.0	0.0	0.0	0.0	0.0	0.0	0.0	
Least Flycatcher	0.0	0.0	0.0	0.0	0.0	0.0	0.0	0.0	0.0	0.0	0.0	0.0	0.0	0.0	0.0	0.0	0.1481481	0.0639535	0.016129	0.0612245	0.0	0.0	0.0	0.0	0.0	0.0	0.0	0.0	0.0	0.0	0.0714286	0.0869565	0.0015	0.0108696	0.0441176	0.0962963	0.010101	0.0	0.0	0.0	0.0	0.0	0.0	0.0	0.0	0.0	0.0	0.0	
Empidonax sp.	0.0	0.0	0.0	0.0	0.0	0.0	0.0	0.0	0.0	0.0	0.0	0.0	0.0	0.0	0.0	0.0	0.0555556	0.0523256	0.0322581	0.0510204	0.05	0.0	0.0	0.0	0.0	0.0	0.0	0.0	0.0	0.027027	0.0714286	0.1521739	0.0285714	0.1630435	0.0735294	0.0444444	0.0	0.0	0.0	0.0	0.0	0.0	0.0	0.0	0.0	0.0	0.0	0.0	
Eastern Phoebe	0.0307692	0.0357143	0.0384615	0.04	0.0	0.027027	0.0	0.0015	0.0322581	0.1607143	0.1296296	0.2988506	0.3863636	0.3023256	0.0530303	0.0	0.0138889	0.0116279	0.0	0.0102041	0.0	0.03125	0.0	0.0	0.0	0.0	0.0	0.0	0.0322581	0.027027	0.0238095	0.0	0.0142857	0.0217391	0.2205882	0.3925926	0.4646465	0.5225225	0.3040541	0.1603376	0.1148649	0.0015	0.0	0.0	0.025	0.0	0.0	0.0	
Great Crested Flycatcher	0.0	0.0	0.0	0.0	0.0	0.0	0.0	0.0	0.0	0.0	0.0	0.0	0.0	0.0	0.0075758	0.0526316	0.3935185	0.2383721	0.0080645	0.122449	0.075	0.03125	0.0	0.0238095	0.0	0.0	0.0	0.0	0.0	0.0	0.0238095	0.1304348	0.2	0.1086957	0.0661765	0.0222222	0.030303	0.0	0.0	0.0	0.0	0.0	0.0	0.0	0.0	0.0	0.0	0.0	
Western Kingbird	0.0	0.0	0.0	0.0	0.0	0.0	0.0	0.0	0.0	0.0	0.0	0.0	0.0	0.0	0.0	0.0	0.0	0.0	0.0	0.0	0.0	0.0	0.0	0.0	0.0	0.0	0.0	0.0	0.0	0.0	0.0	0.0	0.0	0.0	0.0	0.0	0.0	0.0	0.0	0.0	0.0067568	0.0	0.0	0.0	0.0	0.0	0.0	0.0	
Eastern Kingbird	0.0	0.0	0.0	0.0	0.0	0.0	0.0	0.0	0.0	0.0	0.0	0.0	0.0	0.0116279	0.0015	0.0	0.1157407	0.2848837	0.266129	0.1938776	0.025	0.0625	0.03125	0.1428571	0.1071429	0.0454545	0.0	0.0588235	0.1612903	0.1351351	0.1190476	0.0869565	0.2	0.0108696	0.0147059	0.0074074	0.0	0.0	0.0	0.0	0.0	0.0	0.0	0.0	0.0	0.0	0.0	0.0	
flycatcher sp. (Tyrannidae sp.)	0.0	0.0	0.0	0.0	0.0	0.0	0.0	0.0	0.0	0.0	0.0	0.0	0.0	0.0	0.0	0.0	0.0	0.0	0.0	0.0	0.0	0.0	0.0	0.0	0.0	0.0	0.0	0.0	0.0	0.0	0.0	0.0108696	0.0	0.0	0.0	0.0	0.0	0.0015	0.0	0.0	0.0	0.0	0.0	0.0	0.0	0.0	0.0	0.0	
White-eyed Vireo	0.0	0.0	0.0	0.0	0.0	0.0	0.0	0.0	0.0	0.0	0.0	0.0	0.0	0.0	0.0075758	0.0657895	0.0555556	0.005814	0.0403226	0.0	0.0	0.0	0.0	0.0	0.0	0.0	0.0	0.0	0.0	0.027027	0.0	0.0108696	0.0142857	0.0217391	0.0	0.0148148	0.040404	0.0	0.0	0.0	0.0	0.0	0.0	0.0	0.0	0.0	0.0	0.0	
Yellow-throated Vireo	0.0	0.0	0.0	0.0	0.0	0.0	0.0	0.0	0.0	0.0	0.0	0.0	0.0	0.0	0.0	0.0	0.2222222	0.0116279	0.0	0.0	0.0	0.0	0.0	0.0	0.0	0.0	0.0	0.0	0.0	0.0	0.0	0.0108696	0.0142857	0.0	0.0	0.0015	0.010101	0.0	0.0	0.0	0.0	0.0	0.0	0.0	0.0	0.0	0.0	0.0	
Blue-headed Vireo	0.0	0.0	0.0	0.0	0.0	0.0	0.0	0.0	0.0	0.0	0.0	0.0	0.0227273	0.1627907	0.219697	0.3947368	0.4953704	0.0755814	0.0322581	0.0204082	0.0	0.0	0.0	0.0	0.0	0.0	0.0	0.0	0.0	0.0	0.0	0.0	0.0	0.0	0.0808824	0.0888889	0.1212121	0.1801802	0.0743243	0.0295359	0.0	0.0	0.0	0.0	0.0	0.0	0.0	0.0	
Philadelphia Vireo	0.0	0.0	0.0	0.0	0.0	0.0	0.0	0.0	0.0	0.0	0.0	0.0	0.0	0.0	0.0	0.0	0.0	0.0	0.0	0.0	0.0	0.0	0.0	0.0	0.0	0.0	0.0	0.0	0.0	0.0	0.0238095	0.0108696	0.0	0.0	0.0	0.0	0.0	0.0	0.0	0.0	0.0	0.0	0.0	0.0	0.0	0.0	0.0	0.0	
Warbling Vireo	0.0	0.0	0.0	0.0	0.0	0.0	0.0	0.0	0.0	0.0	0.0	0.0	0.0	0.0	0.030303	0.0986842	0.375	0.3953488	0.4758065	0.3367347	0.175	0.125	0.03125	0.0238095	0.0357143	0.0909091	0.0666667	0.0294118	0.0322581	0.2432432	0.1666667	0.2173913	0.2714286	0.1630435	0.0441176	0.0074074	0.0	0.0	0.0067568	0.0	0.0	0.0	0.0	0.0	0.0	0.0	0.0	0.0	
Red-eyed Vireo	0.0	0.0	0.0	0.0	0.0	0.0	0.0	0.0	0.0	0.0	0.0	0.0	0.0	0.0	0.0	0.0065789	0.2361111	0.3546512	0.25	0.3265306	0.125	0.0625	0.03125	0.047619	0.0	0.0454545	0.0	0.0	0.0	0.0540541	0.0714286	0.2717391	0.4857143	0.4347826	0.4485294	0.3925926	0.1212121	0.1081081	0.0067568	0.0	0.0	0.0	0.0	0.0	0.0	0.0	0.0	0.0	
vireo sp.	0.0	0.0	0.0	0.0	0.0	0.0	0.0	0.0	0.0	0.0	0.0	0.0	0.0	0.0	0.0	0.0	0.0	0.0	0.0	0.0	0.0	0.0	0.0	0.0	0.0	0.0	0.0	0.0	0.0	0.0	0.0	0.0	0.0	0.0217391	0.0	0.0	0.0	0.0	0.0	0.0	0.0	0.0	0.0	0.0	0.0	0.0	0.0	0.0	
Blue Jay	0.3692308	0.5	0.4038462	0.59	0.5833333	0.5135135	0.5227273	0.4516129	0.5806452	0.6964286	0.7037037	0.8045977	0.7386364	0.744186	0.6590909	0.7105263	0.6527778	0.5930233	0.6209677	0.4897959	0.175	0.375	0.28125	0.1666667	0.25	0.2727273	0.1333333	0.3235294	0.4193548	0.5945946	0.5952381	0.4565217	0.6285714	0.7282609	0.6323529	0.8296296	0.6969697	0.6486486	0.6554054	0.5105485	0.6486486	0.5897436	0.75	0.76	0.825	0.6862745	0.5802469	0.5625	
American Crow	0.1461538	0.2142857	0.0961538	0.24	0.35	0.1621622	0.1136364	0.0967742	0.1612903	0.1428571	0.1851852	0.2873563	0.1931818	0.2325581	0.2272727	0.1842105	0.2824074	0.1918605	0.1129032	0.1020408	0.075	0.15625	0.125	0.1190476	0.1785714	0.1363636	0.2	0.0294118	0.1290323	0.0810811	0.1428571	0.0326087	0.0428571	0.1413043	0.1397059	0.3407407	0.1818182	0.1891892	0.3175676	0.443038	0.3513514	0.2692308	0.1979167	0.32	0.35	0.1960784	0.308642	0.15	
Fish Crow	0.0	0.0	0.0	0.01	0.0	0.0	0.0	0.0	0.0	0.0015	0.0	0.0344828	0.0568182	0.0232558	0.0227273	0.0065789	0.0277778	0.0116279	0.0080645	0.0	0.025	0.03125	0.03125	0.0238095	0.0	0.0454545	0.0666667	0.0294118	0.0	0.0	0.0238095	0.0108696	0.0	0.0	0.0	0.0	0.0	0.0	0.0540541	0.0042194	0.0	0.0128205	0.0	0.0	0.0	0.0	0.1111111	0.025	
crow sp.	0.0076923	0.0	0.0	0.0	0.0	0.0	0.0	0.0	0.0	0.0	0.0	0.0114943	0.0113636	0.0116279	0.0	0.0	0.0	0.0116279	0.0	0.0	0.0	0.0	0.0	0.0	0.0	0.0	0.0	0.0	0.0322581	0.0	0.0238095	0.0	0.0	0.0326087	0.0	0.0	0.010101	0.0	0.0	0.0126582	0.0135135	0.0	0.0104167	0.0	0.0	0.0	0.0123457	0.025	
Common Raven	0.0230769	0.0	0.0192308	0.01	0.0	0.0	0.0	0.0	0.0	0.0	0.0	0.0	0.0	0.0	0.0	0.0	0.0	0.0	0.0	0.0	0.0	0.0	0.0	0.0	0.0	0.0	0.0	0.0	0.0	0.0	0.0	0.0	0.0	0.0	0.0147059	0.0	0.0	0.018018	0.0	0.0	0.0067568	0.0	0.0	0.0	0.0	0.0	0.0	0.0	
Black-capped Chickadee	0.0461538	0.0	0.0384615	0.24	0.2666667	0.1351351	0.0227273	0.0645161	0.0645161	0.0535714	0.0555556	0.1954023	0.0795455	0.0348837	0.0454545	0.0197368	0.0231481	0.0290698	0.0241935	0.0102041	0.0	0.03125	0.0	0.0238095	0.0357143	0.0	0.0	0.0294118	0.0322581	0.0810811	0.0714286	0.0	0.0428571	0.0108696	0.0073529	0.0962963	0.2424242	0.4414414	0.3918919	0.2151899	0.5202703	0.474359	0.6041667	0.5333333	0.625	0.5882353	0.5555556	0.5125	
Tufted Titmouse	0.2461538	0.3035714	0.3269231	0.41	0.4833333	0.4324324	0.3181818	0.3870968	0.4516129	0.5357143	0.5185185	0.5862069	0.5227273	0.4186047	0.4015152	0.3552632	0.3518519	0.2790698	0.2419355	0.244898	0.075	0.0625	0.03125	0.0238095	0.0357143	0.1363636	0.0	0.1470588	0.0967742	0.1891892	0.1428571	0.0434783	0.0142857	0.0652174	0.0147059	0.2592593	0.6464646	0.6216216	0.5202703	0.3670886	0.4324324	0.5769231	0.65625	0.7466667	0.775	0.745098	0.6666667	0.65	
Horned Lark	0.0	0.0	0.0	0.0	0.0	0.0	0.0	0.0	0.0	0.0	0.0	0.0	0.0	0.0	0.0	0.0	0.0	0.0	0.0	0.0	0.0	0.0	0.0	0.0	0.0	0.0	0.0	0.0	0.0	0.0	0.0	0.0	0.0	0.0	0.0	0.0	0.0	0.0	0.0	0.0	0.0067568	0.0	0.0104167	0.0	0.0	0.0	0.0	0.0375	
Northern Rough-winged Swallow	0.0	0.0	0.0	0.0	0.0	0.0	0.0	0.0	0.0	0.0	0.0	0.0	0.0	0.0232558	0.030303	0.125	0.1064815	0.1918605	0.0967742	0.0204082	0.05	0.09375	0.125	0.0714286	0.0714286	0.0454545	0.0666667	0.0	0.0322581	0.0	0.0	0.0	0.0	0.0	0.0	0.0	0.0	0.0	0.0	0.0	0.0	0.0	0.0	0.0	0.0	0.0	0.0	0.0	
Purple Martin	0.0	0.0	0.0	0.0	0.0	0.0	0.0	0.0	0.0	0.0	0.0	0.0	0.0	0.0	0.0	0.0	0.0	0.0	0.0	0.0	0.0	0.0	0.0	0.0	0.0357143	0.0	0.0	0.0	0.0	0.0	0.0	0.0	0.0	0.0	0.0	0.0	0.0	0.0	0.0	0.0	0.0	0.0	0.0	0.0	0.0	0.0	0.0	0.0	
Tree Swallow	0.0	0.0	0.0	0.0	0.0	0.0	0.0	0.0	0.0	0.0	0.0	0.0114943	0.0	0.0232558	0.0075758	0.0460526	0.1805556	0.1976744	0.1612903	0.1326531	0.025	0.0	0.0625	0.0238095	0.0357143	0.0	0.0	0.0	0.0645161	0.0	0.0	0.0108696	0.0	0.0	0.0073529	0.0148148	0.010101	0.009009	0.0	0.0084388	0.0202703	0.0	0.0	0.0	0.0	0.0	0.0	0.0	
Bank Swallow	0.0	0.0	0.0	0.0	0.0	0.0	0.0	0.0	0.0	0.0	0.0	0.0	0.0	0.0	0.0	0.0	0.0092593	0.0116279	0.0	0.0102041	0.0	0.0	0.0	0.0238095	0.0	0.0	0.0	0.0	0.0	0.0	0.0	0.0	0.0	0.0	0.0	0.0	0.0	0.0	0.0	0.0	0.0	0.0	0.0	0.0	0.0	0.0	0.0	0.0	
Barn Swallow	0.0	0.0	0.0	0.0	0.0	0.0	0.0	0.0	0.0	0.0	0.0	0.0	0.0113636	0.0348837	0.0378788	0.3881579	0.2361111	0.2965116	0.1451613	0.1122449	0.125	0.28125	0.21875	0.4047619	0.4285714	0.2272727	0.2666667	0.3529412	0.2903226	0.2702703	0.1428571	0.076087	0.0	0.0326087	0.0073529	0.0148148	0.0	0.0	0.0	0.0	0.0067568	0.0	0.0	0.0	0.0	0.0	0.0	0.0	
Cliff Swallow	0.0	0.0	0.0	0.0	0.0	0.0	0.0	0.0	0.0	0.0	0.0	0.0	0.0	0.0	0.0	0.0	0.0	0.0	0.0	0.0	0.0	0.0	0.03125	0.0	0.0	0.0	0.0	0.0	0.0	0.0	0.0	0.0	0.0	0.0	0.0	0.0	0.0	0.0	0.0	0.0	0.0	0.0	0.0	0.0	0.0	0.0	0.0	0.0	
swallow sp.	0.0	0.0	0.0	0.0	0.0	0.0	0.0	0.0	0.0	0.0	0.0	0.0	0.0	0.0	0.0	0.0	0.0	0.0	0.0	0.0	0.0	0.0	0.0	0.0	0.0	0.0	0.0	0.0	0.0	0.0	0.0	0.0	0.0	0.0	0.0	0.0	0.0	0.0	0.0	0.0	0.0067568	0.0	0.0	0.0	0.0	0.0	0.0	0.0	
Ruby-crowned Kinglet	0.0461538	0.0357143	0.0	0.01	0.0166667	0.0	0.0	0.0	0.0	0.0	0.0	0.2298851	0.4204545	0.5813953	0.4772727	0.3552632	0.2916667	0.0755814	0.016129	0.0	0.0	0.0	0.0	0.0	0.0	0.0	0.0	0.0	0.0	0.0	0.0015	0.0	0.0	0.0108696	0.1102941	0.2	0.3131313	0.6036036	0.4864865	0.464135	0.2972973	0.2179487	0.1354167	0.0133333	0.025	0.0	0.0	0.0	
Golden-crowned Kinglet	0.0	0.0	0.0	0.0	0.0166667	0.0	0.0	0.0	0.0	0.0535714	0.1851852	0.2528736	0.2272727	0.0581395	0.0227273	0.0197368	0.0	0.0	0.0	0.0	0.0	0.0	0.0	0.0	0.0	0.0	0.0	0.0	0.0	0.0	0.0	0.0	0.0	0.0	0.0073529	0.0740741	0.2323232	0.4954955	0.25	0.1518987	0.0945946	0.0769231	0.0208333	0.0266667	0.0	0.0	0.0	0.0	
Red-breasted Nuthatch	0.0	0.0	0.0	0.0	0.0	0.0	0.0	0.0	0.0	0.0	0.0	0.0	0.0	0.0	0.0015	0.0	0.0	0.0	0.0	0.0	0.0	0.0	0.0	0.0	0.0	0.0	0.0	0.0	0.0	0.0	0.047619	0.0869565	0.0857143	0.2391304	0.2205882	0.3407407	0.4343434	0.2522523	0.1689189	0.1350211	0.1621622	0.1025641	0.125	0.04	0.025	0.0392157	0.0	0.0	
White-breasted Nuthatch	0.1692308	0.2142857	0.2307692	0.37	0.3666667	0.2972973	0.1818182	0.3548387	0.3225806	0.2678571	0.2407407	0.2643678	0.25	0.244186	0.1136364	0.0065789	0.037037	0.0116279	0.016129	0.0102041	0.0	0.0	0.0	0.0238095	0.0357143	0.0909091	0.0	0.0294118	0.0	0.0540541	0.0238095	0.0108696	0.0142857	0.0543478	0.1764706	0.5037037	0.5454545	0.5765766	0.3243243	0.1940928	0.2702703	0.3589744	0.53125	0.3866667	0.4	0.3921569	0.308642	0.425	
Brown Creeper	0.0538462	0.0535714	0.0384615	0.03	0.0166667	0.1081081	0.0227273	0.0322581	0.0322581	0.0535714	0.037037	0.1954023	0.375	0.3255814	0.0909091	0.0	0.0	0.0	0.0	0.0	0.0	0.0	0.0	0.0	0.0	0.0	0.0	0.0	0.0	0.0	0.0	0.0	0.0	0.0	0.0220588	0.0740741	0.0909091	0.3423423	0.1554054	0.092827	0.0810811	0.0384615	0.09375	0.0133333	0.075	0.0392157	0.0864198	0.0625	
Blue-gray Gnatcatcher	0.0	0.0	0.0	0.0	0.0	0.0	0.0	0.0	0.0	0.0	0.0	0.0	0.0	0.0581395	0.0909091	0.0723684	0.1296296	0.0290698	0.0	0.0	0.0	0.0	0.0	0.0	0.0	0.0	0.0	0.0294118	0.0	0.1351351	0.047619	0.0543478	0.0714286	0.0652174	0.0367647	0.0	0.0	0.0	0.0	0.0	0.0	0.0	0.0	0.0	0.0	0.0	0.0	0.0	
House Wren	0.0	0.0	0.0	0.0	0.0	0.0	0.0	0.0	0.0	0.0	0.0	0.0	0.0113636	0.0348837	0.1363636	0.3421053	0.412037	0.377907	0.2741935	0.2244898	0.075	0.03125	0.09375	0.0	0.0	0.0454545	0.0	0.0588235	0.0322581	0.0810811	0.0714286	0.1086957	0.2	0.1630435	0.1544118	0.1555556	0.1212121	0.1441441	0.0202703	0.0126582	0.0135135	0.0	0.0104167	0.0	0.0015	0.0	0.0	0.0	
Winter Wren	0.0230769	0.0	0.0192308	0.01	0.0	0.0	0.0	0.0	0.0	0.0178571	0.0015	0.0804598	0.25	0.3139535	0.0909091	0.0131579	0.0046296	0.005814	0.0	0.0	0.0	0.0	0.0	0.0	0.0	0.0	0.0	0.0	0.0	0.0	0.0	0.0108696	0.0285714	0.0108696	0.125	0.0962963	0.1313131	0.3693694	0.1351351	0.0843882	0.1148649	0.0384615	0.0625	0.0133333	0.025	0.0	0.0	0.0125	
Marsh Wren	0.0	0.0	0.0	0.0	0.0	0.0	0.0	0.0	0.0	0.0	0.0	0.0	0.0	0.0	0.0	0.0	0.0	0.0	0.0	0.0	0.0	0.0	0.0	0.0	0.0	0.0	0.0	0.0	0.0	0.0	0.0	0.0	0.0	0.0	0.0	0.037037	0.010101	0.009009	0.0067568	0.0	0.0	0.0	0.0	0.0	0.0	0.0	0.0	0.0	
Carolina Wren	0.0307692	0.0178571	0.0192308	0.03	0.0333333	0.0	0.0681818	0.0322581	0.0967742	0.0535714	0.037037	0.0574713	0.0340909	0.0697674	0.0984848	0.0263158	0.0185185	0.0523256	0.016129	0.0204082	0.1	0.0625	0.03125	0.0	0.1071429	0.0454545	0.0666667	0.0882353	0.0645161	0.2162162	0.1904762	0.0869565	0.2	0.2065217	0.1838235	0.2444444	0.1717172	0.1981982	0.0608108	0.0253165	0.0472973	0.1282051	0.0833333	0.08	0.125	0.0392157	0.0987654	0.05	
wren sp.	0.0	0.0	0.0	0.0	0.0	0.0	0.0	0.0	0.0	0.0	0.0	0.0	0.0	0.0	0.0	0.0	0.0	0.0	0.0	0.0	0.0	0.0	0.0	0.0	0.0	0.0	0.0	0.0	0.0	0.0	0.0	0.0108696	0.0	0.0	0.0	0.0	0.0	0.009009	0.0067568	0.0	0.0	0.0	0.0	0.0	0.0	0.0	0.0	0.0	
European Starling	0.4307692	0.4464286	0.5	0.58	0.6	0.5405405	0.5681818	0.4516129	0.483871	0.5357143	0.6111111	0.7011494	0.75	0.744186	0.7348485	0.7302632	0.7175926	0.7267442	0.7741935	0.6734694	0.525	0.65625	0.75	0.6666667	0.6071429	0.5454545	0.6	0.5	0.5483871	0.7837838	0.6904762	0.4891304	0.6285714	0.7391304	0.5294118	0.7259259	0.5353535	0.5675676	0.6418919	0.5949367	0.6621622	0.5512821	0.4375	0.56	0.575	0.5882353	0.5925926	0.4125	
Gray Catbird	0.1230769	0.125	0.2307692	0.05	0.0015	0.027027	0.0	0.0645161	0.0322581	0.0357143	0.0185185	0.0114943	0.0454545	0.0232558	0.1666667	0.4539474	0.8472222	0.7848837	0.5967742	0.5918367	0.475	0.375	0.4375	0.5	0.3571429	0.2727273	0.0666667	0.5	0.3225806	0.7297297	0.5714286	0.6195652	0.6714286	0.7391304	0.75	0.7259259	0.7171717	0.6576577	0.2635135	0.1223629	0.0472973	0.0641026	0.0833333	0.04	0.1	0.0588235	0.0246914	0.0375	
Brown Thrasher	0.0	0.0178571	0.0769231	0.0	0.0166667	0.0015	0.0	0.0	0.0015	0.0	0.0	0.0114943	0.0015	0.0232558	0.1969697	0.2302632	0.2083333	0.0639535	0.0080645	0.0	0.0	0.0	0.03125	0.0	0.0	0.0	0.0	0.0	0.0	0.0	0.0	0.0326087	0.1571429	0.2934783	0.375	0.4962963	0.4242424	0.2972973	0.0540541	0.0084388	0.0015	0.025641	0.0015	0.0133333	0.025	0.0	0.0123457	0.025	
Northern Mockingbird	0.1615385	0.2321429	0.1153846	0.09	0.0833333	0.0810811	0.1590909	0.0	0.1290323	0.1428571	0.1851852	0.137931	0.1477273	0.1627907	0.1590909	0.0394737	0.0833333	0.0930233	0.0725806	0.0714286	0.1	0.25	0.1875	0.1428571	0.2857143	0.1363636	0.2666667	0.1764706	0.2258065	0.3243243	0.2619048	0.2391304	0.3	0.326087	0.2720588	0.3481481	0.1616162	0.1981982	0.1689189	0.0759494	0.1418919	0.1282051	0.3229167	0.2133333	0.275	0.2352941	0.3333333	0.175	
Eastern Bluebird	0.0	0.0	0.0	0.0	0.0	0.0	0.0	0.0	0.0	0.0	0.0	0.0	0.0	0.0116279	0.0	0.0	0.0	0.0	0.0	0.0	0.0	0.0	0.0	0.0	0.0	0.0	0.0	0.0	0.0	0.0	0.0	0.0	0.0	0.0	0.0	0.0	0.0	0.0	0.0067568	0.0	0.0878378	0.0128205	0.0833333	0.0	0.0	0.0	0.0	0.0	
Veery	0.0	0.0	0.0	0.0	0.0	0.0	0.0	0.0	0.0	0.0	0.0	0.0	0.0	0.0	0.0	0.0131579	0.2037037	0.4302326	0.1209677	0.0714286	0.0	0.0	0.0	0.0	0.0	0.0	0.0	0.0294118	0.0	0.0540541	0.1428571	0.2717391	0.4285714	0.4021739	0.1911765	0.1333333	0.0	0.009009	0.0	0.0	0.0	0.0	0.0	0.0	0.0	0.0	0.0	0.0	
Gray-cheeked Thrush	0.0	0.0	0.0	0.0	0.0	0.0	0.0	0.0	0.0	0.0	0.0	0.0	0.0	0.0	0.0	0.0	0.0046296	0.0697674	0.0322581	0.0102041	0.0	0.0	0.0	0.0	0.0	0.0	0.0	0.0	0.0	0.0	0.0	0.0108696	0.0142857	0.0434783	0.1691176	0.1333333	0.1212121	0.1261261	0.027027	0.0042194	0.0	0.0	0.0	0.0	0.0	0.0	0.0	0.0	
Gray-cheeked/Bicknell's Thrush	0.0	0.0	0.0	0.0	0.0	0.0	0.0	0.0	0.0	0.0	0.0	0.0	0.0	0.0	0.0	0.0	0.0	0.0	0.016129	0.0	0.0	0.0	0.0	0.0	0.0	0.0	0.0	0.0	0.0	0.0	0.0	0.0	0.0	0.0	0.0	0.0	0.0	0.0	0.0	0.0	0.0	0.0	0.0	0.0	0.0	0.0	0.0	0.0	
Swainson's Thrush	0.0	0.0	0.0	0.0	0.0	0.0	0.0	0.0	0.0	0.0	0.0	0.0	0.0	0.0	0.0	0.0	0.1898148	0.505814	0.3709677	0.244898	0.125	0.03125	0.0	0.0	0.0	0.0	0.0	0.0	0.0	0.0	0.0	0.1086957	0.2285714	0.5326087	0.4632353	0.5259259	0.3838384	0.3783784	0.1216216	0.0084388	0.0	0.0	0.0	0.0	0.0	0.0	0.0	0.0	
Hermit Thrush	0.0769231	0.1071429	0.0961538	0.02	0.0166667	0.0810811	0.0909091	0.0	0.0645161	0.0178571	0.0	0.091954	0.5227273	0.7209302	0.6666667	0.6973684	0.4351852	0.1744186	0.0	0.0	0.0	0.0	0.0	0.0	0.0	0.0	0.0	0.0	0.0	0.0	0.0	0.0	0.0	0.0	0.0	0.0148148	0.1414141	0.5045045	0.4189189	0.2531646	0.3040541	0.4230769	0.3541667	0.3066667	0.1	0.254902	0.0864198	0.0625	
Catharus sp.	0.0	0.0	0.0	0.0	0.0	0.0	0.0	0.0	0.0	0.0	0.0	0.0	0.0	0.0	0.0	0.0065789	0.0046296	0.0174419	0.0241935	0.0	0.0	0.0	0.0	0.0	0.0	0.0	0.0	0.0	0.0	0.0540541	0.0	0.0434783	0.0	0.0217391	0.0294118	0.0740741	0.010101	0.009009	0.0067568	0.0042194	0.0067568	0.0	0.0	0.0	0.0	0.0	0.0	0.0	
Wood Thrush	0.0	0.0	0.0	0.0	0.0	0.0	0.0	0.0	0.0	0.0	0.0	0.0	0.0	0.0	0.0	0.0460526	0.5231481	0.5232558	0.4032258	0.1530612	0.0	0.0625	0.03125	0.0238095	0.0357143	0.0	0.0666667	0.0	0.0322581	0.0810811	0.1190476	0.0652174	0.1142857	0.1521739	0.1544118	0.2962963	0.2121212	0.1081081	0.0015	0.0042194	0.0	0.0	0.0	0.0	0.0	0.0	0.0	0.0	
American Robin	0.2692308	0.3928571	0.2692308	0.39	0.3166667	0.3783784	0.3636364	0.3548387	0.4193548	0.6964286	0.8148148	0.862069	0.8181818	0.7906977	0.8106061	0.7763158	0.7453704	0.7325581	0.7580645	0.7653061	0.65	0.5625	0.625	0.547619	0.6428571	0.4545455	0.6	0.5294118	0.7096774	0.8108108	0.6666667	0.6847826	0.7571429	0.8152174	0.7058824	0.7851852	0.6868687	0.6936937	0.7297297	0.6244726	0.75	0.6538462	0.3958333	0.32	0.4	0.3921569	0.5555556	0.475	
thrush sp.	0.0	0.0	0.0	0.0	0.0	0.0	0.0	0.0	0.0	0.0	0.0	0.0	0.0	0.0	0.0	0.0	0.0	0.0	0.0	0.0	0.0	0.0	0.0	0.0	0.0	0.0	0.0	0.0	0.0	0.0	0.0	0.0	0.0	0.0	0.0073529	0.0	0.0	0.0	0.0	0.0	0.0	0.0	0.0	0.0	0.0	0.0	0.0	0.0	
Cedar Waxwing	0.0230769	0.0	0.0	0.0015	0.0833333	0.0	0.0	0.0	0.0	0.0	0.0	0.0	0.0	0.0	0.0015	0.0	0.0138889	0.2848837	0.4677419	0.5306122	0.425	0.09375	0.0625	0.0714286	0.0357143	0.0	0.0666667	0.0882353	0.0967742	0.0540541	0.1190476	0.1847826	0.2571429	0.3152174	0.2205882	0.2592593	0.4040404	0.3603604	0.2364865	0.1308017	0.1621622	0.1282051	0.03125	0.0933333	0.075	0.0588235	0.0246914	0.0125	
House Sparrow	0.7307692	0.8571429	0.8846154	0.77	0.7	0.7837838	0.8181818	0.7741935	0.6774194	0.7321429	0.7592593	0.7816092	0.8068182	0.8139535	0.7575758	0.8223684	0.7638889	0.8313953	0.7822581	0.8163265	0.8	0.8125	0.8125	0.7619048	0.8571429	0.5454545	0.8666667	0.8235294	0.8064516	0.7837838	0.8333333	0.7608696	0.7571429	0.826087	0.7647059	0.8074074	0.7272727	0.7657658	0.8243243	0.6708861	0.7702703	0.8461538	0.7708333	0.6933333	0.825	0.7647059	0.7407407	0.6375	
American Pipit	0.0	0.0	0.0	0.0	0.0	0.0	0.0	0.0	0.0	0.0	0.0	0.0	0.0	0.0	0.0	0.0	0.0	0.0	0.0	0.0	0.0	0.0	0.0	0.0	0.0	0.0	0.0	0.0	0.0	0.0	0.0	0.0	0.0	0.0	0.0	0.0	0.0	0.0	0.0	0.0	0.0810811	0.025641	0.0	0.0	0.0	0.0	0.0	0.075	
Evening Grosbeak	0.0	0.0	0.0	0.0	0.0	0.0	0.0	0.0	0.0	0.0	0.0	0.0	0.0	0.0	0.0	0.0	0.0	0.0	0.0	0.0	0.0	0.0	0.0	0.0	0.0	0.0	0.0	0.0	0.0	0.0	0.0	0.0	0.0	0.0	0.0	0.0	0.0	0.0	0.0	0.0	0.0472973	0.0015	0.0	0.0	0.0	0.0	0.0123457	0.0	
House Finch	0.1846154	0.1607143	0.2307692	0.37	0.3833333	0.3243243	0.25	0.3225806	0.3870968	0.3214286	0.3333333	0.4022989	0.3522727	0.3255814	0.280303	0.2697368	0.2453704	0.3313953	0.1774194	0.2244898	0.25	0.25	0.1875	0.1904762	0.25	0.1818182	0.0666667	0.2058824	0.2903226	0.3783784	0.2380952	0.2173913	0.1714286	0.3043478	0.1617647	0.2740741	0.1515152	0.1711712	0.2027027	0.3375527	0.2905405	0.2820513	0.28125	0.3066667	0.375	0.4901961	0.5308642	0.35	
Purple Finch	0.0076923	0.0	0.0	0.16	0.2666667	0.1081081	0.0	0.0	0.0	0.0	0.0185185	0.0	0.0113636	0.0	0.0	0.0065789	0.0	0.0	0.0	0.0102041	0.0	0.0	0.0	0.0	0.0	0.0	0.0	0.0	0.0	0.0	0.0	0.0	0.0428571	0.0543478	0.0514706	0.1111111	0.020202	0.0990991	0.1418919	0.2067511	0.1621622	0.1282051	0.0833333	0.0933333	0.05	0.0784314	0.0	0.0125	
House/Purple Finch	0.0	0.0	0.0	0.0	0.0	0.0	0.0	0.0	0.0	0.0	0.0	0.0	0.0	0.0	0.0	0.0	0.0	0.0	0.0	0.0	0.0	0.0	0.0	0.0	0.0	0.0	0.0	0.0	0.0	0.0	0.0	0.0	0.0	0.0	0.0	0.0	0.0	0.0	0.0	0.0	0.0	0.0128205	0.0	0.0	0.0	0.0	0.0	0.0	
Common Redpoll	0.0	0.0	0.0	0.0	0.0	0.0	0.0	0.0	0.0	0.0	0.0	0.0	0.0	0.0	0.0	0.0	0.0	0.0	0.0	0.0	0.0	0.0	0.0	0.0	0.0	0.0	0.0	0.0	0.0	0.0	0.0	0.0	0.0	0.0	0.0	0.0	0.0	0.0	0.0	0.0	0.0	0.0	0.0104167	0.0133333	0.0	0.1568627	0.0493827	0.0125	
Red Crossbill	0.0	0.0	0.0	0.0	0.0	0.0	0.0	0.0	0.0	0.0	0.0	0.0	0.0	0.0	0.0	0.0	0.0	0.0	0.0	0.0	0.0	0.0	0.0	0.0	0.0	0.0	0.0	0.0	0.0	0.0	0.0	0.0978261	0.1285714	0.0	0.0	0.0	0.010101	0.0	0.0	0.0	0.0	0.0	0.0104167	0.0	0.0	0.0	0.0	0.0	
White-winged Crossbill	0.0	0.0	0.0	0.0	0.0	0.027027	0.0	0.0	0.0	0.0	0.0	0.0	0.0	0.0	0.0	0.0	0.0	0.0	0.0	0.0	0.0	0.0	0.0	0.0	0.0	0.0	0.0	0.0	0.0	0.0	0.0	0.0	0.0	0.0	0.0	0.0	0.0	0.0	0.0	0.0	0.1013514	0.0	0.0	0.0	0.025	0.0392157	0.0864198	0.025	
European Goldfinch	0.0	0.0	0.0	0.0	0.0	0.0	0.0	0.0	0.0	0.0	0.0	0.0	0.0	0.0	0.0075758	0.0263158	0.0	0.005814	0.0	0.0	0.0	0.0	0.0	0.0	0.0	0.0	0.0	0.0	0.0	0.0	0.0	0.0	0.0	0.0	0.0	0.0	0.0	0.0	0.0	0.0	0.0	0.0	0.0	0.0	0.0	0.0	0.0	0.0	
Pine Siskin	0.0	0.0	0.0	0.01	0.0	0.0	0.0	0.0	0.0	0.0	0.0	0.0	0.0	0.0	0.0	0.0	0.0046296	0.0	0.0	0.0	0.0	0.0	0.0	0.0	0.0	0.0	0.0	0.0	0.0	0.0	0.0	0.0	0.0	0.0	0.0	0.0	0.030303	0.0720721	0.1621622	0.1940928	0.2567568	0.1538462	0.21875	0.12	0.325	0.1568627	0.0123457	0.0	
American Goldfinch	0.1538462	0.0892857	0.1346154	0.29	0.3166667	0.2702703	0.1590909	0.2258065	0.1935484	0.2678571	0.2962963	0.4022989	0.3409091	0.5	0.4545455	0.3289474	0.1666667	0.0930233	0.016129	0.0	0.05	0.03125	0.0	0.0238095	0.0714286	0.0	0.0666667	0.0	0.1612903	0.027027	0.1428571	0.2173913	0.2142857	0.3043478	0.2279412	0.3703704	0.2626263	0.3963964	0.3310811	0.4514768	0.4797297	0.3717949	0.375	0.36	0.475	0.5294118	0.4197531	0.3	
finch sp.	0.0	0.0	0.0	0.0	0.0	0.0	0.0	0.0	0.0	0.0	0.0	0.0	0.0	0.0	0.0	0.0	0.0	0.0	0.0	0.0	0.0	0.0	0.0	0.0	0.0	0.0	0.0	0.0	0.0	0.0	0.0	0.0	0.0	0.0	0.0	0.0074074	0.0	0.0	0.0	0.0	0.0	0.0	0.0	0.0133333	0.025	0.0196078	0.0	0.0	
Snow Bunting	0.0	0.0	0.0	0.0	0.0	0.0	0.0	0.0	0.0	0.0	0.0	0.0	0.0	0.0	0.0	0.0	0.0	0.0	0.0	0.0	0.0	0.0	0.0	0.0	0.0	0.0	0.0	0.0	0.0	0.0	0.0	0.0	0.0	0.0	0.0	0.0	0.0	0.0	0.0	0.0	0.0	0.0	0.0	0.0	0.0	0.0	0.0	0.0125	
Grasshopper Sparrow	0.0	0.0	0.0	0.0	0.0	0.0	0.0	0.0	0.0	0.0	0.0	0.0	0.0	0.0	0.0	0.0	0.0925926	0.0	0.0	0.0	0.0	0.0	0.0	0.0	0.0	0.0	0.0	0.0	0.0	0.0	0.0	0.0	0.0	0.0	0.0	0.0518519	0.0	0.0	0.0	0.0	0.0	0.0	0.0	0.0	0.0	0.0	0.0	0.0	
Chipping Sparrow	0.0076923	0.0	0.0	0.0	0.0	0.0	0.0	0.0	0.0	0.0	0.0185185	0.0689655	0.2613636	0.3372093	0.5378788	0.2302632	0.3657407	0.0988372	0.0080645	0.0204082	0.025	0.03125	0.09375	0.0714286	0.0357143	0.0909091	0.0666667	0.0294118	0.0322581	0.0	0.0238095	0.0108696	0.0285714	0.0326087	0.0367647	0.1481481	0.0909091	0.1711712	0.1891892	0.1139241	0.0743243	0.0384615	0.0104167	0.0	0.0	0.0	0.0	0.0	
Clay-colored Sparrow	0.0	0.0	0.0	0.0	0.0	0.0	0.0	0.0	0.0	0.0	0.0	0.0	0.0	0.0	0.0	0.0	0.0	0.0	0.0	0.0	0.0	0.0	0.0	0.0	0.0	0.0	0.0	0.0	0.0	0.0	0.0	0.0	0.0	0.0	0.0441176	0.0	0.0	0.0	0.0	0.0	0.0067568	0.0	0.0	0.0	0.0	0.0	0.0	0.0	
Field Sparrow	0.0	0.0	0.0	0.0	0.0	0.0	0.0	0.0	0.0	0.0	0.0	0.0114943	0.0681818	0.2325581	0.2121212	0.1118421	0.0277778	0.0	0.0	0.0	0.0	0.0	0.0	0.0	0.0	0.0	0.0	0.0	0.0	0.0	0.0	0.0	0.0	0.0	0.0073529	0.0296296	0.0707071	0.0810811	0.0743243	0.0464135	0.027027	0.0128205	0.0208333	0.0	0.0	0.0	0.0123457	0.0	
American Tree Sparrow	0.0153846	0.0	0.0192308	0.16	0.2	0.1081081	0.0	0.0	0.0	0.0	0.0	0.0	0.0113636	0.0	0.0	0.0	0.0	0.0	0.0	0.0	0.0	0.0	0.0	0.0	0.0	0.0	0.0	0.0	0.0	0.0	0.0	0.0	0.0	0.0	0.0	0.0	0.0	0.0	0.0	0.0015	0.1148649	0.025641	0.0	0.0133333	0.025	0.0196078	0.0493827	0.0625	
Fox Sparrow	0.0615385	0.0535714	0.1153846	0.03	0.0	0.0	0.0454545	0.0	0.2580645	0.2321429	0.0925926	0.0229885	0.0681818	0.1395349	0.0	0.0	0.0	0.0	0.0	0.0	0.0	0.0	0.0	0.0	0.0	0.0	0.0	0.0	0.0	0.0	0.0	0.0	0.0	0.0	0.0	0.0	0.0	0.018018	0.0	0.0253165	0.0945946	0.1794872	0.1666667	0.1066667	0.1	0.0784314	0.0246914	0.05	
Dark-eyed Junco	0.0846154	0.0714286	0.1153846	0.3	0.35	0.1891892	0.0454545	0.0645161	0.1935484	0.4642857	0.3148148	0.5057471	0.5568182	0.7209302	0.4015152	0.0328947	0.0740741	0.0232558	0.0080645	0.0	0.0	0.0	0.0	0.0	0.0	0.0	0.0	0.0	0.0	0.0	0.0	0.0	0.0	0.0217391	0.0073529	0.0444444	0.2424242	0.3513514	0.3445946	0.2700422	0.5337838	0.525641	0.34375	0.3066667	0.2	0.1960784	0.4074074	0.225	
White-crowned Sparrow	0.0015	0.0	0.0015	0.02	0.0666667	0.0015	0.0	0.0645161	0.0	0.0015	0.0	0.0	0.0113636	0.0116279	0.0227273	0.0065789	0.1203704	0.0232558	0.0080645	0.0	0.0	0.0	0.0	0.0	0.0	0.0	0.0	0.0	0.0	0.0	0.0	0.0	0.0	0.0	0.0	0.0518519	0.0015	0.1351351	0.1486486	0.07173	0.0067568	0.025641	0.0208333	0.0	0.0	0.0	0.037037	0.0	
White-throated Sparrow	0.6230769	0.6428571	0.75	0.69	0.6833333	0.6756757	0.6590909	0.7741935	0.6451613	0.6964286	0.6851852	0.8045977	0.7045455	0.7674419	0.8106061	0.875	0.7592593	0.5581395	0.1774194	0.1428571	0.175	0.125	0.1875	0.1666667	0.1071429	0.0454545	0.0666667	0.1470588	0.0322581	0.0540541	0.1666667	0.0434783	0.0428571	0.0326087	0.3014706	0.562963	0.7373737	0.7747748	0.5743243	0.3333333	0.472973	0.6666667	0.7291667	0.6933333	0.65	0.7254902	0.6790123	0.625	
Vesper Sparrow	0.0	0.0	0.0	0.0	0.0	0.0	0.0	0.0	0.0	0.0	0.0	0.0	0.0	0.0	0.0075758	0.0	0.0	0.0	0.0	0.0	0.0	0.0	0.0	0.0	0.0	0.0	0.0	0.0	0.0	0.0	0.0	0.0	0.0	0.0	0.0	0.0	0.0	0.0	0.0067568	0.0042194	0.0	0.0	0.0	0.0	0.0	0.0	0.0	0.0	
Nelson's Sparrow	0.0	0.0	0.0	0.0	0.0	0.0	0.0	0.0	0.0	0.0	0.0	0.0	0.0	0.0	0.0	0.0	0.0	0.0	0.0	0.0	0.0	0.0	0.0	0.0	0.0	0.0	0.0	0.0	0.0	0.0	0.0	0.0	0.0	0.0	0.0	0.0	0.0	0.009009	0.0675676	0.0295359	0.0	0.0	0.0	0.0	0.0	0.0	0.0	0.0	
Saltmarsh Sparrow	0.0	0.0	0.0	0.0	0.0	0.0	0.0	0.0	0.0	0.0	0.0	0.0	0.0	0.0	0.0	0.0	0.0	0.0	0.0	0.0	0.0	0.0	0.0	0.0	0.0	0.0	0.0	0.0	0.0	0.0	0.0	0.0	0.0	0.0	0.0	0.0	0.0	0.0	0.0	0.0168776	0.0	0.0	0.0	0.0	0.0	0.0	0.0	0.0	
Nelson's/Saltmarsh Sparrow (Sharp-tailed Sparrow)	0.0	0.0	0.0	0.0	0.0	0.0	0.0	0.0	0.0	0.0	0.0	0.0	0.0	0.0	0.0	0.0	0.0	0.0	0.0	0.0	0.0	0.0	0.0	0.0	0.0	0.0	0.0	0.0	0.0	0.0	0.0	0.0	0.0	0.0	0.0	0.0	0.0	0.0	0.027027	0.0084388	0.0	0.0	0.0	0.0	0.0	0.0	0.0	0.0	
Savannah Sparrow	0.0	0.0	0.0	0.0	0.0	0.0	0.0	0.0	0.0	0.0	0.0	0.0	0.0227273	0.0116279	0.0984848	0.0328947	0.0092593	0.0	0.0	0.0	0.0	0.0	0.0	0.0	0.0	0.0	0.0	0.0	0.0	0.0	0.0	0.0	0.0	0.0108696	0.0147059	0.0518519	0.030303	0.018018	0.0810811	0.0253165	0.1081081	0.025641	0.0	0.0	0.0	0.0	0.0	0.0	
Song Sparrow	0.2076923	0.2142857	0.1538462	0.25	0.3666667	0.1891892	0.1136364	0.0645161	0.1935484	0.3928571	0.3703704	0.5862069	0.5340909	0.5348837	0.5	0.3618421	0.2222222	0.1453488	0.1290323	0.1122449	0.075	0.125	0.1875	0.1428571	0.1071429	0.0909091	0.1333333	0.0882353	0.1290323	0.1081081	0.1666667	0.1304348	0.0714286	0.076087	0.1323529	0.2148148	0.4040404	0.6306306	0.4594595	0.2616034	0.3108108	0.474359	0.3125	0.16	0.325	0.1568627	0.2469136	0.1875	
Lincoln's Sparrow	0.0230769	0.0178571	0.0	0.0	0.0	0.0	0.0	0.0	0.0	0.0	0.0	0.0	0.0	0.0	0.0075758	0.0	0.0138889	0.0290698	0.0080645	0.0204082	0.0	0.0	0.0	0.0	0.0	0.0	0.0	0.0	0.0	0.0	0.0	0.0	0.0	0.0	0.1102941	0.0814815	0.0808081	0.1621622	0.0202703	0.0042194	0.0067568	0.0	0.0	0.0	0.0	0.0	0.0	0.0125	
Swamp Sparrow	0.0307692	0.0	0.0192308	0.02	0.0166667	0.0540541	0.0227273	0.0645161	0.0645161	0.0357143	0.037037	0.183908	0.3636364	0.4418605	0.3863636	0.2171053	0.3009259	0.0988372	0.0	0.0204082	0.025	0.0	0.0	0.0	0.0	0.0	0.0	0.0	0.0	0.0	0.0	0.0	0.0	0.0	0.0073529	0.1037037	0.1010101	0.2252252	0.1756757	0.092827	0.0810811	0.0769231	0.0208333	0.0133333	0.025	0.0392157	0.0617284	0.025	
Eastern Towhee	0.0307692	0.0	0.0769231	0.02	0.0	0.0015	0.0	0.0	0.0322581	0.0	0.0185185	0.0114943	0.0681818	0.1395349	0.4166667	0.5592105	0.4675926	0.1511628	0.0322581	0.0102041	0.0	0.03125	0.03125	0.0238095	0.0357143	0.0	0.0	0.0588235	0.0	0.0	0.0238095	0.0108696	0.0	0.0	0.0147059	0.1925926	0.3434343	0.4504505	0.2635135	0.1054852	0.0743243	0.025641	0.0104167	0.04	0.0015	0.0588235	0.037037	0.05	
sparrow sp.	0.0	0.0	0.0192308	0.0	0.0166667	0.0	0.0	0.0	0.0	0.0	0.0	0.0	0.0	0.0	0.0	0.0	0.0046296	0.0	0.0080645	0.0	0.0	0.0	0.0	0.0	0.0	0.0	0.0	0.0	0.0	0.0	0.0	0.0	0.0	0.0108696	0.0661765	0.0222222	0.010101	0.0	0.0135135	0.0084388	0.0608108	0.0128205	0.0	0.0	0.0	0.0	0.0	0.0125	
Yellow-breasted Chat	0.1615385	0.1071429	0.0576923	0.09	0.0666667	0.0015	0.0227273	0.0967742	0.0967742	0.0015	0.037037	0.0229885	0.0	0.0	0.0	0.0	0.0185185	0.0	0.0	0.0	0.0	0.0	0.0	0.0	0.0	0.0	0.0	0.0	0.0	0.0	0.0238095	0.0217391	0.1	0.0	0.0073529	0.0	0.0	0.0	0.0	0.0015	0.0	0.0	0.0	0.0	0.0	0.0	0.0	0.0	
Bobolink	0.0	0.0	0.0	0.0	0.0	0.0	0.0	0.0	0.0	0.0	0.0	0.0	0.0	0.0	0.0	0.0	0.0	0.0	0.0	0.0	0.0	0.0	0.0	0.0	0.0	0.0	0.0	0.0	0.0	0.0	0.0	0.0108696	0.0	0.0543478	0.0	0.0	0.0	0.0	0.0	0.0	0.0	0.0	0.0	0.0	0.0	0.0	0.0	0.0	
Eastern Meadowlark	0.0	0.0	0.0	0.0	0.0	0.0	0.0	0.0	0.0	0.0	0.0	0.0	0.0	0.0	0.0	0.0	0.0	0.0	0.0	0.0	0.0	0.0	0.0	0.0	0.0	0.0	0.0	0.0	0.0	0.0	0.0	0.0	0.0	0.0	0.0	0.0	0.0	0.0	0.0	0.0	0.0135135	0.0	0.0	0.0	0.0	0.0	0.0	0.0	
Orchard Oriole	0.0	0.0	0.0	0.0	0.0	0.0	0.0	0.0	0.0	0.0	0.0	0.0	0.0	0.0	0.0	0.0065789	0.1898148	0.0872093	0.0241935	0.0408163	0.0	0.0	0.0	0.047619	0.0357143	0.0	0.0	0.0294118	0.0	0.0810811	0.047619	0.0108696	0.0	0.0	0.0	0.0	0.0	0.0	0.0	0.0	0.0	0.0	0.0	0.0	0.0	0.0	0.0	0.0	
Baltimore Oriole	0.0	0.0	0.0	0.0	0.0	0.0	0.0	0.0	0.0	0.0	0.0	0.0	0.0	0.0116279	0.0075758	0.0592105	0.6203704	0.6104651	0.5	0.4795918	0.35	0.28125	0.1875	0.0952381	0.1071429	0.0	0.0	0.0294118	0.1935484	0.2702703	0.1428571	0.3043478	0.3571429	0.1195652	0.1176471	0.0444444	0.010101	0.018018	0.0	0.0	0.0	0.0	0.0	0.0133333	0.0	0.0588235	0.0246914	0.025	
Red-winged Blackbird	0.0230769	0.0	0.0576923	0.02	0.05	0.027027	0.0454545	0.0322581	0.3225806	0.2321429	0.3333333	0.2758621	0.2727273	0.3372093	0.3409091	0.2763158	0.3981481	0.3837209	0.3629032	0.255102	0.125	0.125	0.3125	0.0952381	0.1071429	0.0909091	0.0	0.0	0.0967742	0.0810811	0.0952381	0.076087	0.0142857	0.0434783	0.0220588	0.0592593	0.020202	0.027027	0.0945946	0.0632911	0.2027027	0.1538462	0.0416667	0.0	0.025	0.0392157	0.0	0.0125	
Brown-headed Cowbird	0.0	0.0178571	0.0384615	0.03	0.0333333	0.0015	0.0227273	0.0	0.0967742	0.0	0.0185185	0.0114943	0.0568182	0.1511628	0.2045455	0.3355263	0.2731481	0.2325581	0.1209677	0.0510204	0.0	0.03125	0.03125	0.0238095	0.0714286	0.0	0.0	0.0	0.0322581	0.0	0.047619	0.0	0.0142857	0.0217391	0.0	0.0296296	0.020202	0.0	0.0472973	0.0337553	0.1148649	0.0641026	0.0	0.0	0.0	0.0	0.0	0.025	
Rusty Blackbird	0.0	0.0	0.0	0.03	0.0	0.0	0.0454545	0.0	0.0	0.0015	0.0	0.0344828	0.0454545	0.1627907	0.1363636	0.0197368	0.0046296	0.0	0.0080645	0.0	0.0	0.0	0.0	0.0	0.0	0.0	0.0	0.0	0.0	0.0	0.0	0.0	0.0	0.0	0.0	0.0074074	0.0	0.0	0.0	0.0	0.1013514	0.0	0.0	0.0133333	0.0	0.0	0.0	0.0	
Common Grackle	0.1153846	0.0892857	0.1923077	0.15	0.1833333	0.2972973	0.2727273	0.3225806	0.483871	0.5357143	0.6851852	0.4712644	0.5795455	0.6162791	0.5833333	0.6578947	0.5833333	0.6104651	0.6370968	0.5408163	0.425	0.40625	0.4375	0.4285714	0.3928571	0.4090909	0.3333333	0.2058824	0.4516129	0.5675676	0.4761905	0.576087	0.4714286	0.6630435	0.4779412	0.5111111	0.4141414	0.4234234	0.277027	0.2067511	0.2905405	0.2564103	0.0416667	0.1466667	0.1	0.0588235	0.0740741	0.075	
blackbird sp.	0.0	0.0	0.0	0.0	0.0	0.0	0.0	0.0	0.0	0.0	0.0	0.0	0.0	0.0	0.0	0.0	0.0	0.0	0.0	0.0	0.0	0.0	0.0	0.0	0.0	0.0	0.0	0.0	0.0	0.0	0.0	0.0	0.0142857	0.0	0.0	0.0	0.0	0.0	0.0067568	0.0	0.0	0.0	0.0	0.0	0.0	0.0	0.0	0.0	
Ovenbird	0.1	0.0892857	0.0384615	0.0	0.0	0.0	0.0	0.0	0.0	0.0	0.0	0.0	0.0	0.0	0.0075758	0.2763158	0.6064815	0.6860465	0.3709677	0.2755102	0.125	0.15625	0.0	0.0	0.0	0.0	0.0	0.0	0.0322581	0.027027	0.047619	0.173913	0.1857143	0.2282609	0.3823529	0.2296296	0.2424242	0.1081081	0.0472973	0.021097	0.0202703	0.0384615	0.0208333	0.0	0.0	0.0	0.0015	0.0	
Worm-eating Warbler	0.0	0.0	0.0	0.0	0.0	0.0	0.0	0.0	0.0	0.0	0.0	0.0	0.0	0.0	0.0681818	0.0065789	0.0648148	0.005814	0.016129	0.0102041	0.0	0.0	0.0	0.0	0.0	0.0015	0.0	0.0	0.0015	0.0	0.047619	0.0869565	0.1285714	0.0108696	0.0	0.0	0.0	0.0	0.0	0.0	0.0	0.0	0.0	0.0	0.0	0.0	0.0	0.0	
Louisiana Waterthrush	0.0	0.0	0.0	0.0	0.0	0.0	0.0	0.0	0.0	0.0	0.0	0.0	0.2954545	0.255814	0.1742424	0.1184211	0.0231481	0.005814	0.0080645	0.0	0.0	0.0	0.0	0.0	0.0	0.0	0.0015	0.0588235	0.1612903	0.1351351	0.0714286	0.0108696	0.0	0.0	0.0073529	0.0	0.0	0.0	0.0	0.0	0.0	0.0	0.0	0.0	0.0	0.0	0.0	0.0	
Northern Waterthrush	0.0	0.0	0.0	0.0	0.0	0.0	0.0	0.0	0.0	0.0	0.0	0.0	0.0	0.0015	0.1363636	0.3486842	0.3611111	0.4011628	0.3387097	0.0510204	0.025	0.0625	0.03125	0.0	0.0	0.0	0.0	0.1470588	0.2903226	0.4594595	0.2857143	0.3586957	0.3714286	0.2826087	0.2132353	0.1333333	0.0505051	0.018018	0.0	0.0	0.0	0.0	0.0	0.0	0.0	0.0	0.0	0.0	
Golden-winged Warbler	0.0	0.0	0.0	0.0	0.0	0.0	0.0	0.0	0.0	0.0	0.0	0.0	0.0	0.0	0.0	0.0	0.0	0.0	0.0	0.0	0.0	0.0	0.0	0.0	0.0	0.0	0.0	0.0	0.0	0.0	0.0	0.0	0.0	0.0	0.0367647	0.0	0.0	0.0	0.0	0.0	0.0	0.0	0.0	0.0	0.0	0.0	0.0	0.0	
Blue-winged Warbler	0.0	0.0	0.0	0.0	0.0	0.0	0.0	0.0	0.0	0.0	0.0	0.0	0.0	0.0	0.0	0.1578947	0.2685185	0.0406977	0.0	0.0	0.0	0.0	0.0	0.0	0.0	0.0	0.0	0.0	0.0645161	0.1621622	0.1190476	0.0978261	0.0571429	0.0652174	0.0	0.0	0.0	0.0	0.0	0.0	0.0	0.0	0.0	0.0	0.0	0.0	0.0	0.0	
Black-and-white Warbler	0.0	0.0	0.0	0.0	0.0	0.0	0.0	0.0	0.0	0.0	0.0	0.0	0.0	0.0116279	0.2272727	0.4671053	0.7407407	0.75	0.3790323	0.122449	0.075	0.03125	0.03125	0.0	0.0	0.0	0.0	0.0	0.0645161	0.2162162	0.3809524	0.4347826	0.3571429	0.5434783	0.4926471	0.4	0.3636364	0.1891892	0.0202703	0.0	0.0067568	0.0	0.0	0.0	0.0	0.0	0.0	0.0	
Prothonotary Warbler	0.0	0.0	0.0	0.0	0.0	0.0	0.0	0.0	0.0	0.0	0.0	0.0	0.0	0.0	0.0530303	0.0921053	0.0462963	0.0930233	0.0	0.0	0.0	0.0	0.0	0.0	0.0	0.0	0.0	0.0	0.0	0.0	0.0	0.0	0.0	0.0	0.0	0.0	0.0	0.0	0.0	0.0	0.0	0.0	0.0	0.0	0.0	0.0	0.0	0.0	
Tennessee Warbler	0.0	0.0	0.0	0.0	0.0	0.0	0.0	0.0	0.0	0.0	0.0	0.0	0.0	0.0	0.0	0.0131579	0.0324074	0.0348837	0.0322581	0.0204082	0.0	0.0	0.0	0.0	0.0	0.0	0.0	0.0	0.0	0.0	0.0	0.0	0.0142857	0.0543478	0.0514706	0.0518519	0.030303	0.045045	0.0067568	0.0	0.0	0.0	0.0	0.0	0.0	0.0	0.0	0.0	
Orange-crowned Warbler	0.0384615	0.0714286	0.0192308	0.0	0.0	0.0	0.0	0.0	0.0	0.0	0.0	0.0	0.0	0.0116279	0.0075758	0.0	0.0	0.0	0.0	0.0	0.0	0.0	0.0	0.0	0.0	0.0	0.0	0.0	0.0	0.0	0.0	0.0	0.0	0.0	0.0073529	0.0296296	0.0	0.0	0.0	0.0	0.0	0.0	0.0	0.0	0.0	0.0	0.0	0.0	
Nashville Warbler	0.0384615	0.0	0.0	0.0	0.0	0.0	0.0	0.0	0.0	0.0	0.0	0.0	0.0	0.0	0.0	0.0394737	0.4351852	0.2906977	0.0564516	0.0102041	0.0	0.0	0.0	0.0	0.0	0.0	0.0	0.0	0.0	0.0	0.0	0.0	0.0	0.0652174	0.0514706	0.0444444	0.0909091	0.036036	0.0135135	0.0042194	0.0	0.0	0.0	0.0	0.0	0.0	0.0	0.0	
Leiothlypis sp.	0.0	0.0	0.0	0.0	0.0	0.0	0.0	0.0	0.0	0.0	0.0	0.0	0.0	0.0	0.0	0.0	0.0	0.0	0.0	0.0	0.0	0.0	0.0	0.0	0.0	0.0	0.0	0.0	0.0	0.0	0.0	0.0	0.0	0.0	0.0073529	0.0	0.0	0.0	0.0	0.0	0.0	0.0	0.0	0.0	0.0	0.0	0.0	0.0	
Connecticut Warbler	0.0	0.0	0.0	0.0	0.0	0.0	0.0	0.0	0.0	0.0	0.0	0.0	0.0	0.0	0.0	0.0	0.0	0.0	0.0	0.0	0.0	0.0	0.0	0.0	0.0	0.0	0.0	0.0	0.0	0.0	0.0	0.0	0.0142857	0.0	0.0588235	0.0518519	0.0	0.0	0.0	0.0	0.0	0.0	0.0	0.0	0.0	0.0	0.0	0.0	
Mourning Warbler	0.0	0.0	0.0	0.0	0.0	0.0	0.0	0.0	0.0	0.0	0.0	0.0	0.0	0.0	0.0	0.0	0.0046296	0.005814	0.0	0.1836735	0.1	0.09375	0.03125	0.0238095	0.0	0.0	0.0	0.0	0.0	0.027027	0.0714286	0.0543478	0.0142857	0.0326087	0.0	0.0	0.0	0.018018	0.0810811	0.0	0.0	0.0	0.0	0.0	0.0	0.0	0.0	0.0	
Kentucky Warbler	0.0	0.0	0.0	0.0	0.0	0.0	0.0	0.0	0.0	0.0	0.0	0.0	0.0	0.0	0.0	0.0855263	0.0509259	0.005814	0.0	0.0	0.0	0.0	0.0	0.0	0.0	0.0	0.0	0.0	0.0	0.0	0.0	0.0869565	0.0	0.0	0.0	0.0	0.0	0.0	0.0	0.0	0.0	0.0	0.0	0.0	0.0	0.0	0.0	0.0	
Common Yellowthroat	0.0153846	0.0	0.0015	0.0	0.0	0.0	0.0	0.0	0.0	0.0	0.0	0.0	0.0	0.0	0.0227273	0.0657895	0.6342593	0.7325581	0.5403226	0.3571429	0.325	0.125	0.0625	0.1666667	0.1071429	0.0	0.0	0.0294118	0.0322581	0.1081081	0.2857143	0.3913043	0.4	0.7173913	0.6029412	0.5111111	0.5454545	0.3783784	0.1148649	0.0464135	0.0135135	0.0128205	0.0	0.0133333	0.0	0.0196078	0.0	0.0015	
Hooded Warbler	0.0	0.0	0.0	0.0	0.0	0.0	0.0	0.0	0.0	0.0	0.0	0.0	0.0	0.0	0.0454545	0.0	0.1018519	0.0465116	0.0	0.0	0.0	0.0	0.0	0.0	0.0	0.0	0.0	0.0	0.0	0.0015	0.0	0.0217391	0.0285714	0.1195652	0.0073529	0.1185185	0.0	0.0	0.0	0.0	0.0	0.0	0.0	0.0	0.0	0.0	0.0	0.0	
American Redstart	0.0	0.0	0.0	0.0	0.0	0.0	0.0	0.0	0.0	0.0	0.0	0.0	0.0	0.0	0.0	0.0197368	0.4305556	0.6976744	0.5564516	0.4387755	0.125	0.0	0.0	0.0	0.0	0.0	0.0	0.1470588	0.1935484	0.4054054	0.4047619	0.673913	0.5571429	0.7282609	0.6544118	0.5407407	0.3434343	0.2072072	0.0067568	0.0	0.0	0.0	0.0	0.0	0.0	0.0	0.0	0.0	
Cape May Warbler	0.0	0.0	0.0	0.0	0.0	0.0	0.0	0.0	0.0	0.0	0.0	0.0	0.0	0.0	0.0681818	0.0	0.0416667	0.1918605	0.0564516	0.0	0.0	0.0	0.0	0.0	0.0	0.0	0.0	0.0	0.0	0.0	0.0	0.0108696	0.0	0.0217391	0.0514706	0.0296296	0.0	0.0	0.0135135	0.0	0.0	0.0	0.0	0.0	0.0	0.0	0.0	0.0	
Cerulean Warbler	0.0	0.0	0.0	0.0	0.0	0.0	0.0	0.0	0.0	0.0	0.0	0.0	0.0	0.0	0.0	0.0	0.0601852	0.005814	0.0	0.0	0.0	0.0	0.0	0.0	0.0	0.0	0.0	0.0	0.0	0.0	0.0	0.0	0.0	0.0	0.0	0.0	0.0	0.0	0.0	0.0	0.0	0.0	0.0	0.0	0.0	0.0	0.0	0.0	
Northern Parula	0.0	0.0	0.0	0.0	0.0	0.0	0.0	0.0	0.0	0.0	0.0	0.0	0.0	0.0	0.0606061	0.2434211	0.5787037	0.6744186	0.3870968	0.2244898	0.025	0.0	0.0	0.0	0.0	0.0	0.0	0.0	0.0645161	0.0540541	0.0	0.1304348	0.1857143	0.4347826	0.3455882	0.3777778	0.4141414	0.2072072	0.0337838	0.0	0.0135135	0.0	0.0	0.0	0.0	0.0	0.0	0.0	
Magnolia Warbler	0.0	0.0	0.0	0.0	0.0	0.0	0.0	0.0	0.0	0.0	0.0	0.0	0.0	0.0	0.0	0.0	0.5694444	0.6802326	0.4758065	0.3061224	0.05	0.0	0.0	0.0	0.0	0.0	0.0	0.0	0.0	0.0	0.0714286	0.173913	0.1714286	0.4347826	0.3970588	0.3851852	0.3636364	0.2522523	0.0202703	0.0	0.0135135	0.0	0.0	0.0	0.0	0.0	0.0	0.0	
Bay-breasted Warbler	0.0	0.0	0.0	0.0	0.0	0.0	0.0	0.0	0.0	0.0	0.0	0.0	0.0	0.0	0.0	0.0	0.0092593	0.2151163	0.016129	0.0	0.0	0.0	0.0	0.0	0.0	0.0	0.0	0.0	0.0	0.0	0.0	0.0	0.0	0.0326087	0.0294118	0.0148148	0.0	0.009009	0.0	0.0	0.0	0.0	0.0	0.0	0.0	0.0	0.0	0.0	
Blackburnian Warbler	0.0	0.0	0.0	0.0	0.0	0.0	0.0	0.0	0.0	0.0	0.0	0.0	0.0	0.0	0.0	0.0328947	0.3148148	0.2848837	0.0806452	0.0306122	0.0	0.0	0.0	0.0	0.0	0.0	0.0	0.0	0.0	0.027027	0.0015	0.0217391	0.0	0.0326087	0.0147059	0.0074074	0.0	0.0015	0.0	0.0	0.0	0.0	0.0	0.0	0.0	0.0	0.0	0.0	
Yellow Warbler	0.0	0.0	0.0	0.0	0.0	0.0	0.0	0.0	0.0	0.0	0.0	0.0	0.0	0.0116279	0.0530303	0.1381579	0.4861111	0.3604651	0.1693548	0.1734694	0.1	0.03125	0.0625	0.0	0.0714286	0.0	0.0	0.0294118	0.0967742	0.1081081	0.0714286	0.0869565	0.1428571	0.076087	0.0441176	0.0148148	0.010101	0.0	0.0	0.0	0.0	0.0	0.0	0.0	0.0	0.0	0.0	0.0	
Chestnut-sided Warbler	0.0	0.0	0.0	0.0	0.0	0.0	0.0	0.0	0.0	0.0	0.0	0.0	0.0	0.0	0.0	0.125	0.3425926	0.4593023	0.1451613	0.2244898	0.0	0.0	0.0	0.0	0.0	0.0	0.0	0.0	0.0	0.027027	0.1666667	0.2065217	0.1	0.1630435	0.1029412	0.037037	0.040404	0.009009	0.0	0.0	0.0	0.0	0.0	0.0	0.0	0.0	0.0	0.0	
Blackpoll Warbler	0.0	0.0	0.0	0.0	0.0	0.0	0.0	0.0	0.0	0.0	0.0	0.0	0.0	0.0	0.0	0.0	0.1388889	0.5290698	0.5564516	0.4285714	0.05	0.0	0.03125	0.0714286	0.0	0.0	0.0	0.0	0.0	0.0	0.0	0.0108696	0.0428571	0.1521739	0.1985294	0.362963	0.3434343	0.2252252	0.0405405	0.0042194	0.0135135	0.0	0.0	0.0	0.0	0.0	0.0	0.0	
Black-throated Blue Warbler	0.0	0.0	0.0	0.0	0.0	0.0	0.0	0.0	0.0	0.0	0.0	0.0	0.0	0.0	0.0	0.0065789	0.4583333	0.6860465	0.3870968	0.1734694	0.0	0.0	0.0	0.0	0.0	0.0	0.0	0.0	0.0	0.0	0.0238095	0.0652174	0.0285714	0.3043478	0.2647059	0.3481481	0.3535354	0.3243243	0.0810811	0.0168776	0.0135135	0.0128205	0.0	0.0	0.0	0.0	0.0	0.0	
Palm Warbler	0.0	0.0	0.0	0.0	0.0	0.0	0.0	0.0	0.0	0.0	0.0	0.091954	0.3068182	0.3604651	0.4469697	0.5592105	0.2824074	0.0232558	0.0	0.0	0.0	0.0	0.0	0.0	0.0	0.0	0.0	0.0	0.0	0.0	0.0	0.0	0.0571429	0.0217391	0.0588235	0.3111111	0.4242424	0.4684685	0.1689189	0.092827	0.1013514	0.025641	0.0	0.04	0.0	0.0	0.0	0.0	
Pine Warbler	0.0	0.0	0.0	0.0	0.0	0.0	0.0	0.0	0.0	0.0714286	0.0185185	0.1034483	0.25	0.3488372	0.0757576	0.0328947	0.0092593	0.005814	0.0	0.0	0.0	0.0	0.0	0.0	0.0	0.0	0.0	0.0	0.0	0.027027	0.0	0.0108696	0.0	0.076087	0.0514706	0.0814815	0.1616162	0.0990991	0.0135135	0.0	0.0	0.0	0.0	0.0	0.0	0.0	0.0	0.0	
Yellow-rumped Warbler	0.0076923	0.0	0.0	0.0	0.0	0.0	0.0	0.0	0.0	0.0	0.0	0.0114943	0.1022727	0.4069767	0.6969697	0.7105263	0.6666667	0.6046512	0.1693548	0.0408163	0.0	0.0	0.0	0.0	0.0	0.0	0.0	0.0	0.0	0.0	0.0	0.0	0.0	0.0	0.0220588	0.0962963	0.2424242	0.6486486	0.6351351	0.5021097	0.277027	0.2051282	0.125	0.0133333	0.0015	0.0	0.0	0.0	
Yellow-throated Warbler	0.0	0.0	0.0	0.0	0.0	0.0	0.0	0.0	0.0	0.0	0.0	0.0	0.0	0.0465116	0.0	0.0131579	0.0092593	0.0	0.0	0.0	0.0	0.0	0.0	0.0	0.0	0.0	0.0	0.0	0.0	0.0	0.0	0.0	0.0	0.0	0.0	0.0	0.0	0.0	0.0	0.0	0.0	0.0	0.0	0.0	0.0	0.0	0.0	0.0	
Prairie Warbler	0.0	0.0	0.0	0.0	0.0	0.0	0.0	0.0	0.0	0.0	0.0	0.0	0.0	0.0	0.0530303	0.0592105	0.1759259	0.0581395	0.0	0.0	0.0	0.0	0.0	0.0	0.0	0.0	0.0	0.0	0.0	0.0	0.0	0.0	0.0	0.0217391	0.0514706	0.0814815	0.0015	0.0	0.0067568	0.0	0.0	0.0	0.0	0.0	0.0	0.0	0.0	0.0	
Black-throated Green Warbler	0.0076923	0.0178571	0.0	0.0	0.0	0.0	0.0	0.0	0.0	0.0	0.0	0.0	0.0	0.0	0.030303	0.1513158	0.5	0.4244186	0.1048387	0.1020408	0.025	0.0	0.0	0.0	0.0	0.0	0.0	0.0	0.0	0.0	0.0	0.0108696	0.0142857	0.1086957	0.1323529	0.1555556	0.1212121	0.0540541	0.0	0.0	0.0	0.0	0.0	0.0	0.0	0.0	0.0	0.0	
Setophaga sp.	0.0	0.0	0.0	0.0	0.0	0.0	0.0	0.0	0.0	0.0	0.0	0.0	0.0	0.0	0.0	0.0	0.0	0.0	0.0	0.0	0.0	0.0	0.0	0.0	0.0	0.0	0.0	0.0	0.0	0.0	0.0	0.0	0.0	0.0108696	0.0073529	0.0	0.0	0.0	0.0	0.0	0.0	0.0	0.0	0.0	0.0	0.0	0.0	0.0	
Canada Warbler	0.0	0.0	0.0	0.0	0.0	0.0	0.0	0.0	0.0	0.0	0.0	0.0	0.0	0.0	0.0	0.0	0.162037	0.4418605	0.233871	0.1734694	0.0	0.0	0.0	0.0	0.0	0.0	0.0	0.0	0.0322581	0.1621622	0.2380952	0.1956522	0.1571429	0.2282609	0.0294118	0.0	0.0	0.0	0.0	0.0	0.0	0.0	0.0	0.0	0.0	0.0	0.0	0.0	
Wilson's Warbler	0.0	0.0	0.0	0.0	0.0	0.0	0.0	0.0	0.0	0.0	0.0	0.0	0.0	0.0	0.0	0.0	0.162037	0.4011628	0.1048387	0.122449	0.1	0.15625	0.03125	0.0	0.0	0.0	0.0	0.0	0.0	0.0	0.0	0.0217391	0.0428571	0.1413043	0.0661765	0.0296296	0.0	0.0	0.0	0.0	0.0	0.0	0.0	0.0	0.0	0.0	0.0	0.0	
warbler sp. (Parulidae sp.)	0.0	0.0	0.0	0.0	0.0	0.0	0.0	0.0	0.0	0.0	0.0	0.0	0.0113636	0.0232558	0.0151515	0.0065789	0.0324074	0.0348837	0.016129	0.0102041	0.0	0.0	0.0625	0.0238095	0.0	0.0	0.0	0.0588235	0.0322581	0.027027	0.0	0.0217391	0.0142857	0.076087	0.0367647	0.1481481	0.0	0.0630631	0.0067568	0.0042194	0.0675676	0.025641	0.0015	0.0133333	0.025	0.0	0.0	0.0	
Summer Tanager	0.0	0.0	0.0	0.0	0.0	0.0	0.0	0.0	0.0	0.0	0.0	0.0	0.0	0.0	0.0	0.0	0.0416667	0.0697674	0.0725806	0.0	0.0	0.0	0.0	0.0	0.0	0.0	0.0	0.0	0.0	0.0	0.0	0.0	0.0	0.0	0.0	0.0	0.0	0.0	0.0	0.0	0.0	0.0	0.0	0.0	0.0	0.0	0.0	0.0	
Scarlet Tanager	0.0	0.0	0.0	0.0	0.0	0.0	0.0	0.0	0.0	0.0	0.0	0.0	0.0	0.0	0.0	0.0197368	0.3240741	0.3662791	0.1209677	0.0510204	0.0	0.0	0.0	0.0	0.0	0.0	0.0	0.0	0.0	0.0	0.0	0.0108696	0.1142857	0.1630435	0.2573529	0.2222222	0.1616162	0.0540541	0.0	0.0	0.0	0.0	0.0	0.0	0.0	0.0	0.0	0.0	
Northern Cardinal	0.3153846	0.3928571	0.3653846	0.5	0.45	0.4864865	0.4318182	0.2580645	0.4516129	0.5892857	0.5925926	0.6896552	0.625	0.6976744	0.6590909	0.6381579	0.6574074	0.6337209	0.5887097	0.622449	0.375	0.375	0.40625	0.2142857	0.3214286	0.3181818	0.3333333	0.3823529	0.5483871	0.7027027	0.5714286	0.6086957	0.6142857	0.6195652	0.6323529	0.7259259	0.5959596	0.5675676	0.5675676	0.5147679	0.4459459	0.5128205	0.5416667	0.5333333	0.725	0.627451	0.5555556	0.5125	
Rose-breasted Grosbeak	0.0	0.0	0.0	0.0	0.0	0.0	0.0	0.0	0.0	0.0	0.0	0.0	0.0	0.0	0.0	0.0921053	0.25	0.2616279	0.0403226	0.0306122	0.0	0.03125	0.0	0.0	0.0	0.0	0.0	0.0	0.0	0.0	0.0	0.076087	0.0142857	0.3043478	0.2941176	0.3555556	0.1818182	0.009009	0.0015	0.0042194	0.0	0.0	0.0	0.0	0.0	0.0	0.0	0.0	
Blue Grosbeak	0.0	0.0	0.0	0.0	0.0	0.0	0.0	0.0	0.0	0.0	0.0	0.0	0.0	0.0	0.0454545	0.0	0.0046296	0.005814	0.0	0.0	0.0	0.0	0.0	0.0	0.0	0.0	0.0	0.0	0.0	0.0	0.0	0.0	0.0	0.0	0.0	0.0074074	0.0	0.0720721	0.0	0.0	0.0	0.0	0.0	0.0	0.0	0.0	0.0	0.0	
Indigo Bunting	0.0	0.0	0.0	0.0	0.0	0.0	0.0	0.0	0.0	0.0	0.0	0.0	0.0	0.0	0.0	0.0065789	0.212963	0.1860465	0.016129	0.0	0.0	0.0	0.0	0.0	0.0	0.0	0.0	0.0294118	0.0	0.0	0.0	0.0015	0.0015	0.0543478	0.0588235	0.1851852	0.0909091	0.0	0.0067568	0.0	0.0135135	0.0	0.0	0.0	0.0	0.0	0.0	0.0	
Dickcissel	0.0769231	0.0535714	0.0769231	0.0	0.0	0.0	0.0	0.0	0.0	0.0	0.0	0.0	0.0	0.0	0.0	0.0	0.0	0.0	0.0	0.0	0.0	0.0	0.0	0.0	0.0	0.0	0.0	0.0	0.0	0.0	0.0	0.0	0.0	0.0	0.0	0.0	0.0	0.0	0.0	0.0	0.0	0.0	0.0	0.0	0.0	0.0	0.0	0.0	
passerine sp.	0.0076923	0.0015	0.0015	0.0	0.0	0.0	0.0	0.0	0.0	0.0	0.0185185	0.0	0.0	0.0116279	0.0075758	0.0	0.0138889	0.0116279	0.0	0.0	0.0	0.03125	0.0	0.0	0.0714286	0.0	0.0	0.0	0.0	0.0	0.0	0.0217391	0.0	0.0978261	0.0514706	0.0962963	0.010101	0.027027	0.0337838	0.3839662	0.3716216	0.025641	0.0104167	0.0666667	0.05	0.0392157	0.0246914	0.0375	

