Sample Size:	209.0	194.0	179.0	238.0	162.0	157.0	249.0	181.0	164.0	191.0	190.0	381.0	347.0	527.0	388.0	691.0	902.0	850.0	679.0	384.0	170.0	146.0	130.0	164.0	99.0	134.0	99.0	160.0	126.0	125.0	140.0	206.0	151.0	244.0	308.0	402.0	347.0	326.0	371.0	496.0	299.0	267.0	275.0	343.0	267.0	284.0	231.0	390.0	
Snow Goose	0.0	0.0	0.0	0.0	0.0	0.0	0.0	0.0	0.0	0.0	0.0	0.0	0.0	0.0018975	0.0	0.0	0.0	0.0	0.0	0.0	0.0	0.0	0.0	0.0	0.0	0.0	0.0	0.0	0.0	0.0	0.0	0.0	0.0066225	0.0	0.0	0.0	0.0	0.0	0.0	0.0020161	0.0	0.0	0.0	0.0058309	0.0	0.0	0.0	0.0	
Brant	0.0813397	0.0927835	0.1396648	0.0546218	0.0617284	0.1273885	0.1124498	0.0939227	0.1219512	0.0837696	0.1	0.0761155	0.0317003	0.028463	0.0154639	0.024602	0.0277162	0.0341176	0.0397644	0.0130208	0.0058824	0.0	0.0	0.0	0.0	0.0	0.0	0.0	0.0	0.0	0.0	0.0	0.0	0.0	0.0	0.0	0.0115274	0.0245399	0.0458221	0.0342742	0.0367893	0.0149813	0.0218182	0.0758017	0.0337079	0.0140845	0.0562771	0.0333333	
Canada Goose	0.4162679	0.3608247	0.4413408	0.3781513	0.462963	0.4076433	0.4698795	0.519337	0.4268293	0.3193717	0.4052632	0.3989501	0.4207493	0.4478178	0.5283505	0.4920405	0.4645233	0.3847059	0.3431517	0.4088542	0.2941176	0.2876712	0.2692308	0.2317073	0.1818182	0.2164179	0.2626263	0.275	0.1904762	0.328	0.1928571	0.1699029	0.218543	0.1270492	0.1753247	0.2661692	0.2132565	0.2638037	0.3342318	0.2399194	0.3143813	0.340824	0.3090909	0.3819242	0.340824	0.3309859	0.2770563	0.3717949	
Cackling/Canada Goose	0.0	0.0	0.0	0.0042017	0.0	0.0	0.0	0.0	0.0	0.0	0.0	0.0	0.0	0.0	0.0	0.0	0.0	0.0	0.0	0.0	0.0	0.0	0.0	0.0	0.0	0.0	0.0	0.0	0.0	0.0	0.0	0.0	0.0	0.0	0.0	0.0	0.0028818	0.0	0.0	0.0	0.0	0.0	0.0	0.0	0.0	0.0	0.0	0.0	
goose sp.	0.0047847	0.0	0.0	0.0	0.0	0.0063694	0.0040161	0.0015	0.0	0.0015	0.0	0.0	0.0	0.0	0.0	0.0	0.0011086	0.0	0.0014728	0.0	0.0	0.0015	0.0	0.0	0.0	0.0	0.0	0.0	0.0	0.0	0.0	0.0	0.0066225	0.0	0.0	0.0	0.0028818	0.0	0.0053908	0.0020161	0.0	0.0	0.0	0.0	0.0	0.0	0.004329	0.0	
Mute Swan	0.0047847	0.0206186	0.0	0.0	0.0	0.0063694	0.0	0.0	0.0	0.0	0.0	0.0	0.0	0.0	0.0	0.0	0.0	0.0	0.0	0.0	0.0	0.0	0.0	0.0015	0.0	0.0	0.0	0.0	0.0	0.0	0.0	0.0	0.0	0.0	0.0	0.0	0.0	0.0	0.0	0.0	0.0	0.0	0.0	0.0	0.0	0.0	0.004329	0.0076923	
swan sp.	0.0	0.0	0.0	0.0	0.0	0.0	0.0	0.0	0.0	0.0	0.0	0.0	0.0	0.0	0.0	0.0	0.0011086	0.0	0.0	0.0	0.0	0.0	0.0	0.0	0.0	0.0	0.0	0.0	0.0	0.0	0.0	0.0	0.0	0.0	0.0	0.0	0.0	0.0	0.0	0.0	0.0	0.0	0.0	0.0	0.0	0.0	0.0	0.0	
Wood Duck	0.2296651	0.1597938	0.1955307	0.1428571	0.1728395	0.1528662	0.064257	0.0662983	0.0487805	0.0314136	0.0315789	0.0419948	0.0778098	0.0246679	0.0025773	0.0217077	0.0266075	0.0235294	0.0397644	0.0546875	0.0470588	0.0205479	0.0153846	0.0365854	0.010101	0.0074627	0.0	0.0125	0.0396825	0.024	0.0357143	0.0097087	0.0066225	0.0163934	0.0162338	0.0149254	0.0172911	0.0460123	0.0431267	0.0887097	0.2006689	0.1722846	0.1418182	0.1282799	0.1348315	0.1866197	0.0995671	0.1307692	
Mandarin Duck	0.0	0.0	0.0	0.0	0.0	0.0	0.0	0.0	0.0	0.0	0.0	0.0	0.0	0.0	0.0	0.0	0.0	0.0	0.0	0.0	0.0	0.0	0.0	0.0	0.0	0.0	0.0	0.0	0.0	0.0	0.0	0.0	0.0	0.0	0.0	0.0	0.0	0.0153374	0.0	0.0262097	0.0802676	0.0561798	0.04	0.0641399	0.0449438	0.0985915	0.0822511	0.0769231	
Northern Shoveler	0.2344498	0.2010309	0.2067039	0.2394958	0.308642	0.2547771	0.2811245	0.2928177	0.2195122	0.1675393	0.2315789	0.1942257	0.2363112	0.1537002	0.1649485	0.0520984	0.0022173	0.0011765	0.0014728	0.0	0.0	0.0	0.0	0.0	0.0	0.0	0.0	0.0	0.0	0.0	0.0	0.0	0.0	0.0	0.0064935	0.0348259	0.0403458	0.101227	0.1401617	0.1229839	0.1471572	0.2022472	0.1854545	0.2011662	0.2022472	0.1584507	0.1731602	0.174359	
Gadwall	0.1100478	0.1546392	0.1396648	0.0420168	0.0679012	0.1273885	0.0963855	0.0718232	0.0609756	0.0628272	0.0947368	0.0367454	0.0086455	0.0113852	0.0206186	0.0318379	0.0365854	0.0458824	0.0603829	0.0833333	0.0411765	0.0547945	0.0384615	0.0670732	0.020202	0.0074627	0.020202	0.00625	0.0079365	0.032	0.0428571	0.038835	0.0331126	0.0163934	0.0162338	0.0373134	0.037464	0.0429448	0.1105121	0.0322581	0.0301003	0.0262172	0.0327273	0.0553936	0.0337079	0.0352113	0.038961	0.0230769	
American Wigeon	0.0	0.0	0.0	0.0	0.0	0.0	0.0	0.0110497	0.0	0.0	0.0	0.0	0.0	0.0	0.0	0.0	0.0	0.0	0.0	0.0	0.0	0.0	0.0	0.0	0.0	0.0	0.0	0.0	0.0	0.0	0.0	0.0	0.0	0.0	0.0	0.0	0.0	0.0	0.0	0.0	0.0	0.0	0.0	0.0	0.0	0.0	0.0	0.0025641	
Mallard	0.4354067	0.4381443	0.4692737	0.4369748	0.462963	0.4522293	0.4738956	0.4861878	0.4085366	0.3664921	0.4263158	0.4698163	0.5302594	0.4819734	0.5592784	0.5861071	0.6042129	0.4976471	0.4197349	0.5130208	0.3882353	0.4041096	0.4230769	0.347561	0.2727273	0.238806	0.2727273	0.3625	0.3809524	0.376	0.3285714	0.3495146	0.384106	0.2827869	0.3896104	0.3930348	0.3285303	0.3619632	0.3746631	0.2983871	0.3879599	0.4269663	0.3963636	0.3702624	0.4082397	0.3485915	0.3679654	0.4461538	
Mallard (Domestic type)	0.0	0.0	0.0	0.0	0.0	0.0	0.0	0.0055249	0.0	0.0052356	0.0	0.0	0.0	0.0	0.0	0.0	0.0015	0.0015	0.0014728	0.0	0.0	0.0	0.0	0.0	0.0	0.0	0.0	0.0	0.0	0.016	0.0	0.0	0.0264901	0.0286885	0.0227273	0.0174129	0.0201729	0.0153374	0.0080863	0.0020161	0.0133779	0.0374532	0.0109091	0.0145773	0.0224719	0.0176056	0.017316	0.0230769	
American Black Duck	0.1770335	0.2628866	0.273743	0.1428571	0.1296296	0.1910828	0.1044177	0.0773481	0.0792683	0.0628272	0.1315789	0.0813648	0.0172911	0.0037951	0.0	0.0101302	0.0144124	0.0176471	0.0162003	0.0260417	0.0470588	0.0547945	0.0384615	0.0243902	0.010101	0.0373134	0.020202	0.05625	0.0714286	0.072	0.05	0.0485437	0.0728477	0.0532787	0.038961	0.0298507	0.0230548	0.0398773	0.0539084	0.0483871	0.0334448	0.0486891	0.0509091	0.0349854	0.0299625	0.0457746	0.04329	0.0384615	
Mallard x American Black Duck (hybrid)	0.0095694	0.0206186	0.0446927	0.0294118	0.0	0.0318471	0.0200803	0.0110497	0.0182927	0.0	0.0157895	0.0026247	0.0028818	0.0018975	0.0025773	0.0072359	0.0044346	0.0	0.0044183	0.0026042	0.0	0.0	0.0230769	0.0182927	0.0	0.0	0.0	0.00625	0.0	0.008	0.0142857	0.0194175	0.0066225	0.0081967	0.0032468	0.0024876	0.0028818	0.0	0.0026954	0.0060484	0.0	0.0	0.0072727	0.0058309	0.0	0.0070423	0.004329	0.0	
Mallard/American Black Duck	0.0047847	0.0051546	0.0055866	0.0	0.0	0.0063694	0.0080321	0.0055249	0.0	0.0	0.0	0.0	0.0	0.0018975	0.0	0.0	0.0	0.0	0.0	0.0	0.0	0.0	0.0	0.0	0.0	0.0	0.0	0.0	0.0079365	0.0	0.0142857	0.0	0.013245	0.0122951	0.0032468	0.0074627	0.0	0.0	0.0	0.0060484	0.0033445	0.0037453	0.0015	0.0029155	0.0	0.0035211	0.0	0.0	
Northern Pintail	0.0909091	0.0618557	0.0614525	0.0294118	0.0185185	0.0318471	0.0441767	0.0441989	0.0365854	0.0209424	0.0315789	0.0524934	0.0	0.0	0.0	0.0	0.0	0.0	0.0	0.0	0.0	0.0	0.0	0.0	0.0	0.0	0.0	0.0	0.0	0.0	0.0	0.0	0.0	0.0	0.0	0.0	0.0028818	0.0	0.0026954	0.0	0.0	0.0	0.0	0.0	0.0015	0.0	0.0	0.0	
Green-winged Teal	0.0	0.0051546	0.0055866	0.0	0.0	0.0	0.0	0.0	0.0	0.0	0.0052632	0.0	0.0	0.0	0.0	0.0014472	0.0	0.0	0.0	0.0	0.0	0.0	0.0	0.0	0.0	0.0	0.0	0.0	0.0	0.0	0.0	0.0	0.0	0.0	0.0	0.0	0.0	0.0	0.0026954	0.0040323	0.0	0.0037453	0.0036364	0.0029155	0.0	0.0	0.0	0.0	
Canvasback	0.0	0.0154639	0.0055866	0.0084034	0.0432099	0.0127389	0.0	0.0	0.0	0.0	0.0	0.0	0.0	0.0	0.0	0.0	0.0	0.0	0.0	0.0	0.0	0.0	0.0	0.0	0.0	0.0	0.0	0.0	0.0	0.0	0.0	0.0	0.0	0.0	0.0	0.0	0.0	0.0	0.0	0.0	0.0	0.0	0.0	0.0	0.0	0.0	0.0	0.0153846	
Redhead	0.0	0.0	0.0	0.0	0.0	0.0	0.0522088	0.0055249	0.0	0.0	0.0	0.0	0.0	0.0	0.0	0.0	0.0	0.0	0.0	0.0	0.0	0.0	0.0	0.0	0.0	0.0	0.0	0.0	0.0	0.0	0.0	0.0	0.0	0.0	0.0	0.0	0.0	0.0	0.0	0.0	0.0	0.0	0.0	0.0	0.0	0.0	0.0	0.0	
Ring-necked Duck	0.076555	0.0412371	0.0335196	0.0672269	0.0987654	0.0764331	0.0200803	0.0	0.0	0.0	0.0	0.0	0.0	0.0	0.0	0.0	0.0	0.0	0.0	0.0	0.0	0.0	0.0	0.0	0.0	0.0	0.0	0.0	0.0	0.0	0.0	0.0	0.0	0.0	0.0	0.0	0.0	0.0	0.0026954	0.0	0.0	0.011236	0.0	0.0	0.0	0.0035211	0.0	0.0	
Greater Scaup	0.0047847	0.0	0.0	0.0	0.0	0.0	0.0	0.0	0.0060976	0.0	0.0	0.0	0.0	0.0	0.0	0.0	0.0	0.0	0.0	0.0	0.0	0.0	0.0	0.0	0.0	0.0	0.0	0.0	0.0	0.0	0.0	0.0	0.0	0.0	0.0	0.0	0.0	0.0	0.0	0.0	0.0	0.0	0.0	0.0	0.0	0.0	0.0	0.0	
Lesser Scaup	0.0	0.0515464	0.0111732	0.0042017	0.0	0.0	0.0120482	0.0	0.0	0.0	0.0	0.0	0.0	0.0	0.0	0.0	0.0	0.0	0.0	0.0	0.0	0.0	0.0	0.0	0.0	0.0	0.0	0.0	0.0	0.0	0.0	0.0	0.0	0.0	0.0	0.0	0.0	0.0	0.0	0.0	0.0	0.0	0.0036364	0.0	0.0	0.0	0.004329	0.0	
Greater/Lesser Scaup	0.0047847	0.0	0.0111732	0.0	0.0061728	0.0	0.0	0.0	0.0	0.0	0.0	0.0	0.0	0.0	0.0	0.0	0.0	0.0	0.0	0.0	0.0	0.0	0.0	0.0	0.0	0.0	0.0	0.0	0.0	0.0	0.0	0.0	0.0	0.0	0.0	0.0	0.0	0.0	0.0	0.0	0.0	0.0	0.0	0.0029155	0.0	0.0	0.0	0.0	
Aythya sp.	0.0	0.0	0.0055866	0.0	0.0	0.0	0.0	0.0	0.0	0.0	0.0	0.0	0.0	0.0	0.0	0.0	0.0	0.0	0.0	0.0	0.0	0.0	0.0	0.0	0.0	0.0	0.0	0.0	0.0	0.0	0.0	0.0	0.0	0.0	0.0	0.0	0.0	0.0	0.0	0.0	0.0	0.0	0.0	0.0	0.0	0.0	0.0	0.0	
Black Scoter	0.0	0.0	0.0	0.0	0.0	0.0	0.0	0.0	0.0	0.0	0.0	0.0	0.0	0.0	0.0	0.0	0.0	0.0	0.0	0.0	0.0	0.0	0.0	0.0	0.0	0.0	0.0	0.0	0.0	0.0	0.0	0.0	0.0	0.0	0.0	0.0	0.0	0.0030675	0.0	0.0	0.0	0.0	0.0	0.0015	0.0	0.0	0.0	0.0	
Long-tailed Duck	0.0143541	0.0015	0.0055866	0.0	0.0	0.0	0.0	0.0	0.0	0.0	0.0	0.0	0.0	0.0	0.0	0.0	0.0	0.0	0.0	0.0	0.0	0.0	0.0	0.0	0.0	0.0	0.0	0.0	0.0	0.0	0.0	0.0	0.0	0.0	0.0	0.0	0.0	0.0	0.0026954	0.0	0.0	0.0	0.0	0.0	0.0	0.0	0.0	0.0	
Bufflehead	0.215311	0.1546392	0.1675978	0.1890756	0.2962963	0.2802548	0.2369478	0.2099448	0.152439	0.1204188	0.1526316	0.1181102	0.1354467	0.1214421	0.1572165	0.1418234	0.0532151	0.0082353	0.0	0.0	0.0	0.0	0.0	0.0	0.0	0.0	0.0	0.0	0.0	0.0	0.0	0.0	0.0	0.0	0.0	0.0	0.0	0.0	0.0080863	0.0423387	0.0468227	0.1048689	0.12	0.1311953	0.1273408	0.1267606	0.1298701	0.1512821	
Common Goldeneye	0.0191388	0.0515464	0.0502793	0.0015	0.0061728	0.0	0.0080321	0.0110497	0.0060976	0.0	0.0	0.0	0.0	0.0	0.0	0.0	0.0	0.0	0.0	0.0	0.0	0.0	0.0	0.0	0.0	0.0	0.0	0.0	0.0	0.0	0.0	0.0	0.0	0.0	0.0	0.0	0.0	0.0	0.0	0.0	0.0	0.0	0.0	0.0	0.0037453	0.0	0.0	0.0025641	
Common x Barrow's Goldeneye (hybrid)	0.0	0.0	0.0055866	0.0	0.0	0.0	0.0	0.0	0.0	0.0	0.0	0.0	0.0	0.0	0.0	0.0	0.0	0.0	0.0	0.0	0.0	0.0	0.0	0.0	0.0	0.0	0.0	0.0	0.0	0.0	0.0	0.0	0.0	0.0	0.0	0.0	0.0	0.0	0.0	0.0	0.0	0.0	0.0	0.0	0.0	0.0	0.0	0.0	
Hooded Merganser	0.1722488	0.0618557	0.1340782	0.1302521	0.2098765	0.1464968	0.0722892	0.1104972	0.0365854	0.052356	0.0315789	0.0314961	0.0086455	0.0	0.0025773	0.0	0.0	0.0	0.0	0.0	0.0	0.0	0.0	0.0	0.0	0.0	0.0	0.0	0.0	0.0	0.0	0.0	0.0	0.0	0.0	0.0	0.0	0.0	0.0215633	0.0584677	0.0401338	0.1161049	0.1018182	0.058309	0.0898876	0.0669014	0.047619	0.0717949	
Common Merganser	0.1578947	0.0	0.0	0.0015	0.0061728	0.0	0.0015	0.0	0.0	0.0	0.0	0.0	0.0	0.0	0.0	0.0014472	0.0022173	0.0	0.0	0.0	0.0	0.0	0.0	0.0	0.0	0.0	0.0	0.0	0.0	0.0	0.0	0.0	0.0	0.0	0.0	0.0	0.0	0.0	0.0	0.0	0.0	0.0	0.0	0.0029155	0.0	0.0	0.0	0.0	
Red-breasted Merganser	0.076555	0.1391753	0.1675978	0.0840336	0.0679012	0.1146497	0.0963855	0.0497238	0.0426829	0.052356	0.0894737	0.0288714	0.0230548	0.0094877	0.0051546	0.0043415	0.0077605	0.0070588	0.0	0.0	0.0	0.0	0.0	0.0	0.0	0.0	0.0	0.0	0.0	0.0	0.0	0.0	0.0	0.0	0.0	0.0	0.0	0.0	0.0	0.0	0.0	0.0	0.0036364	0.0379009	0.011236	0.0140845	0.025974	0.0333333	
Common/Red-breasted Merganser	0.0191388	0.0	0.0	0.0	0.0061728	0.0	0.0	0.0	0.0	0.0052356	0.0	0.0	0.0	0.0	0.0	0.0	0.0033259	0.0	0.0	0.0	0.0	0.0	0.0	0.0	0.0	0.0	0.0	0.0	0.0	0.0	0.0	0.0	0.0	0.0	0.0	0.0	0.0	0.0	0.0	0.0	0.0	0.0074906	0.0036364	0.0058309	0.0037453	0.0	0.0015	0.0025641	
Ruddy Duck	0.2727273	0.1907216	0.1620112	0.1764706	0.2654321	0.2101911	0.2048193	0.198895	0.1158537	0.0837696	0.1157895	0.1128609	0.1325648	0.1214421	0.1623711	0.1389291	0.0620843	0.0952941	0.0751105	0.0	0.0	0.0	0.0076923	0.0	0.0	0.0	0.0	0.0	0.0	0.0	0.0	0.0	0.0	0.0	0.0	0.0199005	0.0028818	0.0092025	0.0889488	0.0625	0.0635452	0.0786517	0.1090909	0.090379	0.1048689	0.0950704	0.0995671	0.125641	
duck sp.	0.0191388	0.0103093	0.0055866	0.0168067	0.0061728	0.0063694	0.0040161	0.0	0.0060976	0.0052356	0.0052632	0.007874	0.0057637	0.0037951	0.0051546	0.0057887	0.0011086	0.0023529	0.0014728	0.0026042	0.0	0.0068493	0.0076923	0.0182927	0.030303	0.0149254	0.0	0.0	0.0238095	0.0	0.0071429	0.0097087	0.013245	0.0040984	0.0	0.0024876	0.0	0.006135	0.0026954	0.0100806	0.0200669	0.011236	0.0145455	0.0029155	0.0074906	0.0015	0.004329	0.0076923	
Wild Turkey	0.0	0.0	0.0	0.0	0.0	0.0	0.0	0.0	0.0	0.0	0.0	0.0	0.0	0.0	0.0	0.0	0.0	0.0015	0.0	0.0	0.0	0.0	0.0	0.0	0.0	0.0	0.0	0.0	0.0	0.0	0.0	0.0	0.0	0.0	0.0	0.0	0.0	0.0	0.0	0.0	0.0	0.0	0.0	0.0	0.0	0.0	0.0	0.0	
Pied-billed Grebe	0.0095694	0.0257732	0.0	0.0084034	0.0	0.0	0.0	0.0	0.0	0.0	0.0	0.0026247	0.0	0.0	0.0	0.0043415	0.0	0.0	0.0	0.0	0.0	0.0	0.0	0.0	0.0	0.0	0.0	0.0	0.0	0.0	0.0	0.0015	0.0	0.0	0.0	0.0	0.0	0.0	0.0	0.0	0.0015	0.0	0.0181818	0.0029155	0.0074906	0.028169	0.025974	0.0461538	
Horned Grebe	0.0095694	0.0	0.0223464	0.0084034	0.0864198	0.0	0.0040161	0.0	0.0	0.0	0.0	0.0	0.0	0.0	0.0	0.0	0.0	0.0	0.0	0.0	0.0	0.0	0.0	0.0	0.0	0.0	0.0	0.0	0.0	0.0	0.0	0.0	0.0	0.0	0.0	0.0	0.0028818	0.0	0.0	0.0	0.0	0.0	0.0	0.0	0.0	0.0	0.0	0.0	
Red-necked Grebe	0.0	0.0	0.0	0.0	0.0	0.0	0.0	0.0	0.0	0.0	0.0	0.0	0.0	0.0	0.0	0.0014472	0.0	0.0	0.0	0.0	0.0	0.0	0.0	0.0	0.0	0.0	0.0	0.0	0.0	0.0	0.0	0.0	0.0	0.0	0.0	0.0	0.0	0.0	0.0	0.0	0.0	0.0	0.0	0.0	0.0	0.0	0.0	0.0025641	
Rock Pigeon	0.6124402	0.5721649	0.6927374	0.4579832	0.5308642	0.522293	0.6024096	0.5690608	0.6036585	0.5811518	0.5	0.5485564	0.481268	0.5901328	0.6056701	0.602026	0.5798226	0.6329412	0.6715758	0.6432292	0.7176471	0.6780822	0.6615385	0.6463415	0.6565657	0.641791	0.6060606	0.625	0.5952381	0.632	0.6357143	0.5873786	0.6225166	0.5409836	0.6103896	0.5621891	0.5533141	0.5337423	0.5363881	0.5383065	0.4816054	0.4981273	0.4872727	0.4897959	0.4494382	0.4859155	0.4718615	0.5025641	
Mourning Dove	0.3253589	0.1804124	0.3296089	0.2521008	0.2345679	0.2547771	0.3052209	0.2983425	0.4207317	0.4240838	0.4473684	0.480315	0.4351585	0.5370019	0.556701	0.5976845	0.6208426	0.5670588	0.4889543	0.5703125	0.4882353	0.5342466	0.4923077	0.4878049	0.4949495	0.4701493	0.5252525	0.475	0.5396825	0.56	0.6428571	0.5631068	0.615894	0.4836066	0.5194805	0.5547264	0.5129683	0.4478528	0.4663073	0.3830645	0.3210702	0.4194757	0.4254545	0.3236152	0.3520599	0.3274648	0.3160173	0.3025641	
Yellow-billed Cuckoo	0.0	0.0	0.0	0.0	0.0	0.0	0.0	0.0	0.0	0.0	0.0	0.0	0.0	0.0	0.0	0.0	0.056541	0.0117647	0.0220913	0.0026042	0.0058824	0.0015	0.0	0.0	0.0	0.0	0.0	0.0	0.0	0.0	0.0	0.0097087	0.0066225	0.0	0.012987	0.0497512	0.054755	0.0644172	0.0026954	0.0020161	0.0	0.0	0.0	0.0	0.0	0.0	0.0	0.0	
Black-billed Cuckoo	0.0	0.0	0.0	0.0	0.0	0.0	0.0	0.0	0.0	0.0	0.0	0.0	0.0	0.0	0.0	0.0188133	0.0365854	0.0435294	0.0029455	0.0026042	0.0	0.0	0.0076923	0.0	0.0	0.0	0.0	0.0	0.0	0.0	0.0142857	0.0	0.0	0.0	0.0162338	0.0124378	0.0	0.0	0.0	0.0	0.0	0.0	0.0	0.0	0.0	0.0	0.0	0.0	
Common Nighthawk	0.0	0.0	0.0	0.0	0.0	0.0	0.0	0.0	0.0	0.0	0.0	0.0	0.0	0.0	0.0	0.0014472	0.018847	0.0482353	0.0913108	0.1223958	0.0	0.0	0.0	0.0	0.0	0.0	0.0	0.0	0.0	0.008	0.0	0.0097087	0.0	0.0245902	0.0454545	0.0099502	0.0057637	0.0	0.0	0.0	0.0	0.0	0.0	0.0	0.0	0.0	0.0	0.0	
Chuck-will's-widow	0.0	0.0	0.0	0.0	0.0	0.0	0.0	0.0	0.0	0.0	0.0	0.0	0.0	0.0	0.0	0.0	0.0033259	0.0	0.0	0.0	0.0	0.0	0.0	0.0	0.0	0.0	0.0	0.0	0.0	0.0	0.0	0.0	0.0	0.0	0.0	0.0199005	0.0	0.0	0.0	0.0	0.0	0.0	0.0	0.0	0.0	0.0	0.0	0.0	
nightjar sp.	0.0	0.0	0.0	0.0	0.0	0.0	0.0	0.0	0.0	0.0	0.0	0.0	0.0	0.0	0.0	0.0	0.0	0.0	0.0	0.0	0.0	0.0	0.0	0.0	0.0	0.0	0.0	0.0	0.0	0.0	0.0	0.0	0.0	0.0	0.0	0.0024876	0.0	0.0	0.0	0.0	0.0	0.0	0.0	0.0	0.0	0.0	0.0	0.0	
Chimney Swift	0.0	0.0	0.0	0.0	0.0	0.0	0.0	0.0	0.0	0.0	0.0	0.0	0.0	0.0037951	0.0	0.0926194	0.2605322	0.4388235	0.3564065	0.4140625	0.3294118	0.3219178	0.3384615	0.304878	0.2323232	0.261194	0.2222222	0.20625	0.2777778	0.24	0.2571429	0.2087379	0.1854305	0.2418033	0.2694805	0.2860697	0.2910663	0.2515337	0.2264151	0.1169355	0.0501672	0.0187266	0.0072727	0.0029155	0.0	0.0	0.0	0.0	
Ruby-throated Hummingbird	0.0	0.0	0.0	0.0	0.0	0.0	0.0	0.0	0.0	0.0	0.0	0.0	0.0	0.0	0.0	0.015919	0.0432373	0.0447059	0.0309278	0.0442708	0.0058824	0.0	0.0	0.0	0.0	0.0	0.010101	0.01875	0.0396825	0.024	0.1142857	0.0728155	0.1125828	0.204918	0.1980519	0.2363184	0.0403458	0.0092025	0.0026954	0.0	0.0	0.0	0.0	0.0	0.0	0.0	0.0	0.0	
Virginia Rail	0.0	0.0	0.0	0.0	0.0	0.0	0.0	0.0	0.0	0.0	0.0	0.0	0.0	0.0	0.0	0.0	0.0	0.0	0.0	0.0	0.0	0.0	0.0	0.0	0.0	0.0	0.0	0.0	0.0	0.0	0.0	0.0	0.0	0.0040984	0.0	0.0	0.0	0.006135	0.0	0.0	0.0	0.0	0.0	0.0	0.0	0.0	0.0	0.0	
Sora	0.0	0.0	0.0	0.0	0.0	0.0	0.0	0.0	0.0	0.0	0.0	0.0	0.0	0.0	0.0	0.0	0.0221729	0.0	0.0	0.0	0.0	0.0	0.0	0.0	0.0	0.0	0.0	0.0	0.0	0.0	0.0	0.0	0.0	0.0286885	0.0	0.0	0.0	0.0	0.0	0.0	0.0	0.0	0.0	0.0	0.0	0.0	0.0	0.0	
American Coot	0.2057416	0.1597938	0.2234637	0.1806723	0.2592593	0.1528662	0.1646586	0.1823204	0.1158537	0.104712	0.1052632	0.1312336	0.0979827	0.0796964	0.0695876	0.0709117	0.0288248	0.0552941	0.0235641	0.0338542	0.0	0.0	0.0	0.0	0.0	0.0	0.0	0.0	0.0	0.0	0.0	0.0	0.0	0.0	0.0	0.0024876	0.0	0.0	0.0026954	0.0141129	0.1371237	0.1348315	0.1490909	0.122449	0.1348315	0.165493	0.1298701	0.1717949	
Sandhill Crane	0.0	0.0	0.0	0.0	0.0	0.0	0.0	0.0	0.0	0.0	0.0	0.0	0.0	0.0	0.0	0.0	0.0	0.0	0.0	0.0	0.0	0.0	0.0	0.0	0.0	0.0	0.0	0.0	0.0	0.0	0.0	0.0	0.0	0.0	0.0	0.0	0.0	0.0	0.0026954	0.0	0.0	0.0	0.0	0.0	0.0	0.0	0.0	0.0	
Semipalmated Plover	0.0	0.0	0.0	0.0	0.0	0.0	0.0	0.0	0.0	0.0	0.0	0.0	0.0	0.0	0.0	0.0	0.0	0.0	0.0	0.0	0.0	0.0	0.0	0.0	0.0	0.0	0.0	0.0	0.015873	0.008	0.0	0.0015	0.0	0.0	0.0	0.0024876	0.0057637	0.006135	0.0	0.0	0.0	0.0	0.0	0.0	0.0	0.0	0.0	0.0	
Killdeer	0.0	0.0	0.0	0.0	0.0	0.0	0.0120482	0.0110497	0.0121951	0.0052356	0.0473684	0.007874	0.0028818	0.0037951	0.0051546	0.0072359	0.0066519	0.0023529	0.0073638	0.015625	0.0411765	0.0684932	0.0846154	0.054878	0.040404	0.0597015	0.0505051	0.06875	0.047619	0.048	0.0357143	0.038835	0.0728477	0.0286885	0.0292208	0.0174129	0.0144092	0.006135	0.0053908	0.0080645	0.0	0.0037453	0.0036364	0.0087464	0.0037453	0.0	0.0	0.0	
Sanderling	0.0	0.0	0.0	0.0	0.0	0.0	0.0	0.0	0.0	0.0	0.0	0.0	0.0	0.0	0.0	0.0	0.0	0.0	0.0	0.0	0.0	0.0	0.0	0.0	0.0	0.0	0.0	0.00625	0.0	0.0	0.0	0.0048544	0.0264901	0.0040984	0.0064935	0.0	0.0	0.0	0.0	0.0	0.0	0.0	0.0	0.0	0.0	0.0	0.0	0.0	
Dunlin	0.0047847	0.0	0.0	0.0	0.0	0.0	0.0	0.0	0.0	0.0	0.0	0.0	0.0	0.0	0.0	0.0	0.0	0.0	0.0	0.0	0.0	0.0	0.0	0.0	0.0	0.0	0.0	0.0	0.0	0.0	0.0	0.0	0.0	0.0	0.0	0.0	0.0	0.0	0.0026954	0.0	0.0	0.0	0.0	0.0	0.0	0.0	0.0	0.0	
Purple Sandpiper	0.0	0.0412371	0.0111732	0.0084034	0.0061728	0.0	0.0	0.0110497	0.0	0.0052356	0.0052632	0.0	0.0	0.0037951	0.0	0.0014472	0.0	0.0011765	0.0014728	0.0	0.0	0.0	0.0	0.0	0.0	0.0	0.0	0.0	0.0	0.0	0.0	0.0	0.0	0.0	0.0	0.0	0.0	0.0	0.0	0.0	0.0	0.0	0.0	0.0	0.0	0.0	0.0	0.0	
Least Sandpiper	0.0	0.0	0.0	0.0	0.0	0.0	0.0	0.0	0.0	0.0	0.0	0.0	0.0	0.0	0.0	0.0	0.0022173	0.0047059	0.0	0.0026042	0.0	0.0	0.0	0.0	0.0	0.0	0.0	0.025	0.0555556	0.04	0.0357143	0.0436893	0.0662252	0.0204918	0.0194805	0.0099502	0.0115274	0.0030675	0.0	0.0	0.0	0.0	0.0	0.0	0.0	0.0	0.0	0.0	
Pectoral Sandpiper	0.0	0.0	0.0	0.0	0.0	0.0	0.0	0.0	0.0	0.0	0.0	0.0	0.0	0.0	0.0	0.0	0.0	0.0	0.0	0.0	0.0	0.0	0.0	0.0	0.0	0.0	0.0	0.0	0.0	0.0	0.0	0.0	0.0	0.0	0.0	0.0024876	0.0	0.0	0.0	0.0	0.0	0.0	0.0	0.0	0.0	0.0	0.0	0.0	
Semipalmated Sandpiper	0.0	0.0	0.0	0.0	0.0	0.0	0.0	0.0	0.0	0.0	0.0	0.0	0.0	0.0	0.0	0.0	0.0	0.0	0.0	0.0	0.0	0.0	0.0	0.0	0.0	0.0	0.010101	0.0375	0.0238095	0.008	0.0142857	0.038835	0.0198675	0.0040984	0.0064935	0.0074627	0.0115274	0.0	0.0053908	0.0	0.0	0.0	0.0	0.0	0.0	0.0	0.0	0.0	
peep sp.	0.0	0.0	0.0	0.0	0.0	0.0	0.0	0.0	0.0	0.0	0.0	0.0	0.0	0.0	0.0	0.0	0.0	0.0	0.0	0.0026042	0.0	0.0	0.0	0.0	0.0	0.0	0.0	0.00625	0.0	0.0	0.0	0.0	0.0	0.0	0.0032468	0.0	0.0	0.0	0.0	0.0	0.0	0.0	0.0	0.0	0.0	0.0	0.0	0.0	
American Woodcock	0.0	0.0103093	0.0015	0.0	0.0	0.0	0.0	0.0110497	0.0670732	0.0366492	0.0105263	0.0026247	0.0086455	0.028463	0.0051546	0.0	0.0011086	0.0	0.0	0.0	0.0	0.0	0.0	0.0	0.0	0.0	0.0	0.0	0.0	0.0	0.0	0.0	0.0	0.0	0.0	0.0	0.0	0.0	0.0	0.0302419	0.006689	0.0262172	0.0218182	0.0029155	0.0037453	0.0	0.008658	0.0	
Wilson's Snipe	0.0	0.0	0.0	0.0	0.0	0.0	0.0	0.0	0.0	0.0	0.0	0.0026247	0.0489914	0.0	0.0	0.0	0.0	0.0	0.0	0.0	0.0	0.0	0.0	0.0	0.0	0.0	0.0	0.0	0.0	0.008	0.0	0.0	0.0	0.0	0.0	0.0	0.0	0.0337423	0.0	0.0	0.0	0.0	0.0	0.0	0.0	0.0	0.0	0.0	
Spotted Sandpiper	0.0	0.0	0.0	0.0	0.0	0.0	0.0	0.0	0.0	0.0	0.0	0.0	0.0	0.0	0.0	0.0289436	0.0920177	0.0647059	0.0913108	0.046875	0.0	0.0	0.0	0.0	0.0	0.0149254	0.030303	0.05	0.0396825	0.064	0.0571429	0.0485437	0.0198675	0.0245902	0.0064935	0.0024876	0.0144092	0.006135	0.0026954	0.0	0.0	0.0	0.0036364	0.0	0.0	0.0	0.0	0.0	
Solitary Sandpiper	0.0	0.0	0.0	0.0	0.0	0.0	0.0	0.0	0.0	0.0	0.0	0.0	0.0	0.0	0.0	0.0	0.0343681	0.0129412	0.005891	0.0026042	0.0	0.0	0.0	0.0	0.0	0.0	0.0	0.0	0.0	0.016	0.0	0.0145631	0.0	0.0081967	0.0032468	0.0024876	0.0086455	0.006135	0.0	0.0	0.0	0.0	0.0	0.0	0.0	0.0	0.0	0.0	
Greater Yellowlegs	0.0	0.0	0.0	0.0	0.0	0.0	0.0	0.0	0.0	0.0	0.0	0.0	0.0	0.0	0.0	0.0101302	0.0	0.0	0.0	0.0	0.0	0.0	0.0	0.0	0.0	0.0	0.0	0.0	0.031746	0.0	0.0	0.0	0.0	0.0	0.0	0.0024876	0.0	0.0	0.0	0.0	0.0	0.0	0.0	0.0	0.0	0.0	0.0	0.0	
Lesser Yellowlegs	0.0	0.0	0.0	0.0	0.0	0.0	0.0	0.0	0.0	0.0	0.0	0.0	0.0	0.0	0.0	0.0	0.0	0.0	0.0	0.0	0.0	0.0	0.0	0.0	0.0	0.0	0.0	0.0	0.0015	0.008	0.0071429	0.0048544	0.0198675	0.0040984	0.0	0.0	0.0	0.0	0.0	0.0	0.0	0.0	0.0	0.0	0.0	0.0	0.0	0.0	
shorebird sp.	0.0	0.0	0.0	0.0	0.0	0.0	0.0	0.0	0.0	0.0	0.0	0.0	0.0	0.0	0.0	0.0014472	0.0033259	0.0	0.0014728	0.0026042	0.0	0.0	0.0	0.0	0.0	0.0	0.0	0.0015	0.0238095	0.016	0.0071429	0.0015	0.0	0.0015	0.0	0.0	0.0	0.0	0.0	0.0060484	0.0	0.0	0.0	0.0	0.0	0.0	0.0	0.0	
Bonaparte's Gull	0.0	0.0	0.0	0.0	0.0	0.0	0.0	0.0	0.0	0.0	0.0	0.0	0.0	0.0	0.0	0.0	0.0	0.0	0.0	0.0	0.0	0.0	0.0	0.0	0.0	0.0	0.0	0.0	0.0	0.0	0.0	0.0	0.0	0.0	0.0	0.0	0.0	0.0	0.0	0.0	0.0	0.0037453	0.0	0.0	0.0	0.0	0.0	0.0	
Laughing Gull	0.0	0.0	0.0	0.0	0.0	0.0	0.0	0.0	0.0	0.0	0.0	0.0	0.0	0.0037951	0.0103093	0.024602	0.0254989	0.0247059	0.0250368	0.0338542	0.0235294	0.0479452	0.0846154	0.0914634	0.0606061	0.0597015	0.1111111	0.10625	0.0952381	0.096	0.0714286	0.0582524	0.0993377	0.0368852	0.0584416	0.0223881	0.0288184	0.0122699	0.0107817	0.0120968	0.0100334	0.0074906	0.0036364	0.0	0.0037453	0.0	0.0	0.0	
Ring-billed Gull	0.4784689	0.4948454	0.547486	0.394958	0.4567901	0.4522293	0.3935743	0.4254144	0.3658537	0.2879581	0.3736842	0.2204724	0.1556196	0.1347249	0.1804124	0.1736614	0.1152993	0.1376471	0.1060383	0.09375	0.1117647	0.0821918	0.0769231	0.1097561	0.0505051	0.141791	0.1515152	0.20625	0.2222222	0.2	0.1714286	0.1601942	0.2384106	0.1844262	0.1753247	0.1492537	0.1527378	0.1625767	0.1644205	0.1310484	0.1438127	0.1573034	0.1636364	0.2478134	0.1685393	0.1619718	0.2467532	0.2615385	
Herring Gull	0.3923445	0.3608247	0.4357542	0.2563025	0.3209877	0.3057325	0.2610442	0.3093923	0.2439024	0.1361257	0.2684211	0.175853	0.1440922	0.1347249	0.1726804	0.23589	0.2006652	0.2858824	0.2430044	0.2421875	0.2058824	0.2123288	0.2923077	0.3658537	0.2525253	0.238806	0.2020202	0.3	0.2936508	0.256	0.3142857	0.2135922	0.2847682	0.25	0.2532468	0.2338308	0.2305476	0.2361963	0.2021563	0.2056452	0.1705686	0.1947566	0.1636364	0.2040816	0.1498127	0.1408451	0.1731602	0.174359	
Iceland Gull	0.0	0.0	0.0	0.0084034	0.0	0.0	0.0	0.0220994	0.0	0.0	0.0	0.0	0.0	0.0	0.0	0.0	0.0	0.0	0.0	0.0	0.0	0.0	0.0	0.0	0.0	0.0	0.0	0.0	0.0	0.0	0.0	0.0	0.0	0.0	0.0	0.0	0.0	0.0	0.0	0.0	0.0	0.0	0.0	0.0	0.0	0.0	0.0	0.0025641	
Lesser Black-backed Gull	0.0	0.0	0.0	0.0	0.0	0.0	0.0	0.0	0.0	0.0	0.0	0.0	0.0	0.0	0.0025773	0.0015	0.0	0.0	0.0	0.0	0.0	0.0	0.0	0.0	0.0	0.0	0.0	0.0	0.0	0.0	0.0	0.0	0.0	0.0	0.0	0.0	0.0	0.0	0.0	0.0	0.0	0.0	0.0	0.0	0.0	0.0	0.004329	0.0	
Great Black-backed Gull	0.3349282	0.2886598	0.3575419	0.2521008	0.3580247	0.3503185	0.2449799	0.3370166	0.2439024	0.1623037	0.1842105	0.1338583	0.0979827	0.0986717	0.1701031	0.1606368	0.1031042	0.18	0.1546392	0.171875	0.1411765	0.1917808	0.2	0.2256098	0.1818182	0.0970149	0.1313131	0.14375	0.0793651	0.184	0.1714286	0.1359223	0.1788079	0.102459	0.1136364	0.0995025	0.0951009	0.1104294	0.097035	0.1149194	0.1070234	0.1048689	0.1309091	0.1574344	0.093633	0.1091549	0.1038961	0.1487179	
Larus sp.	0.1339713	0.0721649	0.1005587	0.0714286	0.117284	0.1019108	0.0843373	0.0883978	0.0853659	0.0471204	0.0473684	0.0498688	0.0259366	0.0474383	0.0618557	0.0506512	0.0310421	0.0470588	0.0427099	0.0390625	0.0294118	0.0342466	0.0	0.0426829	0.020202	0.0522388	0.0707071	0.01875	0.047619	0.064	0.0071429	0.0436893	0.013245	0.0327869	0.0227273	0.0273632	0.0115274	0.0368098	0.032345	0.0302419	0.0267559	0.0299625	0.0472727	0.0174927	0.0187266	0.0140845	0.017316	0.0384615	
gull sp.	0.0287081	0.0257732	0.0335196	0.0504202	0.0185185	0.044586	0.0200803	0.0165746	0.0060976	0.0104712	0.0210526	0.0104987	0.0115274	0.0132827	0.007732	0.0043415	0.0033259	0.0058824	0.005891	0.0026042	0.0	0.0068493	0.0076923	0.0121951	0.0	0.0149254	0.0	0.0125	0.0	0.016	0.0015	0.0048544	0.0066225	0.0081967	0.0097403	0.0	0.0	0.0092025	0.0	0.0100806	0.006689	0.011236	0.0654545	0.0553936	0.0299625	0.0739437	0.0519481	0.0666667	
Common Tern	0.0	0.0	0.0	0.0	0.0	0.0	0.0	0.0	0.0	0.0	0.0	0.0	0.0	0.0	0.0	0.0	0.0	0.0082353	0.0206186	0.0390625	0.0647059	0.0684932	0.1	0.1158537	0.0909091	0.0746269	0.040404	0.1	0.0714286	0.088	0.0714286	0.0533981	0.0993377	0.0204918	0.0032468	0.0	0.0	0.0	0.0	0.0	0.0	0.0	0.0	0.0	0.0	0.0	0.0	0.0	
Forster's Tern	0.0	0.0	0.0	0.0	0.0	0.0	0.0	0.0	0.0	0.0	0.0	0.0	0.0	0.0	0.0	0.0	0.0	0.0011765	0.0	0.0	0.0	0.0	0.0	0.0	0.0	0.0	0.0	0.0	0.0079365	0.008	0.0	0.0	0.0	0.0	0.0	0.0	0.0	0.0	0.0	0.0040323	0.0	0.0	0.0036364	0.0	0.0	0.0	0.0	0.0	
Common/Forster's Tern	0.0	0.0	0.0	0.0	0.0	0.0	0.0	0.0	0.0	0.0	0.0	0.0	0.0	0.0	0.0	0.0	0.0	0.0011765	0.0	0.0	0.0	0.0	0.0	0.0	0.0	0.0	0.0	0.0	0.0	0.0	0.0	0.0	0.0	0.0	0.0	0.0	0.0	0.0	0.0	0.0	0.0	0.0	0.0	0.0	0.0	0.0	0.0	0.0	
Sterna sp.	0.0	0.0	0.0	0.0	0.0	0.0	0.0	0.0	0.0	0.0	0.0	0.0	0.0	0.0	0.0	0.0	0.0	0.0	0.0	0.0	0.0	0.0	0.0	0.0	0.0	0.0	0.0	0.0	0.0	0.0	0.0	0.0	0.0066225	0.0	0.0	0.0	0.0	0.0	0.0	0.0	0.0	0.0	0.0	0.0	0.0	0.0	0.0	0.0	
Black Skimmer	0.0	0.0	0.0	0.0	0.0	0.0	0.0	0.0	0.0	0.0	0.0	0.0	0.0	0.0	0.0	0.0	0.0	0.0	0.0	0.0	0.0058824	0.0	0.0153846	0.0060976	0.0	0.0	0.0	0.0	0.0	0.0	0.0	0.0	0.0015	0.0	0.0	0.0	0.0	0.0	0.0	0.0	0.0	0.0	0.0	0.0	0.0	0.0	0.0	0.0	
gull/tern sp.	0.0	0.0	0.0	0.0	0.0	0.0	0.0	0.0	0.0	0.0	0.0	0.0	0.0	0.0	0.0	0.0	0.0	0.0	0.0	0.0	0.0	0.0	0.0	0.0	0.0	0.0	0.0	0.0	0.0	0.0	0.0	0.0	0.0	0.0	0.0	0.0	0.0	0.0	0.0	0.0020161	0.0	0.0	0.0	0.0	0.0	0.0	0.0	0.0	
Red-throated Loon	0.0191388	0.0	0.0055866	0.0252101	0.0	0.0509554	0.0200803	0.0165746	0.0	0.026178	0.0578947	0.0314961	0.0432277	0.0683112	0.1030928	0.089725	0.0011086	0.0047059	0.0	0.0026042	0.0	0.0	0.0	0.0	0.0	0.0	0.0	0.0	0.0	0.0	0.0	0.0	0.0	0.0	0.0	0.0	0.0	0.0	0.0	0.0	0.0	0.0	0.0	0.0	0.0	0.0	0.0	0.0025641	
Common Loon	0.1339713	0.0	0.0	0.0084034	0.0	0.0	0.0080321	0.0	0.0060976	0.0	0.0	0.0015	0.0028818	0.0	0.0025773	0.0057887	0.0066519	0.0	0.0044183	0.0	0.0	0.0	0.0	0.0	0.0	0.0	0.0	0.0	0.0	0.0	0.0	0.0	0.0066225	0.0	0.0	0.0	0.0028818	0.0030675	0.0	0.0	0.0	0.0	0.0072727	0.0	0.0	0.0	0.0	0.0025641	
loon sp.	0.0	0.0	0.0	0.0	0.0	0.0	0.0	0.0	0.0	0.0052356	0.0015	0.0026247	0.0	0.0	0.0	0.0028944	0.0	0.0	0.0	0.0	0.0	0.0	0.0	0.0	0.0	0.0	0.0	0.0	0.0	0.0	0.0	0.0	0.0	0.0	0.0	0.0	0.0	0.0	0.0	0.0	0.0	0.0	0.0	0.0	0.0	0.0	0.0	0.0	
Great Cormorant	0.0143541	0.0309278	0.027933	0.0294118	0.1234568	0.0636943	0.0	0.0	0.0182927	0.0	0.0526316	0.0052493	0.0028818	0.0037951	0.0	0.0	0.0011086	0.0	0.0	0.0	0.0	0.0	0.0	0.0	0.0	0.0	0.0	0.0	0.0	0.0	0.0	0.0	0.0	0.0	0.0	0.0	0.0	0.0015	0.0	0.0060484	0.0	0.0	0.0	0.0	0.011236	0.0070423	0.008658	0.0102564	
Double-crested Cormorant	0.1052632	0.1030928	0.1005587	0.0546218	0.1049383	0.1528662	0.0923695	0.038674	0.0121951	0.026178	0.1210526	0.1496063	0.2449568	0.3036053	0.4278351	0.4616498	0.3791574	0.3905882	0.3063328	0.3619792	0.2411765	0.3150685	0.3230769	0.3536585	0.2222222	0.2910448	0.2424242	0.3125	0.2619048	0.224	0.2571429	0.2669903	0.2384106	0.1967213	0.1493506	0.1791045	0.1700288	0.1595092	0.1374663	0.1189516	0.0702341	0.0524345	0.0654545	0.0991254	0.0749064	0.0246479	0.0562771	0.0410256	
cormorant sp.	0.0143541	0.0	0.027933	0.0042017	0.0061728	0.0127389	0.0	0.0110497	0.0060976	0.0	0.0	0.0	0.0	0.0	0.0	0.0	0.0	0.0	0.0	0.0	0.0	0.0	0.0	0.0	0.0	0.0	0.0	0.0	0.0	0.0	0.0	0.0	0.0	0.0	0.0	0.0	0.0	0.0030675	0.0	0.0	0.0	0.0	0.0036364	0.0	0.0	0.0035211	0.0	0.0051282	
American Bittern	0.0	0.0	0.0	0.0	0.0	0.0	0.0	0.0	0.0	0.0	0.0	0.1338583	0.0015	0.0015	0.0	0.0	0.0	0.0	0.0	0.0	0.0	0.0	0.0	0.0	0.0	0.0	0.0	0.0	0.0	0.0	0.0	0.0	0.0	0.0	0.0	0.0	0.0	0.0	0.0015	0.0020161	0.0	0.0	0.0	0.0	0.0	0.0	0.0	0.0	
Great Blue Heron	0.0861244	0.056701	0.0502793	0.0252101	0.0308642	0.089172	0.0883534	0.121547	0.0670732	0.0418848	0.0684211	0.0419948	0.0015	0.0075901	0.007732	0.0043415	0.0099778	0.0035294	0.0029455	0.0052083	0.0176471	0.0	0.0153846	0.0	0.030303	0.0074627	0.040404	0.06875	0.0634921	0.08	0.0785714	0.0533981	0.0596026	0.0327869	0.0616883	0.039801	0.0201729	0.0368098	0.0431267	0.0241935	0.0100334	0.0449438	0.04	0.0758017	0.0599251	0.1267606	0.1428571	0.074359	
Great Egret	0.0	0.0	0.0	0.0	0.0	0.0	0.0	0.0	0.0	0.0	0.0	0.0419948	0.1469741	0.0872865	0.0670103	0.1403763	0.1873614	0.1517647	0.1325479	0.1484375	0.1470588	0.0547945	0.0923077	0.1036585	0.0808081	0.1343284	0.1010101	0.1	0.1349206	0.184	0.05	0.0533981	0.0264901	0.0327869	0.0194805	0.0323383	0.0144092	0.0245399	0.032345	0.0181452	0.0100334	0.011236	0.0	0.0	0.0	0.0	0.0	0.0	
Snowy Egret	0.0	0.0	0.0	0.0	0.0	0.0	0.0	0.0	0.0	0.0	0.0	0.0	0.0028818	0.0018975	0.0025773	0.0202605	0.0110865	0.02	0.0073638	0.0104167	0.0117647	0.0068493	0.0	0.0060976	0.0	0.0	0.0015	0.00625	0.0	0.032	0.0142857	0.0145631	0.0066225	0.0	0.0	0.0	0.0	0.0	0.0	0.0	0.0	0.0	0.0	0.0	0.0	0.0	0.0	0.0	
Cattle Egret	0.0	0.0	0.0	0.0	0.0	0.0	0.0	0.0	0.0	0.0	0.0	0.0	0.0	0.0	0.0	0.0	0.0	0.0011765	0.0	0.0	0.0	0.0	0.0	0.0	0.0	0.0	0.0	0.0	0.0	0.0	0.0	0.0	0.0	0.0	0.0	0.0	0.0	0.0	0.0	0.0	0.0015	0.0	0.0	0.0	0.0	0.0	0.0	0.0	
Green Heron	0.0	0.0	0.0	0.0	0.0	0.0	0.0	0.0	0.0	0.0	0.0	0.0	0.0	0.0436433	0.0283505	0.0028944	0.0443459	0.0141176	0.0515464	0.0390625	0.0	0.0	0.0	0.0	0.0	0.0	0.0	0.01875	0.0	0.008	0.0285714	0.0194175	0.0662252	0.0737705	0.0876623	0.0248756	0.0115274	0.006135	0.0	0.0	0.0	0.0	0.0	0.0	0.0	0.0	0.0	0.0	
Black-crowned Night-Heron	0.0015	0.0	0.0	0.0	0.0	0.0	0.0	0.0	0.0	0.0	0.0	0.0183727	0.0778098	0.1366224	0.2525773	0.081042	0.1141907	0.0764706	0.083947	0.0859375	0.0764706	0.0547945	0.0769231	0.1158537	0.0909091	0.0298507	0.0808081	0.0875	0.1666667	0.096	0.1428571	0.0825243	0.0529801	0.0491803	0.0487013	0.0497512	0.0403458	0.0521472	0.0269542	0.0181452	0.006689	0.0224719	0.0145455	0.0145773	0.0074906	0.0070423	0.004329	0.0	
Yellow-crowned Night-Heron	0.0	0.0	0.0	0.0	0.0	0.0	0.0	0.0	0.0	0.0	0.0	0.0	0.0	0.0	0.0	0.1157742	0.0709534	0.0470588	0.0	0.0104167	0.0015	0.0273973	0.0538462	0.1097561	0.0707071	0.0522388	0.040404	0.0625	0.031746	0.072	0.0571429	0.0533981	0.0463576	0.0286885	0.025974	0.0	0.0028818	0.0	0.0026954	0.0	0.0033445	0.0	0.0	0.0	0.0	0.0	0.0	0.0	
heron sp.	0.0	0.0	0.0	0.0	0.0	0.0	0.0	0.0	0.0	0.0	0.0	0.0	0.0	0.0	0.0	0.0	0.0	0.0	0.0	0.0	0.0	0.0	0.0	0.0060976	0.0	0.0	0.0	0.0	0.0	0.0	0.0	0.0048544	0.0	0.0	0.0	0.0	0.0	0.0	0.0	0.0	0.0	0.0	0.0	0.0	0.0	0.0	0.0	0.0	
Glossy Ibis	0.0	0.0	0.0	0.0	0.0	0.0	0.0	0.0	0.0	0.0	0.0	0.0026247	0.0	0.0	0.0	0.0	0.0011086	0.0023529	0.0	0.0	0.0	0.0	0.0	0.0	0.0	0.0	0.0	0.0	0.0	0.0	0.0	0.0	0.0	0.0	0.0	0.0	0.0	0.0	0.0	0.0	0.0	0.0	0.0	0.0	0.0	0.0	0.0	0.0	
Black Vulture	0.0047847	0.0	0.0055866	0.0	0.0	0.0	0.0080321	0.0055249	0.0243902	0.0	0.0	0.0052493	0.0028818	0.0	0.0025773	0.0	0.0011086	0.0	0.0	0.0	0.0	0.0	0.0	0.0	0.0	0.0	0.0	0.0	0.0	0.0	0.0	0.0	0.0	0.0	0.0	0.0	0.0	0.0	0.0026954	0.0080645	0.0	0.011236	0.0072727	0.0	0.0037453	0.0	0.0	0.0	
Turkey Vulture	0.0239234	0.0	0.0167598	0.0	0.0	0.0	0.0080321	0.0165746	0.0243902	0.0015	0.0210526	0.0446194	0.037464	0.0151803	0.0206186	0.015919	0.0177384	0.0082353	0.011782	0.0026042	0.0058824	0.0068493	0.0	0.0	0.0	0.0074627	0.010101	0.0	0.0	0.0	0.0071429	0.0	0.0	0.0	0.0097403	0.0149254	0.0172911	0.0398773	0.0943396	0.0483871	0.006689	0.0262172	0.0327273	0.0262391	0.0187266	0.0070423	0.0	0.0	
Osprey	0.0	0.0	0.0	0.0	0.0	0.0	0.0	0.0	0.0015	0.0	0.0	0.0367454	0.0288184	0.0246679	0.0231959	0.0057887	0.0199557	0.0164706	0.0279823	0.0208333	0.0117647	0.0068493	0.0015	0.0	0.0	0.0074627	0.0	0.00625	0.0079365	0.016	0.0285714	0.0436893	0.0397351	0.0614754	0.1331169	0.1492537	0.0403458	0.0429448	0.032345	0.0040323	0.0	0.0	0.0	0.0	0.0	0.0	0.0	0.0	
Golden Eagle	0.0	0.0	0.0	0.0	0.0	0.0	0.0	0.0	0.0	0.0	0.0	0.0	0.0	0.0	0.0	0.0	0.0	0.0	0.0	0.0	0.0	0.0	0.0	0.0	0.0	0.0	0.0	0.0	0.0	0.0	0.0	0.0	0.0	0.0	0.0	0.0	0.0	0.0	0.0026954	0.0	0.0	0.0	0.0	0.0	0.0	0.0	0.0	0.0	
Northern Harrier	0.0	0.0	0.0	0.0	0.0	0.0	0.0	0.0	0.0	0.0	0.0	0.0	0.0	0.0	0.0	0.0	0.0	0.0	0.0	0.0	0.0	0.0	0.0	0.0	0.0	0.0	0.0	0.0	0.0	0.0	0.0	0.0	0.0	0.0	0.0032468	0.0	0.0086455	0.0030675	0.0188679	0.0020161	0.0	0.0015	0.0072727	0.0029155	0.0	0.0	0.0	0.0	
Sharp-shinned Hawk	0.0287081	0.0206186	0.0055866	0.0042017	0.0	0.0	0.0120482	0.0	0.0015	0.0	0.0105263	0.0052493	0.0115274	0.0018975	0.0025773	0.0	0.0011086	0.0	0.0	0.0	0.0	0.0	0.0	0.0	0.0	0.0	0.0	0.0	0.0	0.0	0.0	0.0	0.0	0.0	0.0194805	0.0223881	0.0288184	0.0705521	0.0512129	0.0383065	0.0	0.0224719	0.0181818	0.0291545	0.0074906	0.0211268	0.0015	0.0179487	
Cooper's Hawk	0.1100478	0.0824742	0.1117318	0.0672269	0.1296296	0.1019108	0.0803213	0.0552486	0.054878	0.0366492	0.0631579	0.0341207	0.0345821	0.0170778	0.007732	0.0057887	0.0011086	0.0	0.0014728	0.0052083	0.0	0.0	0.0	0.0	0.0	0.0	0.0	0.0125	0.0	0.0	0.0	0.0097087	0.0066225	0.0	0.0357143	0.0621891	0.0634006	0.1257669	0.1536388	0.1189516	0.1070234	0.0861423	0.2181818	0.1720117	0.1685393	0.1478873	0.1861472	0.2051282	
Sharp-shinned/Cooper's Hawk	0.0	0.0051546	0.0	0.0	0.0061728	0.0063694	0.0	0.0	0.0060976	0.0	0.0015	0.0	0.0	0.0	0.0	0.0	0.0011086	0.0	0.0014728	0.0	0.0	0.0	0.0	0.0	0.0	0.0	0.0	0.0	0.0	0.0	0.0	0.0	0.0	0.0	0.0	0.0049751	0.0086455	0.006135	0.0296496	0.0100806	0.0033445	0.011236	0.0072727	0.0029155	0.0	0.0140845	0.0015	0.0051282	
Accipiter sp.	0.0047847	0.0	0.0	0.0084034	0.0	0.0063694	0.0015	0.0	0.0	0.0015	0.0052632	0.0026247	0.0028818	0.0	0.0	0.0014472	0.0	0.0	0.0	0.0	0.0	0.0	0.0	0.0	0.0	0.0	0.0	0.0	0.0	0.0	0.0	0.0	0.0	0.0	0.0097403	0.0099502	0.0057637	0.0184049	0.0134771	0.0080645	0.0033445	0.0037453	0.0036364	0.0	0.0037453	0.0	0.0	0.0025641	
Bald Eagle	0.0015	0.0051546	0.0111732	0.012605	0.0246914	0.0063694	0.0040161	0.0165746	0.0182927	0.0015	0.0210526	0.0052493	0.0	0.0	0.0051546	0.0057887	0.0044346	0.0	0.0	0.0	0.0	0.0	0.0	0.0	0.0	0.0074627	0.0	0.0	0.0079365	0.0	0.0	0.0048544	0.0	0.0081967	0.012987	0.0671642	0.0144092	0.0368098	0.0512129	0.0362903	0.006689	0.011236	0.0109091	0.0204082	0.011236	0.0035211	0.004329	0.0153846	
Red-shouldered Hawk	0.0143541	0.0154639	0.0055866	0.0	0.0	0.0	0.0	0.0	0.0	0.0104712	0.0	0.0026247	0.0	0.0	0.0	0.0	0.0	0.0	0.0	0.0	0.0	0.0	0.0	0.0	0.0	0.0	0.0	0.0	0.0	0.0	0.0	0.0	0.0	0.0	0.0	0.0	0.0028818	0.006135	0.0377358	0.016129	0.0033445	0.0224719	0.0290909	0.0174927	0.0074906	0.0070423	0.030303	0.0102564	
Broad-winged Hawk	0.0	0.0	0.0	0.0	0.0	0.0	0.0	0.0	0.0	0.0	0.0	0.0	0.0	0.0	0.0	0.0	0.0	0.0	0.0	0.0	0.0	0.0	0.0	0.0	0.0	0.0	0.0	0.0	0.0015	0.0	0.0	0.0	0.0	0.0015	0.0015	0.0497512	0.0115274	0.0092025	0.0015	0.0080645	0.0	0.0037453	0.0	0.0	0.0	0.0	0.0	0.0	
Red-tailed Hawk	0.2679426	0.2680412	0.3463687	0.2563025	0.2716049	0.2611465	0.248996	0.2486188	0.3109756	0.2251309	0.3052632	0.2860892	0.3025937	0.288425	0.3118557	0.23589	0.22949	0.1952941	0.191458	0.1796875	0.2117647	0.2191781	0.2307692	0.1890244	0.1515152	0.1791045	0.2222222	0.16875	0.1349206	0.176	0.1428571	0.1067961	0.1788079	0.1270492	0.1655844	0.2487562	0.2074928	0.2944785	0.296496	0.2157258	0.180602	0.2696629	0.2836364	0.3673469	0.3632959	0.4049296	0.3419913	0.3564103	
Buteo sp.	0.0	0.0	0.0	0.0	0.0	0.0	0.0	0.0055249	0.0	0.0	0.0	0.0	0.0	0.0	0.0	0.0	0.0	0.0	0.0	0.0	0.0	0.0	0.0	0.0	0.0	0.0	0.0	0.0	0.0	0.0	0.0	0.0	0.0	0.0	0.0	0.0049751	0.0	0.0030675	0.0	0.0040323	0.0	0.0	0.0	0.0	0.0	0.0035211	0.0	0.0	
hawk sp.	0.0095694	0.0015	0.0	0.0	0.0061728	0.0	0.0080321	0.0	0.0	0.0104712	0.0052632	0.0	0.0	0.0037951	0.0015	0.0028944	0.0033259	0.0011765	0.0014728	0.0	0.0058824	0.0	0.0	0.0060976	0.0	0.0	0.0	0.0	0.0	0.0	0.0	0.0	0.0066225	0.0	0.0064935	0.0124378	0.0028818	0.0214724	0.0107817	0.0040323	0.0033445	0.0037453	0.0036364	0.0058309	0.011236	0.0	0.004329	0.0	
Barn Owl	0.0	0.0	0.0	0.0	0.0	0.0	0.0	0.0	0.0	0.0	0.0	0.0	0.0	0.1669829	0.1597938	0.0	0.0	0.0	0.0	0.0	0.0	0.0	0.0	0.0	0.0	0.0	0.0	0.0	0.0	0.0	0.0	0.0	0.0	0.0	0.0	0.0	0.0	0.0	0.0	0.0	0.0	0.0	0.0	0.0	0.0	0.0	0.0	0.0	
Eastern Screech-Owl	0.0047847	0.0103093	0.0015	0.0	0.0	0.0	0.0040161	0.0	0.0	0.0	0.0052632	0.0104987	0.0086455	0.0151803	0.0206186	0.0130246	0.0077605	0.0058824	0.0014728	0.0	0.0	0.0	0.0	0.0	0.0	0.0	0.0	0.0	0.0	0.0	0.0	0.0015	0.0066225	0.0	0.0	0.0	0.0	0.0	0.0	0.0	0.0	0.0262172	0.0181818	0.0116618	0.0262172	0.0070423	0.008658	0.0025641	
Great Horned Owl	0.0	0.0051546	0.0	0.0	0.0061728	0.0	0.0	0.0	0.0	0.0	0.0	0.0	0.0086455	0.0	0.0	0.0	0.0	0.0	0.0	0.0	0.0	0.0	0.0	0.0	0.0	0.0	0.0	0.0	0.0	0.0	0.0	0.0	0.0	0.0	0.0	0.0	0.0	0.0	0.0	0.0	0.0	0.0	0.0	0.0	0.0037453	0.2253521	0.1038961	0.1717949	
Snowy Owl	0.0	0.0	0.0	0.0	0.0	0.0	0.0015	0.0	0.0015	0.0	0.0015	0.0	0.0	0.0	0.0	0.0	0.0	0.0	0.0	0.0	0.0	0.0	0.0	0.0	0.0	0.0	0.0	0.0	0.0	0.0	0.0	0.0	0.0	0.0	0.0	0.0	0.0	0.0	0.0	0.0	0.0	0.0	0.0	0.0	0.0	0.0	0.0	0.0	
Barred Owl	0.0	0.0	0.0	0.0	0.0	0.0	0.0	0.0	0.0	0.0	0.0	0.0	0.0	0.0015	0.0	0.0	0.0	0.0	0.0	0.0	0.0	0.0	0.0	0.0	0.0	0.0	0.0	0.0	0.0	0.0	0.0	0.0	0.0	0.0	0.0	0.0024876	0.0	0.0	0.0026954	0.0	0.1237458	0.1310861	0.2145455	0.1924198	0.2322097	0.2359155	0.1038961	0.1307692	
Long-eared Owl	0.0095694	0.0	0.0	0.0	0.0	0.0	0.0	0.0	0.0	0.0	0.0	0.0	0.0	0.0	0.0	0.0	0.0	0.0	0.0	0.0	0.0	0.0	0.0	0.0	0.0	0.0	0.0	0.0	0.0	0.0	0.0	0.0	0.0	0.0	0.0	0.0	0.0	0.0	0.0	0.0	0.0367893	0.0	0.0	0.0058309	0.0187266	0.0	0.0	0.0	
Short-eared Owl	0.0	0.0	0.0	0.0	0.0	0.0	0.0	0.0	0.0	0.0	0.0	0.0	0.0	0.0	0.0	0.0	0.0	0.0	0.0	0.0	0.0	0.0	0.0	0.0	0.0	0.0	0.0	0.0	0.0	0.0	0.0	0.0	0.0	0.0	0.0	0.0	0.0	0.0	0.0	0.0	0.0	0.0	0.0	0.0029155	0.0	0.0	0.0	0.0	
Northern Saw-whet Owl	0.0	0.0	0.0	0.0	0.0	0.0	0.0	0.0	0.0	0.0	0.0	0.0	0.0	0.0	0.0	0.0	0.0	0.0	0.0	0.0	0.0	0.0	0.0	0.0	0.0	0.0	0.0	0.0	0.0	0.0	0.0	0.0	0.0	0.0	0.0	0.0	0.0	0.0	0.0	0.0015	0.0033445	0.0149813	0.0945455	0.1632653	0.1797753	0.1197183	0.1125541	0.2	
Belted Kingfisher	0.0047847	0.0051546	0.0	0.0	0.0	0.0063694	0.0040161	0.0110497	0.0	0.0	0.0052632	0.0052493	0.0144092	0.0189753	0.0103093	0.0361795	0.0099778	0.0015	0.0029455	0.0	0.0	0.0	0.0	0.0	0.010101	0.0	0.0	0.0125	0.0079365	0.024	0.0857143	0.1116505	0.1390728	0.1229508	0.1493506	0.0597015	0.0403458	0.0490798	0.0296496	0.016129	0.0100334	0.0224719	0.0145455	0.0437318	0.0224719	0.0035211	0.004329	0.0076923	
Yellow-bellied Sapsucker	0.0478469	0.0051546	0.0335196	0.0210084	0.0246914	0.0254777	0.060241	0.0055249	0.0182927	0.0104712	0.0315789	0.1076115	0.2132565	0.3567362	0.1881443	0.0738061	0.0266075	0.0058824	0.0073638	0.0	0.0	0.0	0.0	0.0	0.0	0.0	0.0	0.0	0.0	0.0	0.0	0.0	0.0	0.0	0.012987	0.1791045	0.426513	0.5276074	0.4663073	0.2923387	0.1772575	0.1235955	0.0545455	0.058309	0.071161	0.0422535	0.1038961	0.0948718	
Red-headed Woodpecker	0.0	0.0	0.0	0.0	0.0	0.0	0.0	0.0	0.0	0.0	0.0	0.0	0.0	0.0	0.0015	0.0	0.0609756	0.0082353	0.0	0.0	0.0	0.0	0.0	0.0	0.0	0.0	0.0	0.0	0.0	0.0	0.0	0.0	0.0	0.0040984	0.0	0.0	0.0028818	0.0	0.0	0.0	0.0	0.0	0.0	0.0	0.0	0.0	0.0	0.0	
Red-bellied Woodpecker	0.1961722	0.1030928	0.122905	0.1470588	0.154321	0.1528662	0.1325301	0.1381215	0.1829268	0.1570681	0.2052632	0.2467192	0.2680115	0.2751423	0.2731959	0.3849493	0.4379157	0.3776471	0.2768778	0.3098958	0.1235294	0.1232877	0.0846154	0.1219512	0.1111111	0.0746269	0.0707071	0.1	0.1507937	0.208	0.2071429	0.1650485	0.205298	0.1516393	0.2045455	0.2910448	0.3832853	0.4263804	0.4636119	0.3709677	0.367893	0.4382022	0.4218182	0.3965015	0.411985	0.4049296	0.3376623	0.4128205	
Downy Woodpecker	0.2870813	0.2216495	0.2346369	0.2352941	0.2530864	0.1910828	0.2048193	0.1878453	0.2439024	0.2198953	0.2368421	0.2939633	0.3198847	0.3187856	0.3170103	0.4356006	0.3736142	0.3341176	0.2253314	0.234375	0.0941176	0.1027397	0.0846154	0.0670732	0.1919192	0.0895522	0.0606061	0.11875	0.1587302	0.144	0.2071429	0.1407767	0.192053	0.1270492	0.2207792	0.2014925	0.204611	0.1472393	0.1320755	0.1209677	0.1438127	0.1910112	0.1818182	0.1457726	0.1722846	0.2007042	0.1471861	0.1923077	
Hairy Woodpecker	0.0095694	0.0	0.0055866	0.0084034	0.0123457	0.0127389	0.0080321	0.0165746	0.0426829	0.0209424	0.0157895	0.0131234	0.0086455	0.0208729	0.0103093	0.0144718	0.0166297	0.02	0.0265096	0.0104167	0.0	0.0068493	0.0	0.0060976	0.0015	0.0074627	0.010101	0.00625	0.0238095	0.032	0.05	0.0048544	0.0397351	0.0081967	0.0681818	0.0174129	0.0259366	0.0214724	0.0296496	0.0040323	0.0133779	0.011236	0.0145455	0.0116618	0.0074906	0.0211268	0.004329	0.0384615	
Downy/Hairy Woodpecker	0.0047847	0.0	0.0	0.0042017	0.0061728	0.0	0.0	0.0	0.0	0.0104712	0.0	0.0026247	0.0057637	0.0018975	0.0025773	0.0028944	0.0033259	0.0023529	0.0	0.0026042	0.0	0.0	0.0	0.0	0.0	0.0	0.0	0.0	0.0	0.0	0.0	0.0	0.0	0.0040984	0.0	0.0	0.0	0.0	0.0080863	0.0015	0.0033445	0.0	0.0	0.0029155	0.0	0.0	0.0	0.0	
Northern Flicker	0.0239234	0.0206186	0.0111732	0.012605	0.0246914	0.0191083	0.0321285	0.0165746	0.0121951	0.0015	0.0210526	0.1732283	0.3919308	0.4933586	0.4458763	0.4992764	0.3580931	0.2658824	0.1605302	0.2083333	0.1	0.109589	0.0692308	0.1463415	0.1212121	0.0820896	0.1212121	0.10625	0.1349206	0.272	0.2928571	0.2475728	0.3178808	0.3237705	0.4155844	0.4950249	0.4697406	0.4478528	0.3989218	0.2822581	0.1638796	0.1348315	0.0872727	0.0262391	0.0561798	0.0211268	0.021645	0.0358974	
woodpecker sp.	0.0	0.0	0.0	0.0084034	0.0061728	0.0	0.0	0.0	0.0060976	0.0	0.0052632	0.0026247	0.0086455	0.0075901	0.0025773	0.0115774	0.0088692	0.0047059	0.0014728	0.0078125	0.0	0.0068493	0.0	0.0121951	0.0	0.0074627	0.010101	0.0	0.0079365	0.0	0.0	0.0	0.0	0.0040984	0.0	0.0	0.0086455	0.0092025	0.0	0.0020161	0.0033445	0.0037453	0.0	0.0	0.0	0.0	0.004329	0.0015	
American Kestrel	0.0334928	0.0515464	0.0893855	0.0210084	0.0246914	0.0573248	0.0401606	0.0276243	0.0182927	0.0157068	0.0421053	0.015748	0.0432277	0.0227704	0.0438144	0.0506512	0.0776053	0.0258824	0.011782	0.0026042	0.0058824	0.0068493	0.0076923	0.054878	0.040404	0.0746269	0.0909091	0.025	0.0079365	0.032	0.0642857	0.092233	0.0662252	0.0491803	0.1201299	0.1144279	0.0720461	0.1380368	0.1078167	0.1129032	0.0367893	0.1198502	0.04	0.0524781	0.0599251	0.1021127	0.0519481	0.0615385	
Merlin	0.0047847	0.0051546	0.027933	0.0336134	0.0185185	0.0063694	0.0080321	0.0165746	0.0060976	0.0209424	0.0157895	0.0026247	0.0144092	0.0094877	0.0206186	0.0	0.0	0.0	0.0	0.0	0.0	0.0	0.0	0.0	0.0	0.0	0.0	0.0	0.0	0.0	0.0	0.0	0.0	0.0015	0.0357143	0.0149254	0.0201729	0.0184049	0.0107817	0.0120968	0.006689	0.0074906	0.0254545	0.0349854	0.0337079	0.0176056	0.034632	0.0128205	
Peregrine Falcon	0.0574163	0.0309278	0.0837989	0.0504202	0.0925926	0.0636943	0.0321285	0.038674	0.0670732	0.052356	0.0473684	0.015748	0.0172911	0.0265655	0.0257732	0.024602	0.0221729	0.0164706	0.0191458	0.03125	0.0235294	0.0342466	0.0153846	0.0426829	0.010101	0.0074627	0.010101	0.00625	0.0	0.032	0.05	0.0145631	0.0264901	0.0245902	0.0324675	0.039801	0.0259366	0.0582822	0.0700809	0.0342742	0.0468227	0.0074906	0.0327273	0.0349854	0.0374532	0.0352113	0.017316	0.1102564	
large falcon sp.	0.0	0.0	0.0	0.0	0.0	0.0	0.0	0.0	0.0	0.0	0.0	0.0	0.0	0.0	0.0	0.0	0.0	0.0	0.0	0.0	0.0	0.0	0.0	0.0	0.0	0.0	0.0	0.0	0.0	0.0	0.0	0.0	0.0	0.0	0.0	0.0	0.0	0.0	0.0026954	0.0	0.0	0.0	0.0	0.0	0.0	0.0	0.0	0.0	
small falcon sp.	0.0	0.0	0.0	0.0	0.0	0.0	0.0	0.0	0.0	0.0	0.0	0.0	0.0	0.0	0.0	0.0	0.0	0.0	0.0	0.0	0.0	0.0	0.0	0.0	0.0	0.0	0.0	0.0	0.0	0.0	0.0	0.0	0.0	0.0	0.0	0.0024876	0.0057637	0.0	0.0026954	0.0	0.0	0.0	0.0	0.0087464	0.0	0.0070423	0.004329	0.0	
falcon sp.	0.0	0.0	0.0	0.0	0.0	0.0	0.0	0.0	0.0	0.0	0.0	0.0	0.0	0.0	0.0	0.0	0.0	0.0	0.0	0.0	0.0	0.0	0.0	0.0	0.0	0.0	0.0	0.0	0.0	0.008	0.0	0.0	0.0	0.0	0.0032468	0.0024876	0.0	0.0	0.0	0.0	0.0	0.0	0.0	0.0	0.0	0.0	0.004329	0.0	
diurnal raptor sp.	0.0	0.0	0.0015	0.0	0.0	0.0063694	0.0040161	0.0	0.0	0.0	0.0	0.0	0.0	0.0018975	0.0	0.0	0.0011086	0.0	0.0	0.0	0.0	0.0	0.0	0.0	0.010101	0.0074627	0.0	0.0	0.0	0.0	0.0	0.0	0.0	0.0	0.0	0.0	0.0	0.0030675	0.0080863	0.0	0.0	0.0	0.0	0.0	0.0	0.0	0.0	0.0025641	
Monk Parakeet	0.0	0.0	0.0	0.0	0.0	0.0	0.0	0.0	0.0	0.0	0.0	0.0	0.0	0.0	0.0	0.0	0.0011086	0.0	0.0014728	0.0	0.0	0.0	0.0	0.0	0.0	0.0	0.0	0.0	0.0	0.0	0.0	0.0	0.0	0.0	0.0	0.0024876	0.0	0.0	0.0	0.0040323	0.0	0.0	0.0	0.0	0.0	0.0	0.0	0.0	
Olive-sided Flycatcher	0.0	0.0	0.0	0.0	0.0	0.0	0.0	0.0	0.0	0.0	0.0	0.0	0.0	0.0	0.0	0.0	0.0011086	0.0447059	0.0618557	0.015625	0.0117647	0.0	0.0	0.0	0.0	0.0	0.0	0.0	0.0079365	0.0	0.0142857	0.0145631	0.0	0.0040984	0.0032468	0.0	0.0	0.0	0.0	0.0	0.0	0.0	0.0	0.0	0.0	0.0	0.0	0.0	
Eastern Wood-Pewee	0.0	0.0	0.0	0.0	0.0	0.0	0.0	0.0	0.0	0.0	0.0	0.0	0.0	0.0	0.0	0.0028944	0.0254989	0.1552941	0.2017673	0.2421875	0.0117647	0.0	0.0	0.0121951	0.0	0.0	0.010101	0.0	0.0	0.032	0.05	0.0582524	0.1324503	0.2254098	0.1883117	0.1840796	0.1354467	0.0460123	0.0026954	0.0241935	0.0	0.0	0.0	0.0	0.0	0.0	0.0	0.0	
pewee sp. (Contopus sp.)	0.0	0.0	0.0	0.0	0.0	0.0	0.0	0.0	0.0	0.0	0.0	0.0	0.0	0.0	0.0	0.0	0.0	0.0	0.0	0.0	0.0	0.0	0.0	0.0	0.0	0.0	0.0	0.0	0.0	0.0	0.0	0.0	0.0	0.0	0.0	0.0015	0.0	0.0	0.0	0.0	0.0	0.0	0.0	0.0	0.0	0.0	0.0	0.0	
Yellow-bellied Flycatcher	0.0	0.0	0.0	0.0	0.0	0.0	0.0	0.0	0.0	0.0	0.0	0.0	0.0	0.0	0.0	0.0	0.0011086	0.0082353	0.0353461	0.0416667	0.0117647	0.0	0.0	0.0	0.0	0.0	0.0	0.0	0.0	0.0	0.0	0.0	0.0	0.0491803	0.0064935	0.0049751	0.0	0.0	0.0	0.0	0.0	0.0	0.0	0.0	0.0	0.0	0.0	0.0	
Acadian Flycatcher	0.0	0.0	0.0	0.0	0.0	0.0	0.0	0.0	0.0	0.0	0.0	0.0	0.0	0.0	0.0	0.0	0.0	0.0105882	0.017673	0.0286458	0.0	0.0068493	0.0	0.0	0.0	0.0	0.0	0.0	0.0	0.0	0.0	0.0	0.0	0.0	0.0	0.0	0.0	0.0	0.0	0.0	0.0	0.0	0.0	0.0	0.0	0.0	0.0	0.0	
Alder Flycatcher	0.0	0.0	0.0	0.0	0.0	0.0	0.0	0.0	0.0	0.0	0.0	0.0	0.0	0.0	0.0	0.0	0.0	0.0015	0.005891	0.0052083	0.0058824	0.0	0.0	0.0	0.0	0.0	0.0	0.0	0.0	0.0	0.0071429	0.0	0.0	0.0	0.0	0.0	0.0	0.0	0.0	0.0	0.0	0.0	0.0	0.0	0.0	0.0	0.0	0.0	
Willow Flycatcher	0.0	0.0	0.0	0.0	0.0	0.0	0.0	0.0	0.0	0.0	0.0	0.0	0.0	0.0	0.0	0.0	0.0	0.0023529	0.005891	0.0078125	0.0	0.0	0.0	0.0	0.0	0.0	0.0	0.0	0.0	0.0	0.0	0.0	0.0	0.0	0.0	0.0	0.0	0.0	0.0	0.0	0.0	0.0	0.0	0.0	0.0	0.0	0.0	0.0	
Alder/Willow Flycatcher (Traill's Flycatcher)	0.0	0.0	0.0	0.0	0.0	0.0	0.0	0.0	0.0	0.0	0.0	0.0	0.0	0.0	0.0	0.0	0.0	0.0035294	0.0044183	0.0026042	0.0	0.0	0.0	0.0	0.0	0.0	0.0	0.0	0.0	0.0	0.0214286	0.0	0.0	0.0081967	0.0032468	0.0024876	0.0	0.0	0.0	0.0	0.0	0.0	0.0	0.0	0.0	0.0	0.0	0.0	
Least Flycatcher	0.0	0.0	0.0	0.0	0.0	0.0	0.0	0.0	0.0	0.0	0.0	0.0	0.0	0.0	0.0	0.0	0.037694	0.1152941	0.0795287	0.0260417	0.0	0.0	0.0	0.0	0.0	0.0	0.0	0.0	0.0	0.0	0.0071429	0.0097087	0.013245	0.0163934	0.0194805	0.0099502	0.0028818	0.006135	0.0	0.0	0.0	0.0	0.0	0.0	0.0	0.0	0.0	0.0	
Empidonax sp.	0.0	0.0	0.0	0.0	0.0	0.0	0.0	0.0	0.0	0.0	0.0	0.0	0.0	0.0	0.0	0.0014472	0.0088692	0.0494118	0.0810015	0.0520833	0.0176471	0.0136986	0.0	0.0	0.0	0.0	0.010101	0.0	0.0	0.04	0.0142857	0.0339806	0.0198675	0.0696721	0.0551948	0.0149254	0.0	0.0	0.0026954	0.0020161	0.0	0.0	0.0	0.0	0.0	0.0	0.0	0.0	
Eastern Phoebe	0.0	0.0	0.0	0.0	0.0	0.0015	0.0	0.0	0.0304878	0.0	0.0052632	0.152231	0.3314121	0.3927894	0.1082474	0.0434153	0.0055432	0.0129412	0.0073638	0.0104167	0.0	0.0	0.0	0.0	0.0	0.0	0.010101	0.0	0.015873	0.008	0.0	0.0015	0.0066225	0.0245902	0.1168831	0.2164179	0.29683	0.3711656	0.277628	0.2762097	0.1839465	0.0674157	0.0036364	0.0029155	0.0	0.0	0.008658	0.0051282	
Great Crested Flycatcher	0.0	0.0	0.0	0.0	0.0	0.0	0.0	0.0	0.0	0.0	0.0	0.0	0.0	0.0	0.0	0.0115774	0.1618625	0.2447059	0.1310751	0.1666667	0.0588235	0.0410959	0.0230769	0.0121951	0.0	0.0074627	0.010101	0.01875	0.0396825	0.04	0.0928571	0.0776699	0.0397351	0.1516393	0.0357143	0.0124378	0.0	0.0	0.0	0.0	0.0033445	0.0	0.0	0.0	0.0	0.0	0.0	0.0	
Myiarchus sp.	0.0	0.0	0.0	0.0	0.0	0.0	0.0	0.0	0.0	0.0	0.0	0.0	0.0	0.0	0.0	0.0	0.0	0.0	0.0	0.0	0.0	0.0	0.0	0.0	0.0	0.0	0.0	0.0	0.0	0.0	0.0	0.0	0.0	0.0	0.0	0.0	0.0	0.0	0.0	0.0015	0.0	0.0	0.0	0.0	0.0	0.0	0.0	0.0	
Eastern Kingbird	0.0	0.0	0.0	0.0	0.0	0.0	0.0	0.0	0.0	0.0	0.0	0.0	0.0	0.0	0.0	0.0130246	0.1818182	0.1482353	0.095729	0.125	0.1117647	0.0753425	0.1	0.1280488	0.1515152	0.0820896	0.0808081	0.14375	0.1428571	0.176	0.1785714	0.0728155	0.0397351	0.0327869	0.0032468	0.0024876	0.0	0.0	0.0026954	0.0	0.0	0.0	0.0	0.0	0.0	0.0	0.0	0.0	
flycatcher sp. (Tyrannidae sp.)	0.0	0.0	0.0	0.0	0.0	0.0	0.0	0.0	0.0	0.0	0.0	0.0	0.0	0.0	0.0	0.0	0.0	0.0	0.0014728	0.0026042	0.0	0.0	0.0	0.0	0.0	0.0	0.0	0.0	0.0	0.0	0.0	0.0	0.0	0.0	0.0	0.0049751	0.0028818	0.006135	0.0015	0.0020161	0.0	0.0	0.0	0.0	0.0	0.0	0.0	0.0	
White-eyed Vireo	0.0	0.0	0.0	0.0	0.0	0.0	0.0	0.0	0.0	0.0	0.0	0.0	0.0	0.0056926	0.0025773	0.0	0.0288248	0.0117647	0.005891	0.0	0.0	0.0	0.0	0.0	0.0	0.0	0.0	0.0	0.0	0.0	0.0	0.0048544	0.0	0.0040984	0.0032468	0.0	0.0028818	0.0	0.0	0.0	0.0	0.0	0.0	0.0	0.0	0.0	0.0	0.0	
Yellow-throated Vireo	0.0	0.0	0.0	0.0	0.0	0.0	0.0	0.0	0.0	0.0	0.0	0.0	0.0	0.0	0.0	0.0101302	0.0576497	0.0505882	0.0088365	0.0052083	0.0	0.0	0.0	0.0	0.0	0.0	0.0	0.0	0.0	0.0	0.0	0.0	0.013245	0.0	0.0	0.0	0.0086455	0.0030675	0.0026954	0.0	0.0	0.0	0.0	0.0	0.0	0.0	0.0	0.0	
Blue-headed Vireo	0.0	0.0	0.0	0.0	0.0	0.0	0.0	0.0	0.0	0.0	0.0	0.0	0.0	0.0170778	0.0463918	0.2691751	0.3403548	0.1941176	0.083947	0.015625	0.0	0.0	0.0	0.0	0.0	0.0	0.0	0.0	0.0	0.0	0.0	0.0	0.0	0.0	0.0292208	0.0721393	0.0864553	0.1564417	0.1617251	0.0806452	0.0133779	0.0074906	0.0	0.0	0.0	0.0	0.0	0.0	
Philadelphia Vireo	0.0	0.0	0.0	0.0	0.0	0.0	0.0	0.0	0.0	0.0	0.0	0.0	0.0	0.0	0.0	0.0	0.0	0.0023529	0.005891	0.0078125	0.0	0.0	0.0	0.0	0.0	0.0	0.0	0.0	0.0	0.0	0.0	0.0	0.0	0.0	0.0	0.0	0.0	0.0	0.0	0.0	0.0	0.0	0.0	0.0	0.0	0.0	0.0	0.0	
Warbling Vireo	0.0	0.0	0.0	0.0	0.0	0.0	0.0	0.0	0.0	0.0	0.0	0.0	0.0	0.0	0.0	0.0014472	0.2616408	0.2752941	0.2238586	0.2916667	0.2058824	0.1575342	0.1307692	0.1463415	0.1111111	0.0820896	0.0606061	0.025	0.0555556	0.08	0.0857143	0.0339806	0.0927152	0.0655738	0.0162338	0.0024876	0.0	0.0	0.0	0.0	0.0	0.0	0.0	0.0	0.0	0.0	0.0	0.0	
Philadelphia/Warbling Vireo	0.0	0.0	0.0	0.0	0.0	0.0	0.0	0.0	0.0	0.0	0.0	0.0	0.0	0.0	0.0	0.0	0.0	0.0011765	0.0	0.0	0.0	0.0	0.0	0.0	0.0	0.0	0.0	0.0	0.0	0.0	0.0	0.0048544	0.0	0.0	0.0	0.0	0.0028818	0.0	0.0	0.0	0.0	0.0	0.0	0.0	0.0	0.0	0.0	0.0	
Red-eyed Vireo	0.0	0.0	0.0	0.0	0.0	0.0	0.0	0.0	0.0	0.0	0.0	0.0	0.0	0.0	0.0	0.0028944	0.1053215	0.2670588	0.2106038	0.25	0.0235294	0.0136986	0.0	0.0060976	0.0	0.0149254	0.0	0.00625	0.0	0.048	0.05	0.0582524	0.1390728	0.2377049	0.1948052	0.221393	0.0979827	0.0613497	0.0	0.0040323	0.0	0.0	0.0	0.0	0.0	0.0	0.0	0.0	
vireo sp.	0.0	0.0	0.0	0.0	0.0	0.0	0.0	0.0	0.0	0.0	0.0	0.0	0.0	0.0	0.0	0.0015	0.0	0.0011765	0.0014728	0.0	0.0	0.0	0.0	0.0	0.0	0.0	0.0	0.0	0.0	0.0	0.0	0.0	0.0066225	0.0040984	0.0032468	0.0	0.0028818	0.0	0.0	0.0	0.0	0.0	0.0	0.0	0.0	0.0	0.0	0.0	
Blue Jay	0.5263158	0.4226804	0.4636872	0.4915966	0.4506173	0.4713376	0.4899598	0.4972376	0.5304878	0.3979058	0.5368421	0.6036745	0.6080692	0.6318786	0.621134	0.6787265	0.6906874	0.5964706	0.4786451	0.5234375	0.3705882	0.4383562	0.3923077	0.4573171	0.3737374	0.4029851	0.4848485	0.39375	0.515873	0.552	0.5285714	0.592233	0.5496689	0.5122951	0.5779221	0.7064677	0.7694524	0.7177914	0.7061995	0.5745968	0.6287625	0.6217228	0.6872727	0.6268222	0.670412	0.6690141	0.6060606	0.6410256	
American Crow	0.2200957	0.1494845	0.2402235	0.1764706	0.1358025	0.1656051	0.1204819	0.1270718	0.1280488	0.0942408	0.1315789	0.1417323	0.0662824	0.0588235	0.0721649	0.081042	0.0543237	0.08	0.0589102	0.046875	0.0235294	0.0684932	0.0769231	0.0853659	0.1010101	0.0597015	0.040404	0.04375	0.0396825	0.048	0.0285714	0.0533981	0.0794702	0.045082	0.0681818	0.0572139	0.1066282	0.1196319	0.1509434	0.1451613	0.090301	0.0786517	0.1272727	0.1370262	0.1235955	0.193662	0.1168831	0.1794872	
Fish Crow	0.0047847	0.0257732	0.0055866	0.0084034	0.0123457	0.0	0.0	0.0	0.0060976	0.026178	0.0157895	0.0288714	0.0086455	0.0189753	0.0283505	0.0173661	0.0343681	0.0270588	0.0309278	0.0572917	0.0882353	0.0684932	0.1307692	0.1219512	0.1111111	0.0447761	0.0505051	0.0875	0.0396825	0.072	0.0428571	0.0097087	0.013245	0.0	0.0032468	0.0024876	0.0028818	0.006135	0.0053908	0.0060484	0.0033445	0.0037453	0.0	0.0	0.0	0.0	0.004329	0.0	
crow sp.	0.0239234	0.0257732	0.0055866	0.0084034	0.0061728	0.0063694	0.0200803	0.0220994	0.0	0.0052356	0.0157895	0.0131234	0.0201729	0.0132827	0.0154639	0.0188133	0.0055432	0.0094118	0.0103093	0.0104167	0.0176471	0.0205479	0.0230769	0.0060976	0.020202	0.0074627	0.0	0.00625	0.0	0.008	0.0	0.0	0.013245	0.0040984	0.0	0.0074627	0.0115274	0.0092025	0.0107817	0.0060484	0.006689	0.011236	0.0109091	0.0116618	0.0037453	0.0	0.0	0.0025641	
Common Raven	0.0239234	0.0206186	0.0055866	0.0168067	0.0061728	0.0127389	0.0120482	0.0220994	0.0304878	0.0157068	0.0157895	0.0104987	0.0028818	0.0056926	0.0015	0.0057887	0.0077605	0.0023529	0.0044183	0.0104167	0.0	0.0136986	0.0015	0.0	0.020202	0.0149254	0.0	0.0	0.0	0.008	0.0071429	0.0048544	0.0066225	0.0081967	0.0097403	0.0099502	0.0144092	0.0306748	0.0188679	0.0241935	0.0033445	0.0074906	0.0181818	0.0087464	0.0074906	0.0070423	0.012987	0.0102564	
Black-capped Chickadee	0.0574163	0.0309278	0.0502793	0.0840336	0.0617284	0.0318471	0.0682731	0.0607735	0.0914634	0.0628272	0.0578947	0.0551181	0.0489914	0.0493359	0.0283505	0.0376266	0.0399113	0.0270588	0.0265096	0.0182292	0.0	0.0068493	0.0	0.0121951	0.010101	0.0	0.0	0.00625	0.0	0.0	0.0142857	0.0015	0.0	0.0122951	0.0	0.0024876	0.0115274	0.1472393	0.2102426	0.1310484	0.2809365	0.3333333	0.2836364	0.2390671	0.2808989	0.306338	0.1991342	0.2589744	
Tufted Titmouse	0.1674641	0.1649485	0.1173184	0.1554622	0.1296296	0.1146497	0.1285141	0.1160221	0.1402439	0.1151832	0.1315789	0.1548556	0.129683	0.1062619	0.0953608	0.1085384	0.0587583	0.0317647	0.0235641	0.0026042	0.0176471	0.0136986	0.0076923	0.0060976	0.0	0.0	0.0	0.00625	0.0079365	0.008	0.0142857	0.0097087	0.013245	0.0163934	0.0032468	0.0049751	0.1008646	0.3619632	0.4959569	0.4153226	0.5317726	0.5243446	0.5381818	0.4897959	0.5430712	0.5704225	0.5064935	0.5897436	
Horned Lark	0.0	0.0	0.0	0.0	0.0	0.0	0.0	0.0	0.0	0.0	0.0	0.0	0.0	0.0	0.0	0.0	0.0	0.0	0.0	0.0	0.0	0.0	0.0	0.0	0.0	0.0	0.0	0.0	0.0	0.0	0.0	0.0	0.0	0.0	0.0	0.0	0.0	0.0	0.0	0.0	0.0	0.0015	0.0	0.0029155	0.0037453	0.0	0.0	0.0	
Northern Rough-winged Swallow	0.0	0.0	0.0	0.0	0.0	0.0	0.0	0.0	0.0	0.0	0.0	0.0026247	0.0144092	0.0151803	0.1494845	0.1259045	0.0465632	0.1058824	0.10162	0.0911458	0.0529412	0.0479452	0.0153846	0.0487805	0.030303	0.0	0.020202	0.00625	0.015873	0.0	0.0	0.0	0.0	0.0	0.0	0.0	0.0	0.0	0.0	0.0	0.0	0.0	0.0	0.0	0.0	0.0	0.0	0.0	
Purple Martin	0.0	0.0	0.0	0.0	0.0	0.0	0.0	0.0	0.0	0.0	0.0	0.0	0.0	0.0	0.0	0.0014472	0.0011086	0.0	0.0	0.0	0.0	0.0	0.0	0.0	0.0	0.0	0.0	0.0	0.0	0.0	0.0	0.0	0.0	0.0	0.0	0.0	0.0	0.0	0.0	0.0	0.0	0.0	0.0	0.0	0.0	0.0	0.0	0.0	
Tree Swallow	0.0	0.0	0.0	0.0	0.0	0.0	0.0	0.0	0.0	0.0	0.0	0.0026247	0.0057637	0.0037951	0.0927835	0.0767004	0.056541	0.1023529	0.10162	0.0859375	0.0647059	0.0821918	0.1153846	0.1097561	0.0606061	0.0149254	0.010101	0.0125	0.0	0.024	0.0071429	0.0048544	0.0	0.0	0.0097403	0.0074627	0.0057637	0.006135	0.0026954	0.0040323	0.006689	0.0037453	0.0036364	0.0	0.0	0.0	0.0	0.0	
Bank Swallow	0.0	0.0	0.0	0.0	0.0	0.0	0.0	0.0	0.0	0.0	0.0	0.0	0.0	0.0	0.0	0.0	0.0	0.0	0.0279823	0.0026042	0.0	0.0	0.0	0.0	0.0	0.0	0.0	0.0	0.0	0.0	0.0	0.0	0.0	0.0	0.0	0.0	0.0	0.0	0.0	0.0	0.0	0.0	0.0	0.0	0.0	0.0	0.0	0.0	
Barn Swallow	0.0	0.0	0.0	0.0	0.0	0.0	0.0	0.0	0.0	0.0	0.0	0.0	0.0	0.0037951	0.1262887	0.1591896	0.1341463	0.2705882	0.2371134	0.2604167	0.2058824	0.1917808	0.2461538	0.2804878	0.2424242	0.2089552	0.1515152	0.26875	0.1587302	0.232	0.1928571	0.0485437	0.0066225	0.0015	0.0032468	0.0	0.0086455	0.0030675	0.0	0.0020161	0.0	0.0	0.0	0.0	0.0	0.0	0.0	0.0	
Cliff Swallow	0.0	0.0	0.0	0.0	0.0	0.0	0.0	0.0	0.0	0.0	0.0	0.0	0.0	0.0	0.0	0.0	0.0015	0.0188235	0.0309278	0.0052083	0.0	0.0	0.0	0.0	0.0	0.0	0.0	0.0	0.0	0.0	0.0	0.0	0.0	0.0	0.0032468	0.0	0.0	0.0	0.0	0.0	0.0	0.0	0.0	0.0	0.0	0.0	0.0	0.0	
swallow sp.	0.0	0.0	0.0	0.0	0.0	0.0	0.0040161	0.0	0.0	0.0	0.0	0.0026247	0.0115274	0.0	0.0180412	0.0072359	0.0133038	0.0105882	0.0162003	0.0182292	0.0117647	0.0068493	0.0230769	0.0182927	0.010101	0.0149254	0.0	0.00625	0.015873	0.0	0.0071429	0.0	0.0	0.0040984	0.0032468	0.0	0.0057637	0.0	0.0053908	0.0	0.0	0.0	0.0	0.0	0.0	0.0	0.0	0.0	
Ruby-crowned Kinglet	0.0047847	0.0051546	0.0055866	0.0042017	0.0	0.0063694	0.0040161	0.0055249	0.0060976	0.0	0.0052632	0.0262467	0.0778098	0.3510436	0.4948454	0.5180897	0.4922395	0.0858824	0.0103093	0.0	0.0	0.0	0.0	0.0	0.0	0.0	0.0	0.0	0.0	0.0	0.0	0.0	0.0	0.0	0.0162338	0.0522388	0.1613833	0.3282209	0.5444744	0.5544355	0.4916388	0.3183521	0.1890909	0.0553936	0.0674157	0.0035211	0.008658	0.0051282	
Golden-crowned Kinglet	0.062201	0.0360825	0.0391061	0.0588235	0.0246914	0.0191083	0.0160643	0.038674	0.0670732	0.0052356	0.0315789	0.2125984	0.2881844	0.2903226	0.1262887	0.0289436	0.0044346	0.0	0.0014728	0.0	0.0	0.0	0.0	0.0	0.0	0.0	0.0	0.0	0.0	0.0	0.0	0.0	0.0	0.0	0.0	0.0024876	0.0345821	0.2392638	0.3557951	0.2540323	0.2107023	0.17603	0.0945455	0.0291545	0.0337079	0.0035211	0.004329	0.0	
Ruby-crowned/Golden-crowned Kinglet	0.0	0.0051546	0.0	0.0	0.0	0.0	0.0	0.0	0.0	0.0	0.0	0.0	0.0	0.0	0.0	0.0	0.0	0.0	0.0	0.0	0.0	0.0	0.0	0.0	0.0	0.0	0.0	0.0	0.0	0.0	0.0	0.0	0.0	0.0	0.0	0.0	0.0	0.0030675	0.0026954	0.0	0.006689	0.0	0.0036364	0.0029155	0.0	0.0	0.0	0.0	
Red-breasted Nuthatch	0.0	0.0	0.0	0.0	0.0061728	0.0063694	0.0	0.0	0.0	0.0	0.0	0.0026247	0.0028818	0.0	0.0	0.0	0.0	0.0	0.0	0.0	0.0	0.0	0.0	0.0015	0.020202	0.0149254	0.0	0.0125	0.0079365	0.016	0.0015	0.0825243	0.1788079	0.1762295	0.237013	0.2288557	0.2507205	0.2576687	0.1644205	0.0725806	0.0735786	0.0861423	0.0581818	0.0699708	0.082397	0.1021127	0.0562771	0.0512821	
White-breasted Nuthatch	0.1866029	0.0979381	0.122905	0.1218487	0.1604938	0.089172	0.1164659	0.1270718	0.1341463	0.104712	0.1315789	0.1312336	0.1325648	0.1119545	0.0541237	0.1027496	0.1108647	0.0835294	0.0368189	0.0572917	0.0352941	0.0068493	0.0	0.0121951	0.020202	0.0149254	0.030303	0.0125	0.0555556	0.04	0.0857143	0.0485437	0.0860927	0.0532787	0.0909091	0.1318408	0.2680115	0.392638	0.425876	0.2983871	0.3578595	0.3707865	0.3854545	0.2857143	0.3895131	0.3697183	0.3549784	0.4025641	
Brown Creeper	0.0478469	0.0670103	0.0502793	0.0630252	0.0617284	0.0573248	0.0722892	0.0552486	0.1219512	0.0471204	0.1105263	0.1312336	0.1412104	0.1518027	0.1159794	0.0318379	0.0011086	0.0	0.0	0.0	0.0	0.0	0.0	0.0	0.0	0.0	0.0	0.0	0.0	0.0	0.0	0.0	0.0	0.0	0.0	0.0174129	0.0576369	0.1871166	0.2803235	0.1975806	0.1638796	0.1273408	0.0945455	0.0116618	0.011236	0.0387324	0.025974	0.0179487	
Blue-gray Gnatcatcher	0.0	0.0	0.0	0.0	0.0	0.0	0.0	0.0	0.0	0.0	0.0	0.0	0.0605187	0.0759013	0.0927835	0.2474674	0.2572062	0.0435294	0.0132548	0.0052083	0.0	0.0068493	0.0	0.0	0.0	0.0	0.0	0.0	0.0	0.024	0.1071429	0.0339806	0.0596026	0.0942623	0.0194805	0.0223881	0.0057637	0.0	0.0	0.0	0.0	0.0	0.0	0.0	0.0	0.0	0.0	0.0	
House Wren	0.0	0.0	0.0	0.0	0.0	0.0	0.0	0.0	0.0	0.0	0.0	0.0	0.0	0.0113852	0.0051546	0.0709117	0.1796009	0.08	0.0603829	0.0234375	0.0411765	0.0410959	0.0461538	0.0182927	0.040404	0.0223881	0.030303	0.01875	0.0	0.048	0.0214286	0.0242718	0.0264901	0.0696721	0.1006494	0.2064677	0.0835735	0.0920245	0.0485175	0.0302419	0.0033445	0.0	0.0	0.0029155	0.0	0.0015	0.0	0.0	
Winter Wren	0.0	0.0	0.0111732	0.0	0.0061728	0.0	0.0040161	0.0	0.0060976	0.0052356	0.0	0.0262467	0.0634006	0.0702087	0.0154639	0.0332851	0.0254989	0.0058824	0.0	0.0	0.0	0.0	0.0	0.0	0.0	0.0	0.0	0.0	0.0	0.0	0.0	0.0	0.0	0.0040984	0.0064935	0.0348259	0.0489914	0.1288344	0.1886792	0.1209677	0.1270903	0.0786517	0.0581818	0.0233236	0.0299625	0.0316901	0.034632	0.0051282	
Marsh Wren	0.0	0.0	0.0	0.0	0.0	0.0	0.0	0.0	0.0	0.0	0.0	0.0	0.0	0.0	0.0	0.0130246	0.0044346	0.0	0.0	0.0	0.0	0.0	0.0	0.0	0.0	0.0	0.0	0.0	0.0	0.008	0.0	0.0	0.0	0.0122951	0.0	0.0248756	0.0	0.0030675	0.0	0.0	0.0	0.0	0.0	0.0	0.0	0.0	0.0	0.0	
Carolina Wren	0.0143541	0.0154639	0.0167598	0.012605	0.0123457	0.0063694	0.0120482	0.0165746	0.0426829	0.0104712	0.0105263	0.0131234	0.0317003	0.0246679	0.0283505	0.0390738	0.0343681	0.0305882	0.0191458	0.03125	0.0294118	0.0068493	0.0153846	0.0121951	0.0	0.0298507	0.040404	0.0125	0.0079365	0.104	0.1071429	0.1116505	0.1324503	0.0614754	0.0487013	0.0248756	0.0201729	0.0306748	0.0242588	0.0141129	0.0234114	0.0449438	0.0254545	0.0291545	0.0486891	0.0352113	0.030303	0.0487179	
wren sp.	0.0	0.0	0.0	0.0	0.0	0.0	0.0	0.0	0.0	0.0	0.0	0.0	0.0	0.0	0.0	0.0	0.0011086	0.0	0.0	0.0	0.0	0.0	0.0	0.0	0.0	0.0	0.0	0.0	0.0	0.0	0.0	0.0	0.0	0.0	0.0	0.0	0.0	0.0	0.0026954	0.0020161	0.0033445	0.0	0.0	0.0	0.0	0.0	0.0	0.0	
European Starling	0.5215311	0.5824742	0.6480447	0.5420168	0.4444444	0.5477707	0.5582329	0.5745856	0.6463415	0.591623	0.6842105	0.6692913	0.6599424	0.7779886	0.7912371	0.7872648	0.7716186	0.7917647	0.7643594	0.8255208	0.7941176	0.7260274	0.8076923	0.7804878	0.7676768	0.7238806	0.6565657	0.65	0.6428571	0.672	0.6785714	0.6650485	0.7019868	0.602459	0.5974026	0.6094527	0.6167147	0.4907975	0.4716981	0.4959677	0.4280936	0.4269663	0.4363636	0.4023324	0.4344569	0.4471831	0.4155844	0.4025641	
Gray Catbird	0.0047847	0.0	0.0	0.0	0.0	0.0063694	0.0	0.0	0.0060976	0.0	0.0	0.0	0.0	0.0037951	0.007732	0.2402315	0.6962306	0.7352941	0.6966127	0.5572917	0.3764706	0.3630137	0.2769231	0.3170732	0.2323232	0.2686567	0.2828283	0.325	0.3412698	0.528	0.5	0.5533981	0.5099338	0.5204918	0.6266234	0.5870647	0.5590778	0.5245399	0.3692722	0.2076613	0.083612	0.0449438	0.0472727	0.0466472	0.0861423	0.0492958	0.0692641	0.0692308	
Brown Thrasher	0.0	0.0	0.0	0.0	0.0	0.0	0.0	0.0	0.0	0.0	0.0	0.0104987	0.0086455	0.028463	0.0283505	0.0752533	0.0399113	0.0117647	0.005891	0.0052083	0.0058824	0.0015	0.0	0.0121951	0.0	0.0	0.0	0.0	0.0	0.0	0.0	0.0	0.0066225	0.0	0.0974026	0.181592	0.184438	0.1134969	0.0781671	0.0221774	0.0100334	0.0374532	0.0	0.0116618	0.011236	0.0070423	0.012987	0.0	
Northern Mockingbird	0.1483254	0.1030928	0.2011173	0.092437	0.1296296	0.1210191	0.1204819	0.1436464	0.1585366	0.0837696	0.1315789	0.1417323	0.1037464	0.1043643	0.0927835	0.1172214	0.1108647	0.0905882	0.1045655	0.1302083	0.1235294	0.1575342	0.2692308	0.2256098	0.2222222	0.1492537	0.2424242	0.2375	0.1666667	0.232	0.1714286	0.184466	0.1655629	0.1147541	0.1363636	0.2089552	0.204611	0.1993865	0.1617251	0.1491935	0.1103679	0.1235955	0.0872727	0.1166181	0.082397	0.0669014	0.1255411	0.1205128	
Eastern Bluebird	0.0	0.0	0.0	0.0042017	0.0	0.0	0.0	0.0	0.0	0.0	0.0	0.0	0.0057637	0.0	0.0	0.0	0.0	0.0	0.0	0.0	0.0	0.0	0.0	0.0	0.0	0.0	0.0	0.0	0.0	0.0	0.0	0.0	0.0	0.0	0.0	0.0	0.0	0.0	0.0080863	0.0342742	0.0167224	0.0187266	0.0	0.0058309	0.0	0.0	0.0	0.0	
Veery	0.0	0.0	0.0	0.0	0.0	0.0	0.0	0.0	0.0	0.0	0.0	0.0	0.0	0.0	0.0015	0.0998553	0.3414634	0.3447059	0.2562592	0.0755208	0.0	0.0	0.0	0.0	0.0	0.0	0.020202	0.0	0.0	0.0	0.0071429	0.0631068	0.1986755	0.25	0.1168831	0.0671642	0.0028818	0.0184049	0.0	0.0	0.0	0.0	0.0	0.0	0.0	0.0	0.0	0.0	
Gray-cheeked Thrush	0.0	0.0	0.0	0.0	0.0	0.0	0.0	0.0	0.0	0.0	0.0	0.0	0.0	0.0	0.0	0.0	0.0066519	0.0211765	0.0559647	0.0364583	0.0	0.0	0.0	0.0	0.0	0.0	0.0	0.0	0.0	0.0	0.0	0.0	0.0	0.0	0.0064935	0.0099502	0.0432277	0.0582822	0.0161725	0.0015	0.0	0.0	0.0	0.0	0.0	0.0	0.0	0.0	
Bicknell's Thrush	0.0	0.0	0.0	0.0	0.0	0.0	0.0	0.0	0.0	0.0	0.0	0.0	0.0	0.0	0.0	0.0	0.0	0.0	0.0324006	0.0	0.0	0.0	0.0	0.0	0.0	0.0	0.0	0.0	0.0	0.0	0.0	0.0	0.0	0.0	0.0	0.0	0.0	0.0	0.0	0.0	0.0	0.0	0.0	0.0	0.0	0.0	0.0	0.0	
Gray-cheeked/Bicknell's Thrush	0.0	0.0	0.0	0.0	0.0	0.0	0.0	0.0	0.0	0.0	0.0	0.0	0.0	0.0	0.0	0.0	0.0	0.0	0.005891	0.0026042	0.0	0.0	0.0	0.0	0.0	0.0	0.0	0.0	0.0	0.0	0.0	0.0	0.0	0.0	0.0	0.0	0.0	0.0	0.0	0.0	0.0	0.0	0.0	0.0	0.0	0.0	0.0	0.0	
Swainson's Thrush	0.0	0.0	0.0	0.0	0.0	0.0	0.0	0.0	0.0	0.0	0.0	0.0	0.0	0.0	0.0025773	0.0014472	0.3015521	0.3988235	0.4639175	0.2630208	0.0176471	0.0068493	0.0	0.0	0.0	0.0	0.0	0.0	0.0	0.0	0.0	0.0	0.0198675	0.0860656	0.25	0.3159204	0.2420749	0.190184	0.1455526	0.016129	0.0033445	0.0	0.0	0.0	0.0	0.0	0.0	0.0	
Hermit Thrush	0.0143541	0.0206186	0.0111732	0.0084034	0.0	0.0	0.0	0.0110497	0.0243902	0.0104712	0.0210526	0.0708661	0.3198847	0.5863378	0.5979381	0.577424	0.4478936	0.1247059	0.0338733	0.0	0.0	0.0	0.0	0.0	0.0	0.0	0.0	0.0	0.0	0.0	0.0	0.0	0.0066225	0.0	0.0	0.0099502	0.1095101	0.2239264	0.4690027	0.5887097	0.4648829	0.4082397	0.2945455	0.1720117	0.1273408	0.0915493	0.1082251	0.0692308	
Catharus sp.	0.0	0.0	0.0	0.0	0.0	0.0	0.0	0.0	0.0	0.0	0.0	0.0	0.0	0.0	0.0025773	0.0028944	0.0288248	0.0188235	0.0265096	0.0208333	0.0	0.0	0.0	0.0	0.0	0.0	0.0	0.0	0.0	0.0	0.0	0.0	0.013245	0.0245902	0.0324675	0.0124378	0.0115274	0.0184049	0.0161725	0.0	0.0033445	0.0	0.0	0.0	0.0	0.0	0.0	0.0	
Wood Thrush	0.0	0.0	0.0	0.0	0.0	0.0	0.0	0.0	0.0	0.0	0.0	0.0	0.0	0.0018975	0.0025773	0.0839363	0.2915743	0.2105882	0.1767305	0.09375	0.0117647	0.0	0.0230769	0.0121951	0.010101	0.0	0.010101	0.00625	0.0079365	0.016	0.05	0.0194175	0.013245	0.0163934	0.1006494	0.119403	0.0835735	0.0214724	0.0188679	0.0040323	0.0	0.0	0.0	0.0	0.0	0.0	0.0	0.0	
American Robin	0.2822967	0.2216495	0.1675978	0.2731092	0.1666667	0.2484076	0.3453815	0.4088398	0.554878	0.4973822	0.6052632	0.7532808	0.8069164	0.857685	0.8608247	0.8625181	0.827051	0.8	0.7731959	0.7864583	0.6176471	0.6917808	0.7	0.6768293	0.7171717	0.7238806	0.7171717	0.68125	0.7063492	0.768	0.7571429	0.7087379	0.7350993	0.6434426	0.7175325	0.6766169	0.6743516	0.6625767	0.6846361	0.5887097	0.5217391	0.5280899	0.4872727	0.4139942	0.4494382	0.3943662	0.3376623	0.3717949	
thrush sp.	0.0	0.0	0.0	0.0	0.0	0.0	0.0	0.0	0.0	0.0	0.0	0.0	0.0	0.0	0.0	0.0	0.0	0.0	0.0	0.0	0.0	0.0	0.0	0.0	0.0	0.0	0.0	0.0	0.0	0.0	0.0	0.0	0.0	0.0	0.0	0.0	0.0	0.0	0.0026954	0.0	0.0033445	0.0	0.0	0.0	0.0	0.0	0.0	0.0	
Cedar Waxwing	0.0	0.0	0.0	0.0042017	0.0061728	0.0	0.0	0.0	0.0	0.0209424	0.0578947	0.023622	0.0432277	0.1499051	0.1108247	0.1331404	0.135255	0.2505882	0.2945508	0.296875	0.2470588	0.1712329	0.0769231	0.0792683	0.0505051	0.0447761	0.030303	0.03125	0.0714286	0.056	0.0714286	0.0631068	0.1059603	0.0778689	0.1006494	0.0995025	0.0489914	0.1165644	0.0997305	0.078629	0.0769231	0.0524345	0.1127273	0.1166181	0.17603	0.0669014	0.008658	0.0153846	
House Sparrow	0.8086124	0.7113402	0.7430168	0.7857143	0.7098765	0.7070064	0.7429719	0.7403315	0.8109756	0.7853403	0.7684211	0.7716535	0.7291066	0.829222	0.8350515	0.8625181	0.8148559	0.8329412	0.8276878	0.8880208	0.9058824	0.9178082	0.9	0.902439	0.8888889	0.8955224	0.8383838	0.84375	0.8174603	0.808	0.8	0.7961165	0.7417219	0.7254098	0.7467532	0.738806	0.7809798	0.696319	0.6846361	0.6612903	0.6555184	0.6891386	0.68	0.6559767	0.7191011	0.6690141	0.5887446	0.6282051	
American Pipit	0.0	0.0	0.0	0.0	0.0	0.0	0.0	0.0	0.0	0.0	0.0	0.0026247	0.0	0.0	0.0	0.0014472	0.0	0.0	0.0	0.0	0.0	0.0	0.0	0.0	0.0	0.0	0.0	0.0	0.0	0.0	0.0	0.0	0.0	0.0	0.0	0.0	0.0	0.0030675	0.0026954	0.0080645	0.0	0.0	0.0	0.0029155	0.0	0.0	0.0	0.0	
Evening Grosbeak	0.0	0.0	0.0	0.0	0.0	0.0	0.0	0.0	0.0	0.0	0.0	0.0	0.0	0.0	0.0	0.0	0.0	0.0	0.0	0.0	0.0	0.0	0.0	0.0	0.0	0.0	0.0	0.0	0.0	0.0	0.0	0.0	0.0	0.0	0.0	0.0	0.0	0.0	0.0	0.0020161	0.0	0.0015	0.0072727	0.0	0.0	0.0140845	0.0	0.0666667	
House Finch	0.2248804	0.1082474	0.1843575	0.2142857	0.1851852	0.2101911	0.2088353	0.2154696	0.2682927	0.2617801	0.2315789	0.2362205	0.2536023	0.2789374	0.2654639	0.3328509	0.1607539	0.2211765	0.1516937	0.1588542	0.1647059	0.1643836	0.1538462	0.1707317	0.1717172	0.1119403	0.1010101	0.13125	0.1031746	0.088	0.1214286	0.0776699	0.1258278	0.1188525	0.0551948	0.119403	0.1037464	0.1104294	0.0943396	0.0443548	0.0535117	0.1048689	0.1854545	0.1399417	0.2172285	0.1478873	0.1168831	0.1384615	
Purple Finch	0.0	0.0	0.0055866	0.0	0.0	0.0	0.0	0.0	0.0	0.0	0.0	0.0	0.0	0.0	0.0	0.0	0.0	0.0011765	0.0015	0.0	0.0	0.0	0.0	0.0	0.0	0.0	0.0	0.0	0.0	0.0	0.0	0.0	0.0	0.0	0.012987	0.0373134	0.037464	0.0797546	0.1024259	0.1209677	0.0568562	0.0861423	0.0654545	0.0962099	0.0786517	0.0316901	0.012987	0.0179487	
House/Purple Finch	0.0	0.0	0.0	0.0	0.0	0.0	0.0	0.0	0.0	0.0	0.0	0.0	0.0	0.0	0.0	0.0	0.0	0.0	0.0	0.0	0.0	0.0	0.0	0.0	0.0	0.0	0.0	0.0	0.0	0.0	0.0	0.0	0.0	0.0	0.0	0.0	0.0	0.0	0.0	0.0020161	0.0033445	0.0037453	0.0	0.0	0.0	0.0	0.0	0.0	
Common Redpoll	0.0	0.0	0.0	0.0	0.0	0.0	0.0040161	0.0	0.0	0.0	0.0	0.0	0.0	0.0	0.0	0.0	0.0	0.0	0.0	0.0	0.0	0.0	0.0	0.0	0.0	0.0	0.0	0.0	0.0	0.0	0.0	0.0	0.0	0.0	0.0	0.0	0.0	0.0	0.0	0.0	0.0	0.0	0.0	0.0	0.0	0.0	0.0	0.0	
European Goldfinch	0.0	0.0	0.0	0.0042017	0.0	0.0	0.0	0.0	0.0	0.0	0.0105263	0.0	0.0	0.0	0.0	0.0	0.0	0.0	0.0	0.0	0.0	0.0	0.0	0.0	0.0	0.0	0.0	0.0	0.0079365	0.0	0.0	0.0	0.0	0.0	0.0	0.0	0.0	0.0	0.0	0.0020161	0.0	0.0	0.0	0.0	0.0	0.0	0.0	0.0	
Pine Siskin	0.0	0.0	0.0	0.0	0.0	0.0	0.0	0.0	0.0	0.0	0.0	0.0	0.0	0.0	0.0	0.0	0.0	0.0	0.0	0.0	0.0	0.0	0.0	0.0	0.0	0.0	0.0	0.0	0.0	0.0	0.0	0.0145631	0.0	0.0	0.0	0.0	0.0	0.0092025	0.0080863	0.0100806	0.006689	0.0524345	0.0327273	0.0379009	0.1235955	0.028169	0.012987	0.0	
American Goldfinch	0.1100478	0.0824742	0.1284916	0.1260504	0.1049383	0.1146497	0.1044177	0.1049724	0.1585366	0.1413613	0.1684211	0.2125984	0.1988473	0.2656546	0.2654639	0.3285094	0.1973392	0.1011765	0.0471281	0.0442708	0.0352941	0.0136986	0.0230769	0.0243902	0.0505051	0.0597015	0.0707071	0.10625	0.0634921	0.168	0.1785714	0.1456311	0.1854305	0.1598361	0.1331169	0.1517413	0.2305476	0.2484663	0.2479784	0.171371	0.1204013	0.2808989	0.3127273	0.2419825	0.2883895	0.1866197	0.1515152	0.1538462	
Acanthis/Spinus sp.	0.0	0.0	0.0	0.0	0.0	0.0	0.0	0.0	0.0	0.0	0.0	0.0	0.0	0.0	0.0	0.0	0.0	0.0	0.0	0.0	0.0	0.0	0.0	0.0	0.0	0.0	0.0	0.0	0.0	0.0	0.0	0.0	0.0	0.0	0.0	0.0	0.0	0.0	0.0	0.0	0.0	0.0	0.0036364	0.0	0.0	0.0	0.0	0.0	
finch sp.	0.0	0.0	0.0	0.0	0.0	0.0	0.0	0.0	0.0	0.0	0.0	0.0	0.0	0.0	0.0	0.0	0.0	0.0	0.0	0.0	0.0	0.0	0.0	0.0	0.0	0.0	0.0	0.0	0.0	0.0	0.0	0.0	0.0	0.0	0.0	0.0	0.0	0.0	0.0026954	0.0040323	0.0	0.0	0.0072727	0.0087464	0.0	0.0	0.0	0.0	
Snow Bunting	0.0	0.0	0.0	0.0	0.0	0.0	0.0	0.0	0.0	0.0	0.0	0.0	0.0	0.0	0.0	0.0	0.0	0.0	0.0	0.0	0.0	0.0	0.0	0.0	0.0	0.0	0.0	0.0	0.0	0.0	0.0	0.0	0.0	0.0	0.0	0.0	0.0	0.0	0.0	0.0	0.0	0.0	0.0	0.0379009	0.0	0.0	0.0	0.0	
Chipping Sparrow	0.0015	0.0	0.0	0.0	0.0	0.0	0.0	0.0	0.0	0.0	0.0	0.0419948	0.2449568	0.3377609	0.3402062	0.3068017	0.2062084	0.0752941	0.0294551	0.0104167	0.0015	0.0136986	0.0	0.0182927	0.0	0.0074627	0.010101	0.0	0.0	0.008	0.0214286	0.0015	0.013245	0.0	0.0	0.0447761	0.129683	0.1748466	0.2371968	0.2701613	0.187291	0.0636704	0.0145455	0.0145773	0.0486891	0.0422535	0.012987	0.0179487	
Clay-colored Sparrow	0.0	0.0	0.0	0.0	0.0	0.0	0.0	0.0	0.0	0.0	0.0	0.0	0.0	0.0	0.0	0.0	0.0266075	0.0	0.0	0.0	0.0	0.0	0.0	0.0	0.0	0.0	0.0	0.0	0.0	0.0	0.0	0.0	0.0	0.0	0.0	0.0049751	0.0	0.0	0.0	0.0	0.0	0.0	0.0	0.0	0.0	0.0	0.0	0.0	
Field Sparrow	0.0	0.0	0.0	0.0	0.0	0.0	0.0040161	0.0	0.0	0.0	0.0	0.0367454	0.0461095	0.1537002	0.1082474	0.1070912	0.0443459	0.0082353	0.0029455	0.0026042	0.0058824	0.0068493	0.0	0.0	0.0	0.0	0.0	0.0	0.0	0.0	0.0	0.0	0.0066225	0.0	0.0	0.0024876	0.0144092	0.0460123	0.1671159	0.1068548	0.0434783	0.011236	0.0036364	0.0029155	0.0	0.0070423	0.004329	0.0	
Lark Sparrow	0.0	0.0	0.0	0.0	0.0	0.0	0.0	0.0	0.0	0.0	0.0	0.0	0.0	0.0	0.0	0.0	0.0	0.0	0.0	0.0	0.0	0.0	0.0	0.0	0.0	0.0	0.0	0.0	0.0	0.0	0.0	0.0145631	0.0264901	0.0	0.0	0.0472637	0.0	0.0	0.0	0.0	0.0	0.0	0.0	0.0	0.0	0.0	0.0	0.0	
American Tree Sparrow	0.0	0.0	0.0055866	0.0	0.0	0.0	0.0	0.0	0.0060976	0.0	0.0	0.0	0.0	0.0	0.0	0.0	0.0011086	0.0	0.0	0.0	0.0	0.0	0.0	0.0	0.0	0.0	0.0	0.0	0.0	0.0	0.0	0.0	0.0	0.0	0.0	0.0	0.0	0.0	0.0	0.0	0.0	0.0	0.0218182	0.0087464	0.0187266	0.0	0.0	0.0	
Fox Sparrow	0.1722488	0.0927835	0.0949721	0.1008403	0.0802469	0.0700637	0.0843373	0.0662983	0.1036585	0.1256545	0.1736842	0.2545932	0.167147	0.113852	0.0103093	0.0144718	0.0	0.0	0.0	0.0	0.0	0.0	0.0	0.0	0.0	0.0	0.0	0.0	0.0	0.0	0.0	0.0	0.0	0.0	0.0	0.0	0.0	0.0	0.0053908	0.0282258	0.0267559	0.1460674	0.2509091	0.154519	0.2284644	0.084507	0.0735931	0.0692308	
Dark-eyed Junco	0.2392344	0.1701031	0.1564246	0.1722689	0.1358025	0.1273885	0.1285141	0.1270718	0.2560976	0.1832461	0.3263158	0.4041995	0.4005764	0.4933586	0.2809278	0.121563	0.0210643	0.0011765	0.0014728	0.0	0.0	0.0	0.0	0.0	0.0	0.0	0.0	0.0	0.0	0.0	0.0	0.0	0.0	0.0	0.0097403	0.0621891	0.1498559	0.1840491	0.2560647	0.4133065	0.4147157	0.3932584	0.3272727	0.361516	0.3632959	0.2288732	0.1428571	0.1	
White-crowned Sparrow	0.0	0.0	0.0	0.0	0.0	0.0	0.0	0.0	0.0	0.0	0.0	0.0	0.0	0.0	0.0025773	0.0014472	0.0676275	0.0152941	0.0044183	0.0	0.0	0.0	0.0	0.0	0.0	0.0	0.0	0.0	0.0	0.0	0.0	0.0	0.0	0.0	0.0	0.0024876	0.0317003	0.107362	0.2102426	0.1935484	0.0668896	0.0636704	0.0327273	0.0058309	0.0149813	0.0	0.0	0.0	
Harris's Sparrow	0.0	0.0	0.0	0.0	0.0	0.0	0.0	0.0	0.0	0.0	0.0	0.0	0.0	0.0	0.0	0.0	0.0	0.0	0.0	0.0	0.0	0.0	0.0	0.0	0.0	0.0	0.0	0.0	0.0	0.0	0.0	0.0	0.0	0.0	0.0	0.0	0.0	0.0	0.0	0.0	0.0401338	0.0	0.0	0.0	0.0	0.0	0.0	0.0	
White-throated Sparrow	0.5263158	0.5257732	0.575419	0.4957983	0.4320988	0.433121	0.4096386	0.4033149	0.4756098	0.4502618	0.4368421	0.5065617	0.5878963	0.6755218	0.6804124	0.748191	0.6962306	0.3917647	0.3240059	0.0859375	0.0294118	0.0273973	0.0076923	0.0243902	0.040404	0.0074627	0.0	0.0	0.015873	0.008	0.0928571	0.0485437	0.0662252	0.0819672	0.0616883	0.1094527	0.4726225	0.6411043	0.7654987	0.7862903	0.7491639	0.6891386	0.7054545	0.6355685	0.6816479	0.7007042	0.6363636	0.6358974	
Vesper Sparrow	0.0	0.0	0.0	0.0	0.0	0.0	0.0	0.0	0.0	0.0	0.0	0.0	0.0345821	0.0531309	0.007732	0.0	0.0011086	0.0	0.0	0.0	0.0	0.0	0.0	0.0	0.0	0.0	0.0	0.0	0.0	0.0	0.0	0.0	0.0	0.0	0.0	0.0	0.0	0.0	0.0053908	0.0120968	0.0033445	0.0	0.0	0.0	0.0	0.0	0.0	0.0	
Seaside Sparrow	0.0	0.0	0.0	0.0	0.0	0.0	0.0	0.0	0.0	0.0	0.0	0.0	0.0	0.0	0.1056701	0.0	0.0	0.0	0.0	0.0	0.0	0.0	0.0	0.0	0.0	0.0	0.0	0.0	0.0	0.0	0.0	0.0	0.0	0.0	0.0	0.0	0.0	0.0	0.0	0.0	0.0	0.0	0.0	0.0	0.0	0.0	0.0	0.0	
Nelson's Sparrow	0.0	0.0	0.0	0.0	0.0	0.0	0.0	0.0	0.0	0.0	0.0	0.0	0.0	0.0	0.0	0.0	0.0	0.0	0.0	0.0	0.0	0.0	0.0	0.0	0.0	0.0	0.0	0.0	0.0	0.0	0.0	0.0	0.0	0.0	0.0	0.0015	0.0028818	0.0	0.0134771	0.0040323	0.0	0.0	0.0	0.0	0.0	0.0	0.0	0.0	
Saltmarsh Sparrow	0.0	0.0	0.0	0.0	0.0	0.0	0.0	0.0	0.0	0.0	0.0	0.0	0.0	0.0	0.0	0.0	0.0	0.0	0.0	0.0	0.0	0.0	0.0	0.0	0.0	0.0	0.0	0.0	0.0	0.0	0.0	0.0097087	0.0066225	0.0	0.0	0.0	0.0	0.0	0.0	0.0	0.0	0.0	0.0	0.0	0.0	0.0	0.0	0.0	
Nelson's/Saltmarsh Sparrow (Sharp-tailed Sparrow)	0.0	0.0	0.0	0.0	0.0	0.0	0.0	0.0	0.0	0.0	0.0	0.0	0.0	0.0	0.0	0.0	0.0	0.0	0.0	0.0	0.0	0.0	0.0	0.0	0.0	0.0	0.0	0.0	0.0	0.0	0.0	0.0	0.0	0.0	0.0	0.0	0.0	0.0015	0.0	0.0020161	0.0	0.0	0.0	0.0	0.0	0.0	0.0	0.0	
Savannah Sparrow	0.0	0.0	0.0	0.0	0.0	0.0	0.0	0.0	0.0	0.0	0.0	0.0026247	0.037464	0.0360531	0.0592784	0.0984081	0.0332594	0.0270588	0.0250368	0.0	0.0	0.0	0.0	0.0	0.0	0.0	0.0	0.0	0.0	0.0	0.0	0.0	0.0	0.0	0.0162338	0.0199005	0.0345821	0.0337423	0.0458221	0.078629	0.0200669	0.0149813	0.0	0.0116618	0.0037453	0.0035211	0.0	0.0	
Song Sparrow	0.1291866	0.2319588	0.122905	0.0798319	0.0864198	0.1082803	0.1365462	0.1436464	0.3536585	0.1675393	0.3105263	0.4461942	0.5100865	0.5521822	0.4407216	0.3024602	0.2028825	0.1529412	0.1369661	0.125	0.1117647	0.1506849	0.1461538	0.1463415	0.1212121	0.1343284	0.1414141	0.15625	0.1666667	0.152	0.1214286	0.0970874	0.1059603	0.0532787	0.0844156	0.1144279	0.2910663	0.4478528	0.5579515	0.5060484	0.3879599	0.3333333	0.2436364	0.180758	0.1385768	0.1056338	0.1428571	0.0717949	
Lincoln's Sparrow	0.0	0.0	0.0	0.0	0.0	0.0	0.0	0.0	0.0	0.0	0.0	0.0	0.0	0.0	0.0025773	0.0014472	0.0177384	0.0235294	0.0648012	0.0208333	0.0	0.0	0.0	0.0	0.0	0.0	0.0	0.0	0.0	0.0	0.0	0.0	0.0	0.0040984	0.0	0.0049751	0.0144092	0.0276074	0.0431267	0.0403226	0.006689	0.0074906	0.0	0.0058309	0.011236	0.0035211	0.0	0.0	
Swamp Sparrow	0.0047847	0.0	0.0	0.0042017	0.0061728	0.0	0.0080321	0.0	0.0	0.0	0.0210526	0.0971129	0.2305476	0.313093	0.3479381	0.2865412	0.3536585	0.1482353	0.0854197	0.015625	0.0294118	0.0342466	0.0	0.0	0.0	0.0	0.0	0.0	0.0	0.0	0.0	0.0	0.0066225	0.0015	0.0064935	0.0472637	0.0893372	0.1871166	0.1994609	0.2116935	0.1204013	0.0599251	0.0690909	0.0495627	0.0374532	0.028169	0.04329	0.0102564	
Lincoln's/Swamp Sparrow	0.0	0.0	0.0	0.0	0.0	0.0	0.0	0.0	0.0	0.0	0.0	0.0	0.0	0.0	0.0	0.0	0.0	0.0	0.0	0.0	0.0	0.0	0.0	0.0	0.0	0.0	0.0	0.0	0.0	0.0	0.0	0.0	0.0	0.0	0.0	0.0	0.0028818	0.0	0.0026954	0.0	0.0	0.0	0.0	0.0	0.0	0.0	0.0	0.0	
Eastern Towhee	0.0	0.0	0.0	0.0	0.0	0.0	0.0	0.0055249	0.0	0.0052356	0.0052632	0.0183727	0.0403458	0.2314991	0.3118557	0.4413893	0.286031	0.0788235	0.0986745	0.0338542	0.0058824	0.0068493	0.0	0.0060976	0.0	0.0149254	0.0	0.0	0.0079365	0.0	0.0	0.0	0.0	0.0015	0.0	0.0323383	0.1383285	0.3251534	0.3153639	0.1915323	0.1036789	0.0486891	0.0545455	0.03207	0.093633	0.0528169	0.047619	0.0615385	
sparrow sp.	0.0	0.0103093	0.0055866	0.0084034	0.0	0.0063694	0.0200803	0.0055249	0.0	0.0209424	0.0052632	0.0026247	0.0057637	0.0094877	0.0	0.0101302	0.0044346	0.0035294	0.0014728	0.0	0.0	0.0068493	0.0	0.0	0.0	0.0	0.0	0.0	0.0	0.0	0.0	0.0048544	0.0066225	0.0	0.0064935	0.0049751	0.0144092	0.0153374	0.032345	0.0141129	0.0133779	0.0074906	0.0072727	0.0116618	0.0037453	0.0035211	0.008658	0.0102564	
Yellow-breasted Chat	0.0	0.0	0.0	0.0	0.0	0.0	0.0	0.0	0.0	0.0	0.0	0.0	0.0	0.0	0.0	0.0	0.0	0.0	0.0	0.0	0.0	0.0	0.0	0.0	0.0	0.0	0.0	0.0	0.0	0.024	0.0	0.0	0.0	0.0	0.0292208	0.0099502	0.0057637	0.0	0.0	0.0524194	0.0	0.0	0.0	0.0	0.0	0.0	0.0	0.0	
Bobolink	0.0	0.0	0.0	0.0	0.0	0.0	0.0	0.0	0.0	0.0	0.0	0.0	0.0	0.0	0.0	0.0	0.0	0.0	0.0029455	0.0	0.0	0.0	0.0	0.0	0.0	0.0	0.0	0.0	0.0	0.0	0.0	0.0097087	0.0	0.0	0.012987	0.0015	0.0	0.0	0.0	0.0	0.0	0.0	0.0	0.0	0.0	0.0	0.0	0.0	
Eastern Meadowlark	0.0	0.0	0.0	0.0	0.0	0.0	0.0	0.0	0.0	0.0	0.0	0.0	0.0	0.0056926	0.0	0.0	0.0	0.0	0.0	0.0	0.0	0.0	0.0	0.0	0.0	0.0	0.0	0.0	0.0	0.0	0.0	0.0	0.0	0.0	0.0	0.0	0.0	0.0030675	0.0161725	0.0181452	0.0	0.0015	0.0	0.0	0.0	0.0	0.0	0.0	
Orchard Oriole	0.0	0.0	0.0	0.0	0.0	0.0	0.0	0.0	0.0	0.0	0.0	0.0	0.0	0.0	0.0	0.0940666	0.1097561	0.0505882	0.0235641	0.0260417	0.0235294	0.0136986	0.0015	0.0182927	0.0	0.0074627	0.0	0.0	0.0	0.0	0.0	0.0	0.0	0.0	0.0	0.0	0.0	0.0	0.0	0.0	0.0	0.0	0.0	0.0	0.0	0.0	0.0	0.0	
Baltimore Oriole	0.0	0.0	0.0	0.0	0.0	0.0	0.0	0.0	0.0	0.0	0.0015	0.0	0.0	0.0	0.0	0.1027496	0.45898	0.4388235	0.3814433	0.4140625	0.1705882	0.1506849	0.1076923	0.1219512	0.0909091	0.0447761	0.0707071	0.05625	0.047619	0.152	0.2214286	0.1213592	0.1523179	0.147541	0.0357143	0.0721393	0.0115274	0.0092025	0.0080863	0.016129	0.0	0.0	0.0	0.0145773	0.0015	0.0	0.0	0.0	
new world oriole sp.	0.0	0.0	0.0	0.0	0.0	0.0	0.0	0.0	0.0	0.0	0.0	0.0	0.0	0.0	0.0	0.0	0.0011086	0.0	0.0	0.0	0.0	0.0	0.0	0.0	0.0	0.0	0.0	0.0	0.0	0.0	0.0	0.0	0.0	0.0	0.0	0.0	0.0	0.0	0.0	0.0	0.0	0.0	0.0	0.0	0.0	0.0	0.0	0.0	
Red-winged Blackbird	0.0	0.0206186	0.0111732	0.0	0.0061728	0.0127389	0.0843373	0.0939227	0.1585366	0.1361257	0.2210526	0.2860892	0.3573487	0.4003795	0.3582474	0.4457308	0.4390244	0.3670588	0.2989691	0.40625	0.3117647	0.2945205	0.2923077	0.2621951	0.2424242	0.238806	0.1818182	0.2125	0.0793651	0.144	0.0571429	0.038835	0.0331126	0.0015	0.0097403	0.0049751	0.0144092	0.006135	0.0215633	0.0383065	0.0234114	0.0449438	0.0727273	0.0204082	0.0299625	0.0528169	0.030303	0.0	
Brown-headed Cowbird	0.0047847	0.0051546	0.0111732	0.0042017	0.0	0.0	0.0040161	0.0055249	0.0	0.0	0.0052632	0.0209974	0.0893372	0.1005693	0.1572165	0.2474674	0.2184035	0.1388235	0.0736377	0.0833333	0.0235294	0.0273973	0.0153846	0.0426829	0.040404	0.0223881	0.030303	0.03125	0.0079365	0.048	0.0571429	0.0436893	0.0794702	0.0286885	0.038961	0.0273632	0.0201729	0.0521472	0.0242588	0.0544355	0.0167224	0.0074906	0.0218182	0.0058309	0.0187266	0.0035211	0.004329	0.0025641	
Rusty Blackbird	0.0909091	0.0206186	0.0	0.0042017	0.0	0.0	0.0	0.0	0.0	0.0104712	0.0052632	0.023622	0.0028818	0.0265655	0.0103093	0.0	0.0022173	0.0	0.0	0.0	0.0	0.0	0.0	0.0	0.0	0.0	0.0	0.0	0.0	0.0	0.0	0.0	0.0	0.0	0.0	0.0	0.0086455	0.0030675	0.0107817	0.0080645	0.006689	0.0074906	0.0072727	0.0029155	0.0037453	0.0105634	0.004329	0.0153846	
Common Grackle	0.2392344	0.1597938	0.1675978	0.1680672	0.117284	0.1019108	0.1686747	0.2486188	0.3231707	0.2460733	0.3105263	0.3753281	0.4582133	0.4440228	0.556701	0.5672938	0.597561	0.5505882	0.4727541	0.5677083	0.3588235	0.4657534	0.4692308	0.4085366	0.3939394	0.3358209	0.2929293	0.3375	0.3095238	0.456	0.3928571	0.3883495	0.3112583	0.2418033	0.3214286	0.300995	0.2795389	0.2239264	0.2506739	0.1733871	0.1906355	0.1722846	0.1781818	0.1836735	0.1610487	0.3309859	0.1688312	0.1820513	
Boat-tailed Grackle	0.0	0.0	0.0	0.0	0.0	0.0	0.0	0.0	0.0	0.0	0.0052632	0.023622	0.0288184	0.0094877	0.0	0.0	0.0	0.0	0.0	0.0	0.0	0.0	0.0	0.0	0.0	0.0	0.0	0.0	0.0	0.0	0.0	0.0	0.0	0.0	0.0	0.0	0.0	0.0	0.0	0.0	0.0	0.0	0.0	0.0	0.0	0.0	0.0	0.0	
blackbird sp.	0.0	0.0051546	0.0	0.012605	0.0061728	0.0	0.0080321	0.0110497	0.0	0.0104712	0.0105263	0.0026247	0.0028818	0.0018975	0.0025773	0.0	0.0022173	0.0	0.0014728	0.0026042	0.0	0.0	0.0153846	0.0	0.0	0.0074627	0.0	0.0	0.0	0.008	0.0	0.0	0.0	0.0	0.0	0.0	0.0057637	0.006135	0.0080863	0.0080645	0.0033445	0.011236	0.0109091	0.0116618	0.0	0.0035211	0.004329	0.0025641	
Ovenbird	0.0	0.0	0.0	0.0	0.0	0.0	0.0	0.0	0.0	0.0	0.0	0.0	0.0	0.0018975	0.0103093	0.1924747	0.5853659	0.5529412	0.539028	0.2083333	0.0705882	0.0205479	0.0	0.0060976	0.0	0.0	0.0	0.0	0.0	0.032	0.1142857	0.0728155	0.0463576	0.2336066	0.1038961	0.1492537	0.1181556	0.0889571	0.0512129	0.016129	0.006689	0.0299625	0.0072727	0.0015	0.0	0.0105634	0.017316	0.0025641	
Worm-eating Warbler	0.0	0.0	0.0	0.0	0.0	0.0	0.0	0.0	0.0	0.0	0.0	0.0	0.0	0.0	0.0	0.0694645	0.0898004	0.04	0.0044183	0.0	0.0	0.0	0.0	0.0	0.0	0.0	0.0	0.0	0.0	0.0	0.05	0.0339806	0.013245	0.0245902	0.012987	0.0024876	0.0028818	0.006135	0.0	0.0	0.0	0.0	0.0	0.0	0.0	0.0	0.0	0.0	
Louisiana Waterthrush	0.0	0.0	0.0	0.0	0.0	0.0	0.0	0.0	0.0	0.0	0.0	0.0	0.1325648	0.2390892	0.1365979	0.0998553	0.078714	0.0094118	0.0073638	0.0	0.0	0.0	0.0	0.0	0.0	0.0	0.020202	0.0	0.0	0.016	0.0214286	0.0	0.0	0.0	0.0	0.0	0.0	0.0	0.0	0.0	0.0	0.0	0.0	0.0	0.0	0.0	0.0	0.0	
Northern Waterthrush	0.0	0.0	0.0	0.0	0.0	0.0	0.0	0.0	0.0	0.0	0.0	0.0	0.0	0.0	0.0618557	0.2040521	0.4301552	0.3035294	0.275405	0.0833333	0.0058824	0.0	0.0	0.0	0.0	0.0	0.030303	0.03125	0.0634921	0.08	0.1142857	0.0679612	0.0264901	0.1516393	0.1103896	0.0522388	0.0403458	0.0184049	0.0107817	0.0100806	0.0033445	0.0	0.0	0.0	0.0	0.0	0.0	0.0	
Louisiana/Northern Waterthrush	0.0	0.0	0.0	0.0	0.0	0.0	0.0	0.0	0.0	0.0	0.0	0.0	0.0	0.0	0.0051546	0.0202605	0.0121951	0.0082353	0.0044183	0.0078125	0.0058824	0.0068493	0.0	0.0	0.0	0.0	0.0	0.0	0.015873	0.04	0.0	0.0	0.0	0.0040984	0.0	0.0	0.0	0.0	0.0	0.0020161	0.0	0.0	0.0	0.0	0.0	0.0	0.0	0.0	
Golden-winged Warbler	0.0	0.0	0.0	0.0	0.0	0.0	0.0	0.0	0.0	0.0	0.0	0.0	0.0	0.0	0.0	0.0	0.0	0.0	0.0	0.0	0.0	0.0	0.0	0.0	0.0	0.0	0.0	0.0	0.0	0.0	0.0714286	0.0145631	0.0	0.0	0.0	0.0	0.0	0.0	0.0	0.0	0.0	0.0	0.0	0.0	0.0	0.0	0.0	0.0	
Blue-winged Warbler	0.0	0.0	0.0	0.0	0.0	0.0	0.0	0.0	0.0	0.0	0.0	0.0	0.0	0.0	0.0	0.0390738	0.1685144	0.0505882	0.005891	0.0	0.0	0.0	0.0	0.0	0.0	0.0	0.0	0.0	0.0	0.024	0.1571429	0.0436893	0.0066225	0.0327869	0.0	0.0	0.0	0.0	0.0	0.0	0.0	0.0	0.0	0.0	0.0	0.0	0.0	0.0	
Black-and-white Warbler	0.0	0.0	0.0	0.0	0.0	0.0	0.0	0.0	0.0	0.0	0.0	0.0	0.0	0.0113852	0.0025773	0.4095514	0.6973392	0.6658824	0.4845361	0.1666667	0.0	0.0	0.0	0.0060976	0.0	0.0	0.0	0.0	0.031746	0.128	0.3285714	0.1747573	0.2516556	0.4303279	0.3733766	0.3308458	0.204611	0.2484663	0.0781671	0.0282258	0.006689	0.0074906	0.0	0.0	0.0	0.0	0.0	0.0	
Prothonotary Warbler	0.0	0.0	0.0	0.0	0.0	0.0	0.0	0.0	0.0	0.0	0.0	0.0	0.0	0.0	0.0	0.0	0.1851441	0.0635294	0.0044183	0.0	0.0	0.0	0.0	0.0	0.0	0.0	0.0	0.0	0.0	0.0	0.0	0.0	0.0	0.0	0.0	0.0	0.0	0.0	0.0	0.0	0.0	0.0	0.0	0.0	0.0	0.0	0.0	0.0	
Tennessee Warbler	0.0	0.0	0.0	0.0	0.0	0.0	0.0	0.0	0.0	0.0	0.0	0.0	0.0	0.0	0.0	0.0	0.0243902	0.0435294	0.1222386	0.0052083	0.0	0.0	0.0	0.0	0.0	0.0	0.0	0.0	0.0	0.0	0.0071429	0.0048544	0.0066225	0.0327869	0.0097403	0.0199005	0.0115274	0.0122699	0.0026954	0.0080645	0.0	0.0	0.0	0.0	0.0	0.0	0.0	0.0	
Orange-crowned Warbler	0.0	0.0	0.0	0.0	0.0	0.0	0.0	0.0	0.0	0.0	0.0	0.0	0.0	0.0	0.0	0.0	0.0	0.0	0.0	0.0	0.0	0.0	0.0	0.0	0.0	0.0	0.0	0.0	0.0	0.0	0.0	0.0	0.0	0.0	0.0	0.0	0.0	0.0	0.0	0.0	0.0	0.0	0.0	0.0	0.0	0.0	0.0	0.0025641	
Nashville Warbler	0.0	0.0	0.0	0.0	0.0	0.0	0.0	0.0	0.0	0.0	0.0	0.0	0.0	0.0	0.0	0.0	0.2660754	0.1635294	0.0824742	0.0130208	0.0	0.0	0.0	0.0	0.0	0.0	0.0	0.0	0.0	0.0	0.0	0.0	0.0	0.0327869	0.0194805	0.0248756	0.0345821	0.0306748	0.0026954	0.0201613	0.0033445	0.0	0.0	0.0	0.0	0.0	0.0	0.0	
Connecticut Warbler	0.0	0.0	0.0	0.0	0.0	0.0	0.0	0.0	0.0	0.0	0.0	0.0	0.0	0.0	0.0	0.0	0.0	0.0	0.0	0.0	0.0	0.0	0.0	0.0	0.0	0.0	0.0	0.0	0.0	0.0	0.0	0.0	0.0	0.0081967	0.0032468	0.0099502	0.0	0.006135	0.0	0.0	0.0	0.0	0.0	0.0	0.0	0.0	0.0	0.0	
Mourning Warbler	0.0	0.0	0.0	0.0	0.0	0.0	0.0	0.0	0.0	0.0	0.0	0.0	0.0	0.0	0.0	0.0	0.0	0.0	0.0692194	0.0286458	0.0	0.0	0.0	0.0	0.0	0.0	0.0	0.0	0.0079365	0.016	0.0	0.0	0.0	0.0040984	0.0	0.0	0.0	0.0	0.0	0.0	0.0	0.0	0.0	0.0	0.0	0.0	0.0	0.0	
Kentucky Warbler	0.0	0.0	0.0	0.0	0.0	0.0	0.0	0.0	0.0	0.0	0.0	0.0	0.0	0.0	0.0	0.0	0.0853659	0.0058824	0.0029455	0.0	0.0	0.0	0.0	0.0	0.0	0.0	0.0	0.0	0.0	0.0	0.0	0.0	0.0	0.0	0.0	0.0	0.0	0.0	0.0	0.0	0.0	0.0	0.0	0.0	0.0	0.0	0.0	0.0	
Common Yellowthroat	0.0	0.0	0.0	0.0015	0.0	0.0	0.0	0.0	0.0	0.0	0.0	0.0	0.0	0.0037951	0.0	0.0419682	0.5886918	0.62	0.7201767	0.3541667	0.0294118	0.0273973	0.0015	0.0121951	0.0	0.0	0.010101	0.0	0.0	0.032	0.0857143	0.1262136	0.3046358	0.5368852	0.4188312	0.4278607	0.3227666	0.297546	0.1778976	0.1008065	0.0468227	0.0262172	0.0145455	0.0058309	0.0187266	0.0105634	0.025974	0.0025641	
Hooded Warbler	0.0	0.0	0.0	0.0	0.0	0.0	0.0	0.0	0.0	0.0	0.0	0.0	0.0	0.0	0.0025773	0.0347323	0.1241685	0.0670588	0.0603829	0.0	0.0	0.0	0.0	0.0	0.0	0.0	0.0	0.0	0.0	0.0	0.0214286	0.0	0.0	0.0040984	0.0	0.0	0.0028818	0.0	0.0	0.0	0.0	0.0	0.0	0.0	0.0	0.0	0.0	0.0	
American Redstart	0.0	0.0	0.0	0.0	0.0	0.0	0.0	0.0	0.0	0.0	0.0	0.0	0.0	0.0	0.0	0.0969609	0.4478936	0.5623529	0.6391753	0.375	0.0705882	0.0015	0.0076923	0.0	0.020202	0.0	0.0	0.0	0.1031746	0.168	0.4071429	0.3398058	0.384106	0.5245902	0.5551948	0.3557214	0.1585014	0.0766871	0.0458221	0.016129	0.0	0.0	0.0	0.0	0.0	0.0	0.0	0.0	
Kirtland's Warbler	0.0	0.0	0.0	0.0	0.0	0.0	0.0	0.0	0.0	0.0	0.0	0.0	0.0	0.0	0.0	0.0	0.0	0.1847059	0.0	0.0	0.0	0.0	0.0	0.0	0.0	0.0	0.0	0.0	0.0	0.0	0.0	0.0	0.0	0.0	0.0	0.0	0.0	0.0	0.0	0.0	0.0	0.0	0.0	0.0	0.0	0.0	0.0	0.0	
Cape May Warbler	0.0	0.0	0.0	0.0	0.0	0.0	0.0	0.0	0.0	0.0	0.0	0.0	0.0	0.0	0.0	0.0	0.1064302	0.2447059	0.2341679	0.0260417	0.0	0.0	0.0	0.0	0.0	0.0	0.0	0.0	0.0	0.0	0.0	0.0048544	0.0	0.0409836	0.0324675	0.039801	0.0345821	0.095092	0.0404313	0.0201613	0.0033445	0.0074906	0.0036364	0.0	0.0	0.0	0.021645	0.0076923	
Cerulean Warbler	0.0	0.0	0.0	0.0	0.0	0.0	0.0	0.0	0.0	0.0	0.0	0.0	0.0	0.0	0.0	0.0	0.0254989	0.0294118	0.0	0.0	0.0	0.0	0.0	0.0	0.0	0.0	0.0	0.0	0.0	0.0	0.0	0.0	0.0	0.0	0.0064935	0.0174129	0.0	0.0	0.0	0.0	0.0	0.0	0.0	0.0	0.0	0.0	0.0	0.0	
Northern Parula	0.0	0.0	0.0	0.0	0.0	0.0	0.0	0.0	0.0	0.0	0.0	0.0	0.0	0.0	0.0	0.121563	0.5687361	0.6552941	0.5051546	0.1979167	0.0176471	0.0068493	0.0076923	0.0060976	0.0	0.0	0.0	0.0125	0.0079365	0.016	0.05	0.0242718	0.0463576	0.2008197	0.3181818	0.300995	0.1959654	0.1411043	0.0350404	0.0040323	0.0033445	0.0	0.0	0.0	0.0	0.0	0.0	0.0	
Magnolia Warbler	0.0	0.0	0.0	0.0	0.0	0.0	0.0	0.0	0.0	0.0	0.0	0.0	0.0	0.0	0.0	0.0043415	0.3946785	0.56	0.6126657	0.296875	0.0352941	0.0	0.0	0.0	0.030303	0.0	0.0	0.00625	0.0079365	0.008	0.0071429	0.0339806	0.013245	0.1147541	0.288961	0.221393	0.1757925	0.1288344	0.0512129	0.0060484	0.0033445	0.0	0.0	0.0	0.0	0.0	0.0	0.0	
Bay-breasted Warbler	0.0	0.0	0.0	0.0	0.0	0.0	0.0	0.0	0.0	0.0	0.0	0.0	0.0	0.0	0.0	0.0	0.0543237	0.2823529	0.3122239	0.0755208	0.0	0.0	0.0	0.0	0.0	0.0	0.0	0.0	0.0	0.008	0.0	0.0	0.0	0.0163934	0.0162338	0.0223881	0.0	0.0122699	0.0134771	0.0	0.0	0.0	0.0	0.0	0.0	0.0	0.0	0.0	
Blackburnian Warbler	0.0	0.0	0.0	0.0	0.0	0.0	0.0	0.0	0.0	0.0	0.0	0.0	0.0	0.0	0.0	0.0578871	0.1574279	0.2717647	0.179676	0.0364583	0.0058824	0.0	0.0	0.0	0.0	0.0	0.0	0.0	0.0	0.0	0.0	0.0015	0.0	0.0532787	0.0064935	0.0174129	0.0	0.0	0.0	0.0	0.0	0.0	0.0	0.0	0.0	0.0	0.0	0.0	
Yellow Warbler	0.0	0.0	0.0	0.0	0.0	0.0	0.0	0.0	0.0	0.0	0.0	0.0	0.0	0.0	0.0025773	0.2214182	0.3758315	0.3835294	0.275405	0.140625	0.0	0.0068493	0.0076923	0.0121951	0.020202	0.0	0.020202	0.05625	0.0714286	0.112	0.0785714	0.0436893	0.0860927	0.1762295	0.0974026	0.0099502	0.0144092	0.0	0.0026954	0.0	0.0	0.0	0.0	0.0	0.0	0.0	0.0	0.0	
Chestnut-sided Warbler	0.0	0.0	0.0	0.0	0.0	0.0	0.0	0.0	0.0	0.0	0.0	0.0	0.0	0.0	0.0	0.0	0.2827051	0.4	0.2680412	0.078125	0.0	0.0	0.0	0.0	0.0	0.0	0.0	0.0	0.0079365	0.008	0.1785714	0.0728155	0.0794702	0.1352459	0.0909091	0.0572139	0.0	0.006135	0.0	0.0	0.0	0.0	0.0	0.0	0.0	0.0	0.0	0.0	
Blackpoll Warbler	0.0	0.0	0.0	0.0	0.0	0.0	0.0	0.0	0.0	0.0	0.0	0.0	0.0	0.0	0.0	0.0	0.1873614	0.3870588	0.4079529	0.3489583	0.0235294	0.0068493	0.0	0.0	0.0	0.0	0.0	0.0	0.0	0.0	0.0	0.0	0.013245	0.0245902	0.0909091	0.1268657	0.2478386	0.1779141	0.1185984	0.0362903	0.0033445	0.0037453	0.0	0.0	0.0	0.0	0.0	0.0	
Bay-breasted/Blackpoll Warbler	0.0	0.0	0.0	0.0	0.0	0.0	0.0	0.0	0.0	0.0	0.0	0.0	0.0	0.0	0.0	0.0	0.0	0.0	0.0	0.0	0.0	0.0	0.0	0.0	0.0	0.0	0.0	0.0	0.0	0.0	0.0	0.0048544	0.0	0.0081967	0.0064935	0.0024876	0.0	0.0	0.0	0.0	0.0	0.0	0.0	0.0	0.0	0.0	0.0	0.0	
Black-throated Blue Warbler	0.0	0.0	0.0	0.0	0.0	0.0	0.0	0.0	0.0	0.0	0.0	0.0	0.0	0.0	0.0	0.0636758	0.5332594	0.4505882	0.3917526	0.0859375	0.0	0.0	0.0	0.0	0.0	0.0	0.0	0.0	0.0	0.016	0.0142857	0.0145631	0.0	0.1311475	0.0941558	0.1393035	0.1066282	0.1288344	0.1078167	0.0221774	0.0033445	0.0037453	0.0036364	0.0	0.0	0.0	0.0	0.0	
Palm Warbler	0.0	0.0	0.0	0.0	0.0	0.0	0.0	0.0	0.0	0.0	0.0	0.0472441	0.1729107	0.3320683	0.2551546	0.447178	0.248337	0.02	0.0	0.0	0.0	0.0	0.0	0.0	0.0	0.0	0.0	0.0	0.0	0.0	0.0	0.0	0.0	0.0040984	0.0681818	0.1492537	0.1498559	0.303681	0.3045822	0.1955645	0.1003344	0.0524345	0.0109091	0.0116618	0.0074906	0.0	0.0	0.0	
Pine Warbler	0.0	0.0	0.0055866	0.0	0.0	0.0	0.0	0.0	0.0121951	0.0	0.0105263	0.0656168	0.0634006	0.1024668	0.0670103	0.1085384	0.0432373	0.0129412	0.0029455	0.0	0.0	0.0068493	0.0	0.0	0.0	0.0	0.0	0.0	0.0	0.0	0.0071429	0.0	0.0198675	0.0163934	0.0487013	0.1144279	0.1440922	0.1288344	0.0916442	0.0383065	0.006689	0.0	0.0	0.0	0.0	0.0	0.0	0.0	
Yellow-rumped Warbler	0.0	0.0	0.0	0.0	0.0	0.0	0.0	0.0	0.0	0.0	0.0	0.0026247	0.0	0.085389	0.193299	0.5007236	0.6507761	0.5752941	0.2547865	0.0208333	0.0058824	0.0	0.0	0.0	0.0	0.0	0.0	0.0	0.0	0.0	0.0	0.0	0.0	0.0	0.025974	0.0298507	0.1988473	0.3865031	0.4097035	0.5060484	0.2307692	0.1086142	0.0654545	0.0262391	0.0074906	0.0070423	0.0	0.0	
Yellow-throated Warbler	0.0	0.0	0.0	0.0	0.0	0.0	0.0	0.0	0.0	0.0	0.0	0.0	0.0	0.0702087	0.0025773	0.0	0.0033259	0.0015	0.0	0.0	0.0	0.0	0.0	0.0	0.0	0.0	0.0	0.0	0.0	0.0	0.0	0.0	0.0	0.0	0.0	0.0	0.0	0.0	0.0	0.0	0.0	0.0	0.0	0.0	0.0	0.0	0.0	0.0	
Prairie Warbler	0.0	0.0	0.0	0.0	0.0	0.0	0.0	0.0	0.0	0.0	0.0	0.0	0.0	0.0	0.0	0.170767	0.1829268	0.1141176	0.0456554	0.0052083	0.0058824	0.0	0.0	0.0	0.0	0.0	0.0	0.0	0.0	0.0	0.0285714	0.0097087	0.0331126	0.0655738	0.025974	0.0124378	0.0028818	0.006135	0.0026954	0.0	0.0	0.0	0.0	0.0	0.0	0.0	0.0	0.0	
Black-throated Green Warbler	0.0	0.0	0.0	0.0	0.0	0.0	0.0	0.0	0.0	0.0	0.0	0.0	0.0	0.0	0.0	0.0115774	0.251663	0.3611765	0.197349	0.03125	0.0	0.0	0.0	0.0	0.0	0.0	0.0	0.0	0.0	0.016	0.0	0.0194175	0.013245	0.0204918	0.1136364	0.0995025	0.037464	0.0337423	0.0080863	0.0181452	0.0	0.0	0.0	0.0	0.0	0.0	0.0	0.0	
Canada Warbler	0.0	0.0	0.0	0.0	0.0	0.0	0.0	0.0	0.0	0.0	0.0	0.0	0.0	0.0	0.0	0.0	0.0997783	0.2611765	0.3667158	0.109375	0.0058824	0.0	0.0	0.0	0.0	0.0	0.0	0.0	0.015873	0.08	0.2285714	0.0485437	0.0264901	0.0901639	0.012987	0.0049751	0.0	0.0030675	0.0	0.0	0.0	0.0	0.0	0.0	0.0	0.0	0.0	0.0	
Wilson's Warbler	0.0	0.0	0.0	0.0	0.0	0.0	0.0	0.0	0.0	0.0	0.0	0.0	0.0	0.0	0.0	0.0	0.0133038	0.2752941	0.2827688	0.0260417	0.0	0.0	0.0	0.0	0.0	0.0	0.0	0.0	0.0	0.0	0.0	0.0048544	0.0	0.0204918	0.0097403	0.0223881	0.0144092	0.0015	0.0026954	0.0	0.0	0.0037453	0.0	0.0	0.0	0.0	0.0	0.0	
warbler sp. (Parulidae sp.)	0.0	0.0	0.0	0.0	0.0	0.0	0.0	0.0	0.0	0.0	0.0	0.0	0.0	0.0018975	0.0025773	0.0086831	0.0210643	0.0352941	0.0382916	0.03125	0.0058824	0.0068493	0.0	0.0	0.0	0.0	0.0	0.0	0.015873	0.04	0.0642857	0.0339806	0.0331126	0.102459	0.0779221	0.0472637	0.0461095	0.0644172	0.0188679	0.0120968	0.0100334	0.0074906	0.0	0.0029155	0.0	0.0	0.0	0.0	
Summer Tanager	0.0	0.0	0.0	0.0	0.0	0.0	0.0	0.0	0.0	0.0	0.0	0.0	0.0	0.0	0.0360825	0.0549928	0.0465632	0.0258824	0.0382916	0.0052083	0.0	0.0	0.0	0.0	0.0	0.0	0.0	0.0	0.0	0.0	0.0	0.0	0.0	0.0040984	0.0	0.0024876	0.0	0.0	0.0	0.0	0.0	0.0	0.0	0.0	0.0	0.0	0.0	0.0	
Scarlet Tanager	0.0	0.0	0.0	0.0	0.0	0.0	0.0	0.0	0.0	0.0	0.0	0.0	0.0	0.0	0.0015	0.0014472	0.2172949	0.2482353	0.1723122	0.0546875	0.0	0.0	0.0	0.0	0.0	0.0	0.0	0.0	0.0	0.008	0.0	0.0194175	0.0264901	0.057377	0.1006494	0.1492537	0.1123919	0.0582822	0.0242588	0.0020161	0.0	0.0	0.0	0.0	0.0	0.0	0.0	0.0	
tanager sp. (Piranga sp.)	0.0	0.0	0.0	0.0	0.0	0.0	0.0	0.0	0.0	0.0	0.0	0.0	0.0	0.0	0.0	0.0	0.0	0.0011765	0.0	0.0	0.0	0.0	0.0	0.0	0.0	0.0	0.0	0.0	0.0	0.0	0.0	0.0	0.0	0.0	0.0	0.0	0.0	0.0	0.0	0.0	0.0	0.0	0.0	0.0	0.0	0.0	0.0	0.0	
Northern Cardinal	0.4545455	0.3092784	0.2960894	0.3739496	0.3271605	0.2611465	0.3493976	0.3922652	0.445122	0.3403141	0.4210526	0.5275591	0.573487	0.5901328	0.6056701	0.683068	0.7028825	0.6294118	0.5007364	0.5286458	0.4705882	0.390411	0.4230769	0.4085366	0.4444444	0.4029851	0.4444444	0.4625	0.515873	0.568	0.5642857	0.5533981	0.5562914	0.5	0.5519481	0.4975124	0.4380403	0.3680982	0.3450135	0.2540323	0.3110368	0.3707865	0.4363636	0.3323615	0.4157303	0.4084507	0.3506494	0.4487179	
Rose-breasted Grosbeak	0.0	0.0	0.0	0.0	0.0	0.0	0.0	0.0	0.0	0.0	0.0	0.0	0.0	0.0	0.0	0.1099855	0.2394678	0.1870588	0.1060383	0.0286458	0.0117647	0.0	0.0	0.0	0.0	0.0	0.010101	0.0	0.0	0.0	0.0142857	0.0	0.013245	0.1065574	0.1980519	0.2164179	0.0778098	0.0153374	0.0026954	0.0	0.0	0.0	0.0	0.0	0.0	0.0	0.0	0.0	
Blue Grosbeak	0.0	0.0	0.0	0.0	0.0	0.0	0.0	0.0	0.0	0.0	0.0	0.0	0.0	0.0	0.0015	0.0014472	0.0077605	0.0411765	0.0029455	0.0	0.0	0.0	0.0	0.0	0.0	0.0	0.0	0.0	0.0	0.0	0.0	0.0	0.0	0.0	0.0	0.0	0.0	0.0	0.0053908	0.0	0.0	0.0	0.0	0.0	0.0	0.0	0.0	0.0	
Indigo Bunting	0.0	0.0	0.0	0.0	0.0	0.0	0.0	0.0	0.0	0.0	0.0	0.0	0.0	0.0	0.0	0.0607815	0.191796	0.1917647	0.0736377	0.015625	0.0058824	0.0	0.0	0.0	0.0	0.0	0.0	0.00625	0.0	0.0	0.0	0.0	0.0066225	0.0040984	0.0292208	0.0199005	0.0317003	0.0552147	0.0026954	0.0	0.0	0.0	0.0	0.0	0.0	0.0	0.0	0.0	
Dickcissel	0.0	0.0	0.0	0.0	0.0	0.0	0.0	0.0	0.0	0.0	0.0	0.0	0.0	0.0	0.0	0.0	0.0	0.0	0.0	0.0	0.0	0.0	0.0	0.0	0.0	0.0	0.0	0.0	0.0	0.0	0.0	0.0015	0.0	0.0	0.0	0.0074627	0.0230548	0.0	0.0	0.0	0.0	0.0	0.0	0.0	0.0	0.0	0.0	0.0	
passerine sp.	0.0191388	0.0051546	0.0055866	0.0042017	0.0	0.0	0.0	0.0055249	0.0060976	0.0	0.0	0.0026247	0.0057637	0.0037951	0.0103093	0.015919	0.018847	0.0129412	0.0103093	0.0182292	0.0058824	0.0	0.0153846	0.0	0.010101	0.0	0.0	0.00625	0.0079365	0.008	0.0071429	0.0097087	0.0	0.045082	0.0097403	0.0174129	0.0028818	0.0245399	0.0188679	0.0100806	0.0033445	0.0	0.0109091	0.0	0.0	0.0035211	0.0	0.0076923	
bird sp.	0.0	0.0051546	0.0	0.0	0.0061728	0.0	0.0040161	0.0055249	0.0	0.0	0.0052632	0.0	0.0057637	0.0	0.0025773	0.0	0.0011086	0.0	0.0	0.0	0.0058824	0.0	0.0076923	0.0060976	0.0	0.0074627	0.010101	0.0	0.0	0.016	0.0071429	0.0048544	0.0066225	0.0	0.0	0.0024876	0.0	0.0	0.0080863	0.0020161	0.0	0.0	0.0109091	0.0	0.0037453	0.0	0.004329	0.0025641	

