Sample Size:	148.0	124.0	144.0	146.0	127.0	131.0	127.0	105.0	100.0	192.0	180.0	183.0	260.0	297.0	183.0	304.0	593.0	460.0	261.0	307.0	85.0	57.0	33.0	53.0	49.0	85.0	82.0	130.0	129.0	69.0	89.0	109.0	130.0	160.0	160.0	204.0	169.0	206.0	217.0	274.0	109.0	157.0	71.0	107.0	102.0	82.0	66.0	224.0	
Snow Goose	0.0	0.0	0.0	0.0	0.0	0.0	0.0	0.0	0.0	0.0015	0.0	0.0	0.0038462	0.0	0.0	0.0	0.0	0.0	0.0	0.0	0.0	0.0	0.0	0.0	0.0	0.0	0.0	0.0	0.0	0.0	0.0	0.0	0.0	0.0	0.0	0.0	0.0	0.0048544	0.0	0.0	0.0091743	0.0	0.0	0.0093458	0.0	0.0	0.0	0.0	
Brant	0.0945946	0.1935484	0.0694444	0.2739726	0.2283465	0.0763359	0.1181102	0.0952381	0.04	0.0572917	0.0722222	0.0601093	0.0384615	0.0639731	0.0874317	0.0197368	0.0168634	0.0369565	0.0191571	0.0065147	0.0117647	0.0	0.0	0.0	0.0	0.0	0.0	0.0	0.0	0.0	0.0	0.0	0.0	0.0	0.0	0.0	0.0	0.0	0.0322581	0.0182482	0.0733945	0.0509554	0.0140845	0.0841121	0.0196078	0.0487805	0.1060606	0.0267857	
Barnacle Goose	0.0	0.0	0.0	0.2328767	0.0551181	0.0	0.0	0.0	0.0	0.0	0.0	0.0	0.0	0.0	0.0	0.0	0.0	0.0	0.0	0.0	0.0	0.0	0.0	0.0	0.0	0.0	0.0	0.0	0.0	0.0	0.0	0.0	0.0	0.0	0.0	0.0	0.0	0.0	0.0	0.0	0.0	0.0	0.0	0.0	0.0	0.0	0.0	0.0	
Cackling Goose	0.0	0.0	0.0	0.0	0.015748	0.0	0.0	0.0	0.0	0.0	0.0	0.0	0.0	0.0	0.0	0.0	0.0	0.0	0.0	0.0	0.0	0.0	0.0	0.0	0.0	0.0	0.0	0.0	0.0	0.0	0.0	0.0	0.0	0.0	0.0	0.0	0.0	0.0	0.0	0.0	0.0	0.0	0.0	0.0	0.0	0.0	0.0	0.0	
Brant x Cackling Goose (hybrid)	0.0	0.0	0.0	0.0	0.007874	0.0	0.0	0.0	0.0	0.0	0.0055556	0.0054645	0.0	0.0	0.0	0.0	0.0	0.0	0.0	0.0	0.0	0.0	0.0	0.0	0.0	0.0	0.0	0.0	0.0	0.0	0.0	0.0	0.0	0.0	0.0	0.0	0.0	0.0	0.0	0.0	0.0	0.0	0.0	0.0	0.0	0.0	0.0	0.0	
Canada Goose	0.4256757	0.4758065	0.4166667	0.4452055	0.496063	0.4351145	0.3228346	0.2857143	0.41	0.5104167	0.6333333	0.5245902	0.5038462	0.4949495	0.5409836	0.5526316	0.470489	0.4369565	0.4061303	0.4397394	0.4117647	0.3684211	0.1515152	0.2641509	0.2040816	0.2117647	0.1585366	0.2076923	0.3488372	0.3043478	0.2808989	0.3027523	0.3076923	0.33125	0.23125	0.2205882	0.2485207	0.3009709	0.3179724	0.2372263	0.2844037	0.3312102	0.3802817	0.4766355	0.245098	0.5	0.5606061	0.15625	
Cackling/Canada Goose	0.0	0.0	0.0	0.0	0.0	0.0	0.0	0.0	0.0	0.0	0.0	0.0	0.0	0.0	0.0	0.0	0.0	0.0	0.0	0.0	0.0	0.0	0.0	0.0	0.0	0.0	0.0	0.0	0.0	0.0	0.0	0.0	0.0	0.0	0.0	0.0	0.0	0.0	0.0	0.0	0.0	0.0	0.0	0.0093458	0.0	0.0	0.0	0.0	
goose sp.	0.0	0.0	0.0	0.0	0.0	0.0	0.0	0.0	0.0	0.0052083	0.0	0.0	0.0	0.0	0.0	0.0	0.0	0.0	0.0	0.0	0.0	0.0	0.0	0.0	0.0	0.0	0.0	0.0	0.0	0.0	0.0	0.0	0.0	0.0	0.0	0.0	0.0	0.0	0.0046083	0.0036496	0.0	0.0	0.0	0.0	0.0	0.0	0.0	0.0	
Mute Swan	0.0	0.0	0.0	0.0	0.0	0.0	0.007874	0.0	0.0	0.0	0.0166667	0.0163934	0.05	0.003367	0.0015	0.0032895	0.0118044	0.0021739	0.0	0.0015	0.0117647	0.0	0.0	0.0	0.0204082	0.0117647	0.0	0.0	0.0	0.0	0.0	0.0	0.0	0.0	0.00625	0.0098039	0.0	0.0	0.0138249	0.0182482	0.0183486	0.0509554	0.0	0.0186916	0.0	0.0243902	0.0151515	0.0044643	
swan sp.	0.0	0.0	0.0	0.0	0.0	0.0076336	0.0	0.0	0.0	0.0	0.0	0.0	0.0	0.0	0.0	0.0	0.0	0.0	0.0	0.0	0.0	0.0	0.0	0.0	0.0	0.0	0.0	0.0	0.0	0.0	0.0	0.0	0.0	0.0	0.0	0.0	0.0	0.0	0.0	0.0	0.0	0.0	0.0	0.0	0.0	0.0	0.0	0.0	
Wood Duck	0.1959459	0.1854839	0.2083333	0.0342466	0.0551181	0.1374046	0.0314961	0.0952381	0.17	0.296875	0.2888889	0.1967213	0.1076923	0.023569	0.0327869	0.0197368	0.0404722	0.0891304	0.045977	0.029316	0.0588235	0.0350877	0.030303	0.0377358	0.0612245	0.0117647	0.0121951	0.0230769	0.0697674	0.0144928	0.0224719	0.0458716	0.0692308	0.075	0.05	0.0392157	0.0532544	0.0436893	0.0921659	0.0364964	0.1192661	0.0382166	0.0985915	0.0373832	0.0294118	0.1097561	0.030303	0.0357143	
Blue-winged Teal	0.0	0.0	0.0	0.0	0.0	0.0	0.0	0.0	0.0	0.0	0.0	0.0	0.0	0.0	0.0	0.0	0.0	0.0	0.0	0.0	0.0	0.0	0.0	0.0	0.0	0.0	0.0	0.0	0.0077519	0.0	0.0	0.0	0.0	0.0	0.0	0.0	0.0	0.0	0.0	0.0	0.0	0.0	0.0	0.0	0.0	0.0	0.0	0.0	
Northern Shoveler	0.3581081	0.3145161	0.2916667	0.2328767	0.1496063	0.2366412	0.1653543	0.1904762	0.22	0.328125	0.3944444	0.3387978	0.3461538	0.2861953	0.2349727	0.2565789	0.158516	0.0978261	0.0076628	0.0032573	0.0	0.0	0.030303	0.0377358	0.0	0.0	0.0	0.0076923	0.0	0.0	0.0	0.0	0.0076923	0.03125	0.03125	0.0441176	0.035503	0.0970874	0.0875576	0.0328467	0.1009174	0.1401274	0.3380282	0.3738318	0.1078431	0.2926829	0.1515152	0.0669643	
Gadwall	0.1824324	0.2016129	0.1388889	0.2260274	0.1102362	0.0534351	0.0944882	0.0666667	0.06	0.1041667	0.1944444	0.0601093	0.0730769	0.0976431	0.0710383	0.0559211	0.0623946	0.0608696	0.0727969	0.029316	0.0470588	0.0526316	0.0	0.0377358	0.0	0.0352941	0.0121951	0.0230769	0.0542636	0.0144928	0.0337079	0.0183486	0.0076923	0.11875	0.08125	0.0539216	0.0887574	0.1067961	0.1658986	0.0510949	0.1743119	0.1146497	0.2676056	0.2149533	0.0686275	0.1585366	0.1818182	0.0446429	
American Wigeon	0.0	0.0	0.0	0.0	0.007874	0.0	0.007874	0.0	0.0	0.0208333	0.0611111	0.0601093	0.0	0.0	0.0	0.0	0.0	0.0	0.0	0.0	0.0	0.0	0.0	0.0	0.0	0.0	0.0	0.0	0.0	0.0	0.0	0.0	0.0	0.0	0.0	0.004902	0.0	0.0	0.0	0.0	0.0	0.0	0.0	0.0	0.0	0.0	0.0	0.0	
Mallard	0.4662162	0.5241935	0.4444444	0.4041096	0.496063	0.4961832	0.3228346	0.3904762	0.44	0.5729167	0.6222222	0.5846995	0.5615385	0.5824916	0.6338798	0.6085526	0.5615514	0.5673913	0.5670498	0.5472313	0.5058824	0.5263158	0.3333333	0.4150943	0.4489796	0.2	0.2317073	0.2846154	0.3100775	0.3478261	0.3370787	0.3944954	0.4153846	0.41875	0.35625	0.4313725	0.3431953	0.3980583	0.4239631	0.2883212	0.440367	0.3949045	0.5915493	0.588785	0.3333333	0.5853659	0.4848485	0.1651786	
American Black Duck	0.2702703	0.1774194	0.2083333	0.1506849	0.2834646	0.2061069	0.1338583	0.1714286	0.17	0.2708333	0.2777778	0.2021858	0.1038462	0.0505051	0.0327869	0.0065789	0.0067454	0.0065217	0.0038314	0.0065147	0.0235294	0.0	0.0606061	0.0	0.0	0.0	0.0121951	0.0153846	0.0465116	0.1014493	0.0561798	0.0275229	0.0153846	0.04375	0.0375	0.0735294	0.0236686	0.0631068	0.0645161	0.0474453	0.1284404	0.1210191	0.2816901	0.2056075	0.0980392	0.2439024	0.1060606	0.03125	
Mallard x American Black Duck (hybrid)	0.0743243	0.0403226	0.0486111	0.0479452	0.007874	0.0305344	0.0629921	0.0	0.02	0.03125	0.0277778	0.0054645	0.0	0.013468	0.010929	0.0164474	0.0016863	0.0043478	0.0038314	0.0	0.0235294	0.0	0.0	0.0377358	0.0204082	0.0117647	0.0243902	0.0307692	0.0	0.0869565	0.0224719	0.0183486	0.0153846	0.00625	0.025	0.0147059	0.0	0.0048544	0.0368664	0.0109489	0.0366972	0.0127389	0.0	0.0093458	0.0196078	0.0365854	0.0151515	0.0	
Northern Pintail	0.0	0.0	0.0	0.0	0.0	0.0	0.0	0.0	0.0	0.0	0.0	0.0	0.0	0.0	0.0	0.0	0.0	0.0	0.0	0.0	0.0	0.0	0.0	0.0	0.0	0.0	0.0	0.0	0.0	0.0	0.0	0.0	0.0	0.0	0.0	0.0	0.0	0.0	0.0046083	0.0	0.0183486	0.0	0.0140845	0.0	0.0	0.0	0.0	0.0	
Green-winged Teal	0.0	0.0	0.0	0.0	0.0	0.0	0.0	0.0	0.0	0.0	0.0	0.0	0.0	0.0	0.0	0.0	0.0	0.0	0.0	0.0	0.0	0.0	0.0	0.0	0.0	0.0	0.0	0.0	0.0	0.0	0.0	0.0	0.0	0.0	0.00625	0.0	0.0	0.0194175	0.0046083	0.0	0.0366972	0.0	0.0	0.0560748	0.0	0.0	0.0	0.0	
dabbling duck sp.	0.0	0.0	0.0	0.0	0.0	0.0	0.0	0.0	0.0	0.0	0.0	0.0	0.0	0.0	0.0	0.0	0.0	0.0	0.0	0.0	0.0	0.0	0.0	0.0	0.0	0.0	0.0	0.0	0.0	0.0	0.0	0.0	0.0076923	0.0	0.0	0.0	0.0	0.0	0.0	0.0	0.0	0.0	0.0	0.0	0.0	0.0	0.0	0.0	
Canvasback	0.0	0.0322581	0.0347222	0.0	0.023622	0.0229008	0.007874	0.0190476	0.06	0.046875	0.0333333	0.0	0.0	0.0	0.0	0.0	0.0	0.0	0.0	0.0	0.0	0.0	0.0	0.0	0.0	0.0	0.0	0.0	0.0	0.0	0.0	0.0	0.0	0.0	0.0	0.0	0.0	0.0	0.0	0.0	0.0	0.0	0.0	0.0	0.0	0.0	0.0	0.0	
Redhead	0.0	0.0	0.0	0.0068493	0.0	0.0	0.0	0.0095238	0.01	0.0	0.0	0.0	0.0	0.0	0.0	0.0	0.0	0.0	0.0	0.0	0.0	0.0	0.0	0.0	0.0	0.0	0.0	0.0	0.0	0.0	0.0	0.0	0.0	0.0	0.0	0.0	0.0	0.0	0.0	0.0	0.0	0.0	0.0	0.0	0.0	0.0	0.0	0.0	
Ring-necked Duck	0.1756757	0.0725806	0.0972222	0.0068493	0.007874	0.0	0.0	0.0095238	0.0	0.03125	0.1277778	0.0163934	0.0153846	0.0	0.0	0.0	0.0	0.0	0.0	0.0	0.0	0.0	0.0	0.0	0.0	0.0	0.0	0.0	0.0	0.0	0.0	0.0	0.0	0.0	0.0	0.0	0.0	0.0	0.0	0.0	0.0091743	0.0063694	0.1408451	0.2149533	0.0784314	0.1585366	0.0909091	0.0178571	
Greater Scaup	0.0	0.0	0.0	0.0068493	0.007874	0.0	0.007874	0.0	0.0	0.0	0.0	0.0054645	0.0	0.0	0.0	0.0	0.0	0.0021739	0.0	0.0	0.0	0.0	0.0	0.0	0.0	0.0	0.0	0.0	0.0	0.0	0.0	0.0	0.0	0.0	0.0	0.0	0.0	0.0	0.0	0.0	0.0	0.0	0.0	0.0	0.0	0.0	0.0	0.0	
Lesser Scaup	0.027027	0.0080645	0.0	0.0205479	0.0	0.0076336	0.015748	0.0190476	0.0	0.0	0.0111111	0.0015	0.0	0.0	0.0	0.0	0.0	0.0	0.0	0.0	0.0	0.0	0.0	0.0	0.0	0.0	0.0	0.0	0.0	0.0	0.0	0.0	0.0	0.0	0.0	0.0	0.0	0.0	0.0	0.0	0.0	0.0	0.0	0.0	0.0	0.0	0.0	0.0	
Greater/Lesser Scaup	0.0	0.0080645	0.0069444	0.0136986	0.007874	0.0	0.0	0.0190476	0.01	0.0052083	0.0055556	0.0054645	0.0	0.0	0.0	0.0	0.0	0.0	0.0	0.0	0.0	0.0	0.0	0.0	0.0	0.0	0.0	0.0	0.0	0.0	0.0	0.0	0.0	0.0	0.0	0.0	0.0	0.0	0.0	0.0	0.0	0.0	0.0	0.0	0.0	0.0	0.0151515	0.0089286	
White-winged Scoter	0.0	0.0	0.0	0.0	0.0	0.0	0.0	0.0	0.06	0.0885417	0.05	0.0015	0.0038462	0.0	0.0	0.0	0.0	0.0	0.0	0.0	0.0	0.0	0.0	0.0	0.0	0.0	0.0	0.0	0.0	0.0	0.0	0.0	0.0	0.0	0.0	0.0	0.0	0.0	0.0	0.0	0.0	0.0	0.0	0.0	0.0	0.0	0.0	0.0	
Black Scoter	0.0	0.0	0.0	0.0	0.0	0.0	0.0	0.0	0.0	0.0	0.0	0.0	0.0	0.0	0.0	0.0	0.0	0.0	0.0	0.0	0.0	0.0	0.0	0.0	0.0	0.0	0.0	0.0	0.0	0.0	0.0	0.0	0.0	0.0	0.0	0.0	0.0	0.0	0.0	0.0	0.0183486	0.0	0.0	0.0	0.0	0.0	0.0	0.0	
Long-tailed Duck	0.0	0.0	0.0	0.0068493	0.0	0.0	0.0	0.0	0.02	0.0	0.0055556	0.0054645	0.0	0.0	0.0	0.0	0.0	0.0	0.0	0.0	0.0	0.0	0.0	0.0	0.0	0.0	0.0	0.0	0.0	0.0	0.0	0.0	0.0	0.0	0.0	0.0	0.0	0.0	0.0	0.0036496	0.0	0.0	0.0	0.0	0.0015	0.0	0.0	0.0	
Bufflehead	0.2162162	0.2419355	0.2847222	0.1780822	0.1259843	0.1450382	0.1496063	0.1238095	0.11	0.1927083	0.3888889	0.2677596	0.3269231	0.2087542	0.0874317	0.0592105	0.0067454	0.0021739	0.0	0.0	0.0	0.0	0.0	0.0	0.0	0.0	0.0	0.0	0.0	0.0	0.0	0.0	0.0	0.0	0.0	0.0	0.0	0.0	0.0	0.0109489	0.1559633	0.1528662	0.2394366	0.3271028	0.0980392	0.304878	0.1666667	0.0625	
Common Goldeneye	0.0067568	0.0322581	0.0138889	0.0136986	0.015748	0.0229008	0.015748	0.0285714	0.02	0.0	0.0222222	0.0	0.0	0.0	0.0	0.0	0.0	0.0	0.0	0.0	0.0	0.0	0.0	0.0	0.0	0.0	0.0	0.0	0.0	0.0	0.0	0.0	0.0	0.0	0.0	0.0	0.0	0.0	0.0	0.0	0.0	0.0	0.0	0.0	0.0	0.0121951	0.0151515	0.0044643	
Hooded Merganser	0.2567568	0.1451613	0.2013889	0.0342466	0.015748	0.0	0.007874	0.0190476	0.0	0.2083333	0.2611111	0.1420765	0.05	0.0	0.0	0.0	0.0015	0.0	0.0	0.0	0.0235294	0.0	0.0	0.0	0.0	0.0	0.0	0.0	0.0	0.0	0.0	0.0	0.0	0.0	0.0	0.0	0.0	0.0	0.0	0.0036496	0.1100917	0.0700637	0.2394366	0.317757	0.1470588	0.195122	0.1363636	0.0446429	
Common Merganser	0.0202703	0.0080645	0.0	0.0	0.0	0.0687023	0.015748	0.0	0.0	0.0	0.0166667	0.0	0.0	0.0	0.0	0.0	0.0	0.0	0.0	0.0	0.0	0.0	0.0	0.0	0.0	0.0	0.0	0.0	0.0	0.0	0.0	0.0	0.0	0.0	0.0	0.0	0.0	0.0	0.0	0.0	0.0	0.0	0.0	0.0373832	0.0196078	0.0243902	0.0	0.0	
Red-breasted Merganser	0.0405405	0.1129032	0.0833333	0.2465753	0.1259843	0.0839695	0.1732283	0.1142857	0.22	0.3333333	0.2944444	0.2240437	0.1307692	0.0673401	0.0	0.0098684	0.0016863	0.0043478	0.0	0.0	0.0	0.0	0.0	0.0	0.0	0.0	0.0	0.0	0.0	0.0	0.0	0.0	0.0	0.0	0.0	0.0	0.0	0.0	0.0046083	0.0	0.0183486	0.0015	0.0140845	0.0	0.0098039	0.0365854	0.0606061	0.0133929	
Ruddy Duck	0.1756757	0.1532258	0.1944444	0.0479452	0.0866142	0.0229008	0.023622	0.0095238	0.03	0.0364583	0.25	0.2021858	0.1769231	0.0909091	0.0765027	0.0394737	0.0033727	0.0	0.0	0.0032573	0.0	0.0	0.0	0.0	0.0	0.0	0.0	0.0	0.0	0.0	0.0	0.0	0.0	0.0	0.0	0.004902	0.0059172	0.0533981	0.0875576	0.0474453	0.1559633	0.1401274	0.2676056	0.2897196	0.0784314	0.195122	0.1060606	0.0491071	
duck sp.	0.0	0.0080645	0.0138889	0.0	0.0	0.0076336	0.015748	0.0	0.01	0.0104167	0.0	0.0	0.0038462	0.006734	0.010929	0.0	0.0	0.0021739	0.0	0.0	0.0	0.0	0.0	0.0	0.0	0.0117647	0.0	0.0153846	0.0387597	0.0144928	0.0	0.0091743	0.0307692	0.04375	0.01875	0.0147059	0.0059172	0.0	0.0092166	0.0	0.0275229	0.0	0.0	0.0	0.0	0.0121951	0.0151515	0.0044643	
Wild Turkey	0.0067568	0.016129	0.0	0.0	0.0	0.0	0.007874	0.0095238	0.0	0.0015	0.0	0.0054645	0.0038462	0.0	0.0	0.0	0.0015	0.0043478	0.0038314	0.0	0.0	0.0015	0.0	0.0	0.0	0.0	0.0	0.0	0.0	0.0	0.0	0.0	0.0	0.0	0.0	0.0	0.0	0.0	0.0	0.0	0.0	0.0	0.0	0.0	0.0	0.0	0.0	0.0	
Pied-billed Grebe	0.2094595	0.1129032	0.1597222	0.0273973	0.0314961	0.0	0.0	0.0	0.0	0.0208333	0.0055556	0.010929	0.0	0.0	0.0	0.0	0.0	0.0	0.0191571	0.0	0.0	0.0	0.0	0.0	0.0	0.0	0.0	0.0	0.0	0.0	0.0	0.0	0.0	0.0	0.0	0.0	0.0	0.0145631	0.0368664	0.0036496	0.0	0.0127389	0.0422535	0.0654206	0.0196078	0.0	0.0	0.0133929	
Horned Grebe	0.0	0.0	0.0	0.0273973	0.0	0.0	0.0	0.0	0.0	0.0	0.0	0.0054645	0.0	0.003367	0.0	0.0	0.0	0.0	0.0	0.0	0.0	0.0	0.0	0.0	0.0	0.0	0.0	0.0	0.0	0.0	0.0	0.0	0.0	0.0	0.0	0.0	0.0	0.0	0.0	0.0036496	0.0	0.0063694	0.0	0.0	0.0	0.0	0.0151515	0.0	
Red-necked Grebe	0.0	0.0	0.0	0.0273973	0.0	0.0	0.007874	0.0095238	0.02	0.1614583	0.2166667	0.1420765	0.0576923	0.037037	0.010929	0.0065789	0.0	0.0	0.0	0.0	0.0	0.0	0.0	0.0	0.0	0.0	0.0	0.0	0.0	0.0	0.0	0.0	0.0	0.0	0.0	0.0	0.0	0.0	0.0	0.0	0.0	0.0	0.0	0.0	0.0	0.0	0.0	0.0	
Rock Pigeon	0.4864865	0.6048387	0.4652778	0.4178082	0.5433071	0.5725191	0.480315	0.5047619	0.59	0.453125	0.5555556	0.6229508	0.5538462	0.6801347	0.726776	0.6414474	0.6644182	0.6347826	0.6590038	0.6221498	0.6117647	0.7017544	0.6060606	0.5849057	0.6734694	0.5411765	0.5487805	0.6923077	0.6511628	0.6811594	0.6966292	0.6605505	0.6846154	0.7	0.65625	0.6568627	0.6863905	0.6019417	0.59447	0.4854015	0.6422018	0.5605096	0.5492958	0.5420561	0.6862745	0.6097561	0.7424242	0.7366071	
Eurasian Collared-Dove	0.0	0.0	0.0	0.0	0.0	0.0	0.0	0.0	0.0	0.0	0.0	0.0	0.0	0.0	0.0	0.0	0.0	0.0	0.0	0.0	0.0	0.0	0.0	0.0188679	0.0816327	0.1294118	0.0853659	0.0076923	0.0	0.0144928	0.0	0.0	0.0076923	0.0	0.0	0.0	0.0	0.0	0.0	0.0	0.0	0.0	0.0140845	0.0280374	0.0098039	0.0121951	0.0	0.0089286	
Mourning Dove	0.3040541	0.3548387	0.3194444	0.130137	0.3385827	0.3206107	0.2125984	0.2857143	0.37	0.3333333	0.4277778	0.442623	0.4961538	0.6397306	0.6502732	0.6151316	0.6273187	0.576087	0.6130268	0.5700326	0.4352941	0.4736842	0.4848485	0.4716981	0.4897959	0.4	0.4878049	0.3615385	0.3565891	0.4637681	0.5955056	0.5504587	0.6	0.59375	0.6375	0.4852941	0.5088757	0.5097087	0.4884793	0.3430657	0.3853211	0.3566879	0.4788732	0.4485981	0.2156863	0.4268293	0.2575758	0.3169643	
Yellow-billed Cuckoo	0.0	0.0	0.0	0.0	0.0	0.0	0.0	0.0	0.0	0.0	0.0	0.0	0.0	0.0	0.0	0.0	0.0067454	0.0456522	0.0114943	0.0032573	0.0117647	0.0	0.0	0.0	0.0	0.0	0.0	0.0	0.0	0.0	0.011236	0.0	0.0153846	0.0	0.0125	0.004902	0.0	0.0	0.0	0.0	0.0	0.0	0.0	0.0	0.0	0.0	0.0	0.0	
Black-billed Cuckoo	0.0	0.0	0.0	0.0	0.0	0.0	0.0	0.0	0.0	0.0	0.0	0.0	0.0	0.0	0.0	0.0	0.0489039	0.0282609	0.0421456	0.029316	0.0	0.0	0.0	0.0	0.0	0.0	0.0	0.0	0.0077519	0.0	0.0224719	0.0	0.0307692	0.0	0.0	0.004902	0.0	0.0097087	0.0046083	0.0	0.0	0.0	0.0	0.0	0.0	0.0	0.0	0.0	
Yellow-billed/Black-billed Cuckoo	0.0	0.0	0.0	0.0	0.0	0.0	0.0	0.0	0.0	0.0	0.0	0.0	0.0	0.0	0.0	0.0	0.0	0.0021739	0.0038314	0.0	0.0	0.0	0.0	0.0	0.0	0.0	0.0	0.0	0.0	0.0	0.0	0.0	0.0153846	0.00625	0.0	0.0	0.0	0.0	0.0	0.0	0.0	0.0	0.0	0.0	0.0	0.0	0.0	0.0	
Coccyzus sp.	0.0	0.0	0.0	0.0	0.0	0.0	0.0	0.0	0.0	0.0	0.0	0.0	0.0	0.0	0.0	0.0	0.0	0.0	0.0	0.0	0.0	0.0	0.0	0.0	0.0	0.0	0.0	0.0	0.0	0.0	0.0	0.0	0.0	0.00625	0.0	0.0	0.0	0.0	0.0	0.0	0.0	0.0	0.0	0.0	0.0	0.0	0.0	0.0	
Common Nighthawk	0.0	0.0	0.0	0.0	0.0	0.0	0.0	0.0	0.0	0.0	0.0	0.0	0.0	0.0	0.0	0.0	0.0016863	0.0173913	0.0076628	0.0032573	0.0	0.0	0.0	0.0	0.0	0.0	0.0	0.0	0.0	0.0	0.011236	0.0183486	0.0153846	0.00625	0.00625	0.0	0.0	0.0242718	0.0138249	0.0	0.0	0.0	0.0	0.0	0.0	0.0	0.0	0.0	
Chuck-will's-widow	0.0	0.0	0.0	0.0	0.0	0.0	0.0	0.0	0.0	0.0	0.0	0.0	0.0	0.0	0.0	0.0	0.0539629	0.0	0.0	0.0	0.0	0.0	0.0	0.0	0.0	0.0	0.0	0.0	0.0	0.0	0.0	0.0	0.0	0.0	0.0	0.0	0.0	0.0	0.0	0.0	0.0	0.0	0.0	0.0	0.0	0.0	0.0	0.0	
nightjar sp.	0.0	0.0	0.0	0.0	0.0	0.0	0.0	0.0	0.0	0.0	0.0	0.0	0.0	0.0	0.0	0.0	0.0	0.0	0.0	0.0	0.0	0.0	0.0	0.0	0.0	0.0	0.0	0.0	0.0	0.0	0.0	0.0	0.0076923	0.0	0.0	0.0	0.0	0.0	0.0	0.0	0.0	0.0	0.0	0.0	0.0	0.0	0.0	0.0	
Chimney Swift	0.0	0.0	0.0	0.0	0.0	0.0	0.0	0.0	0.0	0.0	0.0	0.0	0.0	0.003367	0.0	0.1085526	0.2495784	0.3391304	0.348659	0.3583062	0.2352941	0.2631579	0.1515152	0.1698113	0.1836735	0.2	0.1707317	0.2307692	0.2093023	0.2318841	0.2022472	0.2844037	0.2538462	0.28125	0.3125	0.3137255	0.2248521	0.1116505	0.0184332	0.0036496	0.0	0.0	0.0	0.0	0.0	0.0	0.0	0.0	
Ruby-throated Hummingbird	0.0	0.0	0.0	0.0	0.0	0.0	0.0	0.0	0.0	0.0	0.0	0.0	0.0	0.0	0.0	0.0230263	0.1854975	0.0804348	0.0344828	0.0912052	0.2117647	0.1578947	0.0	0.0	0.0	0.0	0.0	0.0	0.0465116	0.0434783	0.0674157	0.1376147	0.1923077	0.325	0.375	0.3284314	0.0887574	0.0145631	0.0	0.0	0.0	0.0	0.0	0.0	0.0	0.0	0.0	0.0	
American Coot	0.2567568	0.2177419	0.2291667	0.0684932	0.0708661	0.1450382	0.1102362	0.152381	0.14	0.265625	0.2666667	0.1803279	0.1	0.030303	0.0218579	0.0032895	0.0	0.0	0.0	0.0	0.0	0.0	0.0	0.0	0.0	0.0	0.0	0.0	0.0	0.0	0.0	0.0	0.0	0.0	0.0	0.0	0.0177515	0.0	0.0	0.0036496	0.0458716	0.089172	0.2394366	0.271028	0.1078431	0.2317073	0.1060606	0.0357143	
American Avocet	0.0	0.0	0.0	0.0	0.0	0.0	0.0	0.0	0.0	0.0	0.0	0.0	0.0	0.0	0.0	0.0	0.0	0.0	0.0	0.0	0.0	0.0	0.0	0.0	0.0	0.0	0.0243902	0.0	0.0	0.0	0.0	0.0	0.0	0.0	0.0	0.0	0.0	0.0	0.0	0.0	0.0	0.0	0.0	0.0	0.0	0.0	0.0	0.0	
American Oystercatcher	0.0	0.0	0.0	0.0	0.0	0.0	0.0	0.0	0.0	0.0	0.0	0.0	0.0038462	0.0	0.0	0.0	0.0	0.0043478	0.0	0.0	0.0	0.0	0.0	0.0	0.0	0.0	0.0	0.0076923	0.0077519	0.0	0.0	0.0	0.0	0.0	0.0	0.0	0.0	0.0	0.0	0.0	0.0	0.0	0.0	0.0	0.0	0.0	0.0	0.0	
Semipalmated Plover	0.0	0.0	0.0	0.0	0.0	0.0	0.0	0.0	0.0	0.0	0.0	0.0	0.0	0.0	0.0	0.0	0.0	0.0	0.0	0.0	0.0	0.0	0.0	0.0	0.0	0.0	0.0	0.0	0.0155039	0.0	0.0	0.0183486	0.0076923	0.00625	0.00625	0.004902	0.0059172	0.0	0.0	0.0	0.0	0.0	0.0	0.0	0.0	0.0	0.0	0.0	
Killdeer	0.0	0.0	0.0	0.0	0.0	0.0	0.0	0.0380952	0.0	0.0052083	0.0222222	0.0327869	0.0076923	0.006734	0.0054645	0.0015	0.0033727	0.0086957	0.0114943	0.0065147	0.0117647	0.0	0.030303	0.0	0.0	0.0	0.0	0.0230769	0.0232558	0.0144928	0.0337079	0.0091743	0.0076923	0.0	0.0125	0.004902	0.0177515	0.0097087	0.0138249	0.0	0.0	0.0063694	0.0	0.0	0.0	0.0121951	0.0	0.0044643	
plover sp.	0.0	0.0	0.0	0.0	0.0	0.0	0.0	0.0	0.0	0.0	0.0	0.0	0.0	0.0	0.0	0.0	0.0	0.0	0.0	0.0	0.0	0.0	0.0	0.0	0.0	0.0	0.0	0.0	0.0	0.0	0.0	0.0	0.0015	0.0	0.0	0.0	0.0	0.0	0.0	0.0	0.0	0.0	0.0	0.0	0.0	0.0	0.0	0.0	
Purple Sandpiper	0.0	0.0	0.0069444	0.0	0.0	0.0	0.0	0.0	0.0	0.0	0.0	0.0	0.0	0.0	0.0	0.0	0.0	0.0	0.0	0.0	0.0	0.0	0.0	0.0	0.0	0.0	0.0	0.0	0.0	0.0	0.0	0.0	0.0	0.0	0.0	0.0	0.0	0.0	0.0	0.0	0.0	0.0	0.0	0.0	0.0	0.0	0.0	0.0	
Least Sandpiper	0.0	0.0	0.0	0.0	0.0	0.0	0.0	0.0	0.0	0.0	0.0	0.0	0.0	0.0	0.0	0.0	0.0	0.0021739	0.0	0.0	0.0	0.0	0.0	0.0	0.0	0.0	0.0	0.0	0.0155039	0.0289855	0.0674157	0.1192661	0.0461538	0.0125	0.0015	0.004902	0.0	0.0	0.0	0.0	0.0	0.0	0.0	0.0	0.0	0.0	0.0	0.0	
White-rumped Sandpiper	0.0	0.0	0.0	0.0	0.0	0.0	0.0	0.0	0.0	0.0	0.0	0.0	0.0	0.0	0.0	0.0	0.0	0.0	0.0	0.0	0.0	0.0	0.0	0.0	0.0	0.0	0.0	0.0	0.0	0.0	0.0	0.0	0.0	0.0	0.0	0.0	0.0059172	0.0	0.0	0.0	0.0	0.0	0.0	0.0	0.0	0.0	0.0	0.0	
Pectoral Sandpiper	0.0	0.0	0.0	0.0	0.0	0.0	0.0	0.0	0.0	0.0	0.0	0.0	0.0	0.0	0.0	0.0	0.0	0.0	0.0	0.0	0.0	0.0	0.0	0.0	0.0	0.0	0.0	0.0	0.0	0.0	0.0	0.0	0.0076923	0.0	0.025	0.0392157	0.0015	0.0	0.0	0.0	0.0	0.0	0.0	0.0	0.0	0.0	0.0	0.0	
Semipalmated Sandpiper	0.0	0.0	0.0	0.0	0.0	0.0	0.0	0.0	0.0	0.0	0.0	0.0	0.0	0.0	0.0	0.0	0.0	0.0	0.0	0.0	0.0	0.0	0.0	0.0	0.0	0.0	0.0	0.0	0.0	0.0144928	0.0	0.0733945	0.0384615	0.05	0.0375	0.0539216	0.0118343	0.0	0.0	0.0	0.0	0.0	0.0	0.0	0.0	0.0	0.0	0.0	
peep sp.	0.0	0.0	0.0	0.0	0.0	0.0	0.0	0.0	0.0	0.0	0.0	0.0	0.0	0.0	0.0	0.0	0.0016863	0.0	0.0	0.0	0.0	0.0	0.0	0.0	0.0	0.0	0.0	0.0	0.0	0.0	0.011236	0.0	0.0	0.0	0.0	0.0	0.0	0.0	0.0	0.0	0.0	0.0	0.0	0.0	0.0	0.0	0.0	0.0	
American Woodcock	0.0	0.0	0.0	0.0	0.0	0.0	0.0	0.0190476	0.04	0.2083333	0.1555556	0.1256831	0.0346154	0.003367	0.0	0.0	0.005059	0.0	0.0	0.0	0.0	0.0	0.0	0.0	0.0	0.0	0.0	0.0	0.0	0.0	0.0	0.0	0.0	0.0	0.0	0.0	0.0	0.0	0.0046083	0.0109489	0.0550459	0.1019108	0.0140845	0.0280374	0.0196078	0.0243902	0.0	0.0	
Wilson's Snipe	0.0	0.0	0.0	0.0	0.0	0.0	0.0	0.0	0.0	0.0	0.0	0.0054645	0.0	0.0639731	0.0	0.0164474	0.0	0.0	0.0	0.0	0.0	0.0	0.0	0.0	0.0	0.0	0.0	0.0	0.0	0.0	0.0	0.0	0.0	0.03125	0.0	0.0	0.0	0.0	0.0015	0.0036496	0.0183486	0.0015	0.0	0.0	0.0	0.0	0.0	0.0	
Red-necked Phalarope	0.0	0.0	0.0	0.0	0.0	0.0	0.0	0.0	0.0	0.0	0.0	0.0	0.0	0.0	0.0	0.0	0.0	0.0021739	0.0	0.0	0.0	0.0	0.0	0.0	0.0	0.0	0.0	0.0	0.0	0.0	0.0	0.0	0.0	0.0	0.0	0.0	0.0	0.0	0.0	0.0	0.0	0.0	0.0	0.0	0.0	0.0	0.0	0.0	
Spotted Sandpiper	0.0	0.0	0.0	0.0	0.0	0.0	0.0	0.0	0.0	0.0	0.0	0.0	0.0	0.0	0.0	0.0197368	0.0455312	0.0869565	0.0306513	0.0423453	0.0	0.0	0.0	0.0	0.0	0.0235294	0.0121951	0.0230769	0.0930233	0.0289855	0.0337079	0.0642202	0.0307692	0.0	0.01875	0.0147059	0.0	0.0048544	0.0	0.0	0.0	0.0	0.0	0.0	0.0	0.0	0.0	0.0	
Solitary Sandpiper	0.0	0.0	0.0	0.0	0.0	0.0	0.0	0.0	0.0	0.0	0.0	0.0	0.0	0.0	0.0	0.0	0.0168634	0.0434783	0.0038314	0.0032573	0.0	0.0	0.0	0.0	0.0	0.0	0.0	0.0	0.0310078	0.0144928	0.011236	0.0	0.0	0.00625	0.0	0.0	0.0	0.0	0.0	0.0	0.0	0.0	0.0	0.0	0.0	0.0	0.0	0.0	
Greater Yellowlegs	0.0	0.0	0.0	0.0	0.0	0.0	0.0	0.0	0.0	0.0	0.0	0.0054645	0.0	0.0	0.0	0.0	0.0067454	0.0065217	0.0	0.0	0.0	0.0	0.0	0.0	0.0	0.0	0.0	0.0	0.0	0.0	0.011236	0.0	0.0	0.0	0.0	0.0	0.0	0.0048544	0.0	0.0	0.0	0.0	0.0	0.0	0.0	0.0	0.0	0.0	
large shorebird sp.	0.0	0.0	0.0	0.0	0.0	0.0	0.0	0.0	0.0	0.0	0.0	0.0	0.0	0.0	0.0	0.0	0.0	0.0	0.0	0.0	0.0	0.0	0.0	0.0	0.0	0.0	0.0	0.0	0.0	0.0	0.0	0.0	0.0015	0.0	0.0	0.0	0.0	0.0	0.0	0.0	0.0091743	0.0	0.0	0.0	0.0	0.0	0.0	0.0	
shorebird sp.	0.0	0.0	0.0	0.0	0.0	0.0	0.0	0.0	0.0	0.0	0.0	0.0	0.0	0.0	0.0	0.0	0.0	0.0	0.0	0.0	0.0	0.0	0.0	0.0	0.0	0.0	0.0	0.0	0.0	0.0	0.011236	0.0	0.0	0.0	0.0	0.0	0.0	0.0	0.0	0.0	0.0	0.0	0.0	0.0	0.0	0.0	0.0	0.0	
Bonaparte's Gull	0.0135135	0.0080645	0.0069444	0.0068493	0.0	0.0	0.0	0.0	0.0	0.0	0.0	0.0	0.0	0.0	0.0	0.0032895	0.0	0.0	0.0	0.0	0.0	0.0	0.0	0.0	0.0	0.0	0.0	0.0	0.0	0.0	0.0	0.0	0.0	0.0	0.0	0.0	0.0	0.0	0.0	0.0	0.0183486	0.0063694	0.0	0.0	0.0	0.0121951	0.0	0.0	
Black-headed Gull	0.0	0.0	0.0	0.0	0.0	0.0	0.0	0.0	0.0	0.0	0.0	0.0	0.0	0.0	0.0015	0.0	0.0	0.0	0.0	0.0	0.0	0.0	0.0	0.0	0.0	0.0	0.0	0.0	0.0	0.0	0.0	0.0	0.0	0.0	0.0	0.0	0.0	0.0	0.0	0.0	0.0	0.0	0.0	0.0	0.0	0.0	0.0	0.0044643	
Laughing Gull	0.0	0.0	0.0	0.0	0.0	0.0	0.0	0.0	0.0	0.0	0.0	0.0	0.0038462	0.006734	0.0163934	0.0197368	0.005059	0.023913	0.0114943	0.0228013	0.0	0.0	0.1212121	0.0566038	0.1020408	0.0941176	0.0609756	0.0615385	0.0697674	0.057971	0.011236	0.0458716	0.0307692	0.0	0.0125	0.0147059	0.0118343	0.0145631	0.0092166	0.0145985	0.0458716	0.0254777	0.0	0.0	0.0	0.0	0.0	0.0	
Ring-billed Gull	0.4797297	0.5806452	0.4236111	0.5205479	0.4645669	0.519084	0.4409449	0.4	0.37	0.5520833	0.5888889	0.431694	0.2692308	0.1784512	0.2349727	0.1513158	0.079258	0.1282609	0.1034483	0.1205212	0.1294118	0.0526316	0.030303	0.0566038	0.1632653	0.1882353	0.1829268	0.2461538	0.3178295	0.3623188	0.1460674	0.266055	0.1230769	0.125	0.15	0.1617647	0.1183432	0.184466	0.2304147	0.2080292	0.3211009	0.2866242	0.3380282	0.4672897	0.5	0.4512195	0.5606061	0.3928571	
Herring Gull	0.3040541	0.4112903	0.2986111	0.4178082	0.3543307	0.4656489	0.2755906	0.2571429	0.28	0.34375	0.3944444	0.2513661	0.1730769	0.2053872	0.2568306	0.1282895	0.1096121	0.1413043	0.1111111	0.1172638	0.1764706	0.1578947	0.3030303	0.1886792	0.3061224	0.4352941	0.3414634	0.2307692	0.2403101	0.3188406	0.1910112	0.2844037	0.1230769	0.1125	0.10625	0.1715686	0.147929	0.2087379	0.2073733	0.1569343	0.266055	0.1783439	0.2676056	0.3457944	0.3627451	0.2682927	0.469697	0.2410714	
Iceland Gull	0.0	0.0080645	0.0	0.0205479	0.007874	0.0076336	0.0	0.0	0.0	0.0052083	0.0055556	0.0	0.0	0.0	0.0054645	0.0	0.0	0.0	0.0	0.0	0.0	0.0	0.0	0.0	0.0	0.0	0.0	0.0	0.0	0.0	0.0	0.0	0.0	0.0	0.0	0.0	0.0	0.0	0.0	0.0	0.0	0.0	0.0	0.0	0.0	0.0	0.0	0.0044643	
Lesser Black-backed Gull	0.0	0.0	0.0	0.0136986	0.007874	0.0	0.0	0.0	0.0	0.0	0.0	0.0	0.0	0.0	0.0	0.0	0.0	0.0	0.0	0.0	0.0	0.0	0.0	0.0	0.0	0.0	0.0	0.0	0.0	0.0	0.0	0.0	0.0	0.0	0.0	0.0	0.0	0.0	0.0046083	0.0	0.0	0.0	0.0	0.0	0.0	0.0	0.0	0.0	
Great Black-backed Gull	0.3108108	0.3629032	0.2916667	0.3013699	0.3464567	0.3969466	0.2598425	0.1904762	0.26	0.296875	0.3944444	0.2677596	0.1538462	0.1279461	0.2021858	0.0789474	0.0539629	0.0565217	0.0344828	0.0749186	0.1529412	0.122807	0.1818182	0.1509434	0.1428571	0.2	0.1829268	0.1692308	0.1550388	0.2028986	0.1685393	0.1651376	0.0692308	0.08125	0.075	0.0441176	0.0828402	0.1067961	0.1382488	0.0948905	0.2201835	0.2101911	0.1830986	0.364486	0.1568627	0.3414634	0.2424242	0.2008929	
Larus sp.	0.0	0.0	0.0	0.0068493	0.0	0.0	0.0	0.0	0.0	0.0	0.0	0.0	0.0	0.0	0.0	0.0	0.0	0.0	0.0114943	0.0032573	0.0	0.0	0.0	0.0	0.0	0.0	0.0	0.0	0.0	0.0	0.0	0.0091743	0.0	0.0	0.0	0.0	0.0	0.0	0.0	0.0036496	0.0	0.0	0.0	0.0	0.0	0.0	0.0	0.0044643	
gull sp.	0.0675676	0.0322581	0.0347222	0.0205479	0.0472441	0.0152672	0.0787402	0.0380952	0.06	0.046875	0.0388889	0.0163934	0.0346154	0.030303	0.0491803	0.0296053	0.0202361	0.0304348	0.0268199	0.0423453	0.0	0.0175439	0.0909091	0.0377358	0.0	0.0117647	0.0365854	0.0615385	0.0	0.0	0.0337079	0.0458716	0.0384615	0.10625	0.05	0.0833333	0.035503	0.0436893	0.0552995	0.0948905	0.0917431	0.0700637	0.1267606	0.1401869	0.0392157	0.0731707	0.1060606	0.0357143	
Common Tern	0.0	0.0	0.0	0.0	0.0	0.0	0.0	0.0	0.0	0.0	0.0	0.0	0.0	0.0	0.0	0.0	0.0	0.0021739	0.0038314	0.029316	0.0352941	0.0	0.1212121	0.0754717	0.0204082	0.1058824	0.0365854	0.0307692	0.0155039	0.0434783	0.011236	0.0	0.0	0.0	0.0	0.0	0.0	0.0	0.0	0.0	0.0	0.0	0.0	0.0	0.0	0.0	0.0	0.0	
Forster's Tern	0.0	0.0	0.0	0.0	0.0	0.0	0.0	0.0	0.0	0.0	0.0	0.0	0.0	0.0	0.0	0.0	0.0	0.0	0.0	0.0	0.0	0.0	0.0	0.0	0.0	0.0117647	0.0	0.0076923	0.0	0.0	0.0	0.0	0.0	0.0	0.0	0.0	0.0	0.0	0.0	0.0	0.0	0.0	0.0	0.0	0.0	0.0	0.0	0.0	
Sterna sp.	0.0	0.0	0.0	0.0	0.0	0.0	0.0	0.0	0.0	0.0	0.0	0.0	0.0	0.0	0.0	0.0	0.0	0.0	0.0	0.0	0.0	0.0	0.0	0.0	0.0	0.0117647	0.0	0.0	0.0	0.0	0.0	0.0	0.0	0.0	0.0	0.0	0.0	0.0	0.0	0.0	0.0	0.0	0.0	0.0	0.0	0.0	0.0	0.0	
Black Skimmer	0.0	0.0	0.0	0.0	0.0	0.0	0.0	0.0	0.0	0.0	0.0	0.0	0.0	0.0	0.0	0.0	0.0	0.0	0.0	0.0	0.0117647	0.0	0.0	0.0	0.0	0.0	0.0	0.0076923	0.0	0.0	0.0	0.0	0.0	0.0	0.0	0.0	0.0	0.0	0.0	0.0	0.0	0.0	0.0	0.0	0.0	0.0	0.0	0.0	
Red-throated Loon	0.0	0.0	0.0069444	0.0136986	0.0314961	0.0152672	0.015748	0.0	0.02	0.0052083	0.0	0.0015	0.0	0.0	0.0	0.0032895	0.005059	0.0	0.0	0.0	0.0	0.0	0.0	0.0	0.0	0.0	0.0	0.0	0.0	0.0	0.0	0.0	0.0	0.0	0.0	0.0	0.0	0.0	0.0	0.0	0.0	0.0	0.0	0.0	0.0	0.0	0.0	0.0	
Common Loon	0.0	0.0	0.0	0.0068493	0.0	0.0076336	0.0472441	0.0	0.01	0.0	0.0166667	0.0	0.0076923	0.006734	0.010929	0.0015	0.0084317	0.0108696	0.0038314	0.0065147	0.0352941	0.0175439	0.0	0.0	0.0	0.0	0.0	0.0	0.0	0.0	0.0	0.0	0.0	0.0	0.0	0.0	0.0	0.0048544	0.0092166	0.0072993	0.0366972	0.0063694	0.0	0.0	0.0	0.0243902	0.0	0.0	
loon sp.	0.0	0.0	0.0	0.0	0.0	0.0	0.007874	0.0	0.0	0.0	0.0	0.0	0.0038462	0.003367	0.0	0.0	0.0016863	0.0	0.0	0.0	0.0	0.0	0.0	0.0	0.0	0.0	0.0	0.0	0.0	0.0	0.0	0.0	0.0	0.0	0.0	0.0	0.0	0.0	0.0	0.0	0.0	0.0	0.0	0.0	0.0	0.0015	0.0	0.0	
Great Cormorant	0.027027	0.0483871	0.0347222	0.0890411	0.0393701	0.0305344	0.0393701	0.0285714	0.03	0.0104167	0.0166667	0.0218579	0.0038462	0.003367	0.0	0.0	0.0	0.0	0.0	0.0	0.0	0.0	0.0	0.0	0.0	0.0	0.0	0.0	0.0	0.0	0.0	0.0	0.0	0.0	0.0	0.0	0.0	0.0	0.0	0.0036496	0.0091743	0.0063694	0.0015	0.0280374	0.0098039	0.0243902	0.030303	0.0133929	
Double-crested Cormorant	0.1216216	0.1854839	0.1527778	0.1712329	0.2519685	0.1679389	0.0944882	0.047619	0.03	0.0260417	0.1111111	0.2513661	0.3230769	0.3670034	0.3989071	0.3190789	0.3743676	0.3456522	0.3524904	0.3289902	0.3294118	0.2807018	0.3030303	0.2641509	0.3469388	0.3058824	0.2560976	0.2692308	0.3023256	0.3333333	0.1348315	0.146789	0.0769231	0.1125	0.075	0.1029412	0.0828402	0.0970874	0.1382488	0.0875912	0.1376147	0.1210191	0.056338	0.1214953	0.0490196	0.0731707	0.0606061	0.0892857	
cormorant sp.	0.0067568	0.0	0.0138889	0.0273973	0.0	0.0076336	0.007874	0.0095238	0.0	0.0104167	0.0055556	0.0	0.0	0.0	0.0	0.0065789	0.0	0.0	0.0	0.0	0.0	0.0	0.0	0.0	0.0	0.0	0.0	0.0	0.0	0.0	0.0	0.0	0.0	0.0	0.0	0.0	0.0059172	0.0048544	0.0046083	0.0	0.0	0.0	0.0	0.0186916	0.0	0.0	0.0	0.0	
American Bittern	0.0	0.0	0.0	0.0	0.0	0.0	0.0	0.0	0.0	0.0	0.0	0.0	0.0	0.0	0.0	0.0	0.0	0.0021739	0.0	0.0	0.0	0.0	0.0	0.0	0.0	0.0	0.0	0.0	0.0	0.0	0.0	0.0	0.0	0.0	0.0	0.0	0.0	0.0	0.0046083	0.0	0.0	0.0063694	0.0	0.0	0.0	0.0	0.0	0.0	
Great Blue Heron	0.0135135	0.0483871	0.0069444	0.0	0.0314961	0.0076336	0.007874	0.0095238	0.01	0.0	0.0111111	0.1038251	0.1269231	0.026936	0.0054645	0.0015	0.0185497	0.0173913	0.0076628	0.0065147	0.0	0.0175439	0.0	0.0	0.0204082	0.0117647	0.0243902	0.0230769	0.0077519	0.0	0.0	0.0458716	0.0230769	0.05	0.05625	0.0294118	0.0236686	0.0194175	0.078341	0.0255474	0.0275229	0.0509554	0.0	0.0186916	0.0882353	0.1219512	0.0151515	0.0044643	
Great Egret	0.0	0.0	0.0	0.0	0.0	0.0	0.0	0.0	0.0	0.0	0.0	0.010929	0.0730769	0.0673401	0.1530055	0.1875	0.2596965	0.2195652	0.2145594	0.1596091	0.1764706	0.2631579	0.0909091	0.245283	0.2244898	0.1294118	0.1585366	0.1846154	0.1860465	0.1594203	0.1573034	0.146789	0.0846154	0.0625	0.05625	0.0441176	0.0177515	0.0145631	0.0322581	0.0182482	0.0015	0.0063694	0.0	0.0	0.0	0.0	0.0	0.0	
Snowy Egret	0.0	0.0	0.0	0.0	0.0	0.0	0.0	0.0	0.0	0.0	0.0	0.0	0.0	0.013468	0.0163934	0.0263158	0.0134907	0.0304348	0.0268199	0.0228013	0.0	0.0175439	0.030303	0.0	0.0	0.0235294	0.0	0.0384615	0.0077519	0.0289855	0.0	0.0	0.0076923	0.0	0.0	0.0	0.0	0.0	0.0	0.0015	0.0	0.0	0.0	0.0	0.0	0.0	0.0	0.0	
white egret sp.	0.0	0.0	0.0	0.0	0.0	0.0	0.0	0.0	0.0	0.0	0.0	0.0	0.0038462	0.0	0.0054645	0.0	0.0	0.0	0.0	0.0	0.0	0.0	0.0	0.0	0.0	0.0	0.0	0.0	0.0	0.0	0.0	0.0	0.0	0.0	0.0	0.0	0.0	0.0	0.0	0.0	0.0	0.0	0.0	0.0	0.0	0.0	0.0	0.0	
Green Heron	0.0	0.0	0.0	0.0	0.0	0.0	0.0	0.0	0.0	0.0	0.0	0.0	0.0	0.013468	0.0382514	0.0263158	0.0472175	0.0369565	0.0191571	0.0618893	0.0015	0.0	0.0	0.0	0.0	0.0	0.0	0.0076923	0.0155039	0.0289855	0.0224719	0.0366972	0.0230769	0.04375	0.04375	0.004902	0.0	0.0	0.0	0.0	0.0	0.0	0.0	0.0	0.0	0.0	0.0	0.0	
Black-crowned Night-Heron	0.0	0.0	0.0	0.0	0.0	0.0	0.0	0.0	0.0	0.0	0.0333333	0.0874317	0.1653846	0.037037	0.010929	0.0986842	0.1703204	0.1565217	0.1417625	0.1596091	0.1411765	0.1754386	0.0606061	0.1509434	0.1428571	0.0705882	0.0609756	0.1230769	0.1162791	0.0869565	0.0674157	0.0642202	0.0538462	0.04375	0.03125	0.0098039	0.0118343	0.0291262	0.0046083	0.0072993	0.0	0.0	0.0	0.0	0.0	0.0121951	0.0	0.0	
Yellow-crowned Night-Heron	0.0	0.0	0.0	0.0	0.0	0.0	0.0	0.0	0.0	0.0	0.0	0.0	0.0	0.0	0.0	0.0	0.0	0.05	0.0038314	0.0032573	0.0	0.0	0.0	0.0188679	0.0	0.0235294	0.0121951	0.0384615	0.0077519	0.0144928	0.0	0.0	0.0076923	0.0	0.0	0.0	0.0	0.0	0.0	0.0	0.0	0.0	0.0	0.0	0.0	0.0	0.0	0.0	
heron sp.	0.0	0.0	0.0	0.0	0.0	0.0	0.0	0.0	0.0	0.0	0.0	0.0	0.0	0.0	0.0	0.0	0.0	0.0	0.0	0.0	0.0	0.0	0.0	0.0	0.0	0.0	0.0	0.0	0.0	0.0	0.0	0.0	0.0	0.0	0.00625	0.0	0.0	0.0	0.0046083	0.0	0.0	0.0	0.0	0.0	0.0	0.0	0.0	0.0	
Glossy Ibis	0.0	0.0	0.0	0.0	0.0	0.0	0.0	0.0	0.0	0.0	0.0	0.0	0.0	0.010101	0.0	0.0032895	0.0	0.0	0.0076628	0.0	0.0	0.0	0.0	0.0	0.0	0.0	0.0	0.0	0.0	0.0	0.0	0.0	0.0	0.0	0.0	0.0	0.0	0.0	0.0	0.0	0.0	0.0	0.0	0.0	0.0	0.0	0.0	0.0	
Black Vulture	0.0	0.0	0.0	0.0	0.0	0.0	0.0	0.0	0.0	0.0	0.0111111	0.0	0.0038462	0.006734	0.0054645	0.0032895	0.0016863	0.0	0.0	0.0	0.0	0.0	0.0	0.0	0.0	0.0	0.0	0.0	0.0	0.0	0.0	0.0	0.0	0.0	0.0	0.0	0.0	0.0	0.0	0.0036496	0.0015	0.0	0.0	0.0	0.0	0.0	0.0	0.0	
Turkey Vulture	0.0067568	0.0	0.0	0.0015	0.007874	0.0	0.007874	0.0095238	0.02	0.0416667	0.05	0.0163934	0.0076923	0.03367	0.0163934	0.0098684	0.0067454	0.0108696	0.0153257	0.0	0.0235294	0.0175439	0.0606061	0.0	0.0	0.0117647	0.0	0.0	0.0	0.0	0.011236	0.0	0.0	0.00625	0.0125	0.0196078	0.0	0.0097087	0.0414747	0.0766423	0.0458716	0.0191083	0.0140845	0.0015	0.0196078	0.0121951	0.0	0.0089286	
Osprey	0.0	0.0	0.0	0.0	0.0	0.0	0.0	0.0	0.0	0.0	0.0166667	0.0	0.0153846	0.03367	0.0163934	0.0098684	0.005059	0.0043478	0.0229885	0.0065147	0.0	0.0	0.0	0.0	0.0	0.0117647	0.0243902	0.0076923	0.0	0.0	0.0337079	0.0733945	0.0615385	0.125	0.06875	0.0490196	0.0177515	0.038835	0.0184332	0.0	0.0	0.0	0.0	0.0	0.0	0.0	0.0	0.0	
Northern Harrier	0.0	0.0	0.0	0.0068493	0.0	0.0	0.0	0.0095238	0.0	0.0	0.0	0.0	0.0	0.0	0.0054645	0.0	0.0016863	0.0	0.0	0.0	0.0	0.0	0.0	0.0	0.0	0.0	0.0	0.0	0.0	0.0	0.0	0.0015	0.0	0.0	0.0	0.0	0.0	0.0	0.0184332	0.0036496	0.0	0.0015	0.0	0.0	0.0	0.0	0.0	0.0	
Sharp-shinned Hawk	0.0472973	0.0403226	0.0069444	0.0273973	0.0314961	0.0076336	0.007874	0.0	0.0	0.0	0.0	0.0	0.0	0.016835	0.0	0.0	0.0	0.0	0.0	0.0	0.0	0.0	0.0	0.0	0.0	0.0	0.0	0.0	0.0	0.0	0.0	0.0	0.0	0.025	0.025	0.0196078	0.0118343	0.038835	0.0506912	0.0291971	0.0275229	0.0	0.0	0.0280374	0.0098039	0.0015	0.0	0.0133929	
Cooper's Hawk	0.1351351	0.1209677	0.0972222	0.0547945	0.0787402	0.0610687	0.0393701	0.0666667	0.07	0.03125	0.0166667	0.0	0.0	0.0	0.0	0.0	0.0016863	0.0	0.0	0.0	0.0	0.0	0.0	0.0	0.0	0.0	0.0	0.0076923	0.0	0.0144928	0.0	0.0	0.0	0.025	0.03125	0.0441176	0.0118343	0.0436893	0.0967742	0.0729927	0.0550459	0.0764331	0.056338	0.0934579	0.0392157	0.1829268	0.0454545	0.0446429	
Sharp-shinned/Cooper's Hawk	0.0	0.0	0.0	0.0	0.0	0.0	0.0	0.0	0.0	0.0	0.0	0.0	0.0	0.0	0.0	0.0	0.0	0.0	0.0	0.0	0.0	0.0	0.0	0.0	0.0	0.0	0.0	0.0	0.0	0.0	0.0	0.0	0.0	0.0	0.0	0.0	0.0	0.0048544	0.0	0.0036496	0.0	0.0	0.0	0.0093458	0.0	0.0	0.0	0.0	
Accipiter sp.	0.0202703	0.0	0.0208333	0.0	0.015748	0.0229008	0.0	0.0	0.0	0.0	0.0	0.0	0.0038462	0.0	0.0054645	0.0015	0.0016863	0.0	0.0	0.0032573	0.0	0.0	0.0	0.0	0.0	0.0	0.0	0.0	0.0	0.0	0.0	0.0	0.0	0.01875	0.00625	0.004902	0.0118343	0.0145631	0.0276498	0.0218978	0.0091743	0.0063694	0.0	0.0093458	0.0	0.0243902	0.0151515	0.0	
Bald Eagle	0.0	0.0	0.0138889	0.0015	0.007874	0.0076336	0.0	0.0	0.0	0.015625	0.0	0.0054645	0.0	0.003367	0.0	0.0032895	0.0016863	0.0021739	0.0	0.0	0.0117647	0.0	0.0	0.0	0.0	0.0	0.0	0.0	0.0	0.0	0.0	0.0183486	0.0076923	0.0625	0.0	0.004902	0.0	0.0242718	0.0230415	0.0291971	0.0366972	0.0382166	0.028169	0.0	0.0098039	0.0365854	0.0	0.0044643	
Red-shouldered Hawk	0.0067568	0.0	0.0	0.0068493	0.0	0.0015	0.007874	0.0	0.0	0.0	0.0	0.0	0.0	0.010101	0.0	0.0015	0.0	0.0	0.0	0.0	0.0	0.0	0.0	0.0	0.0	0.0	0.0	0.0	0.0	0.0	0.0	0.0	0.0	0.0015	0.0	0.0	0.0	0.0	0.0184332	0.0218978	0.0642202	0.0127389	0.0140845	0.046729	0.0098039	0.0243902	0.0	0.0	
Broad-winged Hawk	0.0	0.0	0.0	0.0	0.0	0.0	0.0	0.0	0.0	0.0	0.0	0.0	0.0	0.0	0.0	0.0131579	0.0	0.0021739	0.0	0.0	0.0	0.0	0.0	0.0	0.0	0.0	0.0	0.0	0.0	0.0	0.0	0.0	0.0	0.01875	0.0125	0.0196078	0.0295858	0.0015	0.0138249	0.0	0.0	0.0	0.0	0.0	0.0	0.0	0.0	0.0	
Red-tailed Hawk	0.2432432	0.2741935	0.2777778	0.2054795	0.3543307	0.3053435	0.1417323	0.1714286	0.19	0.15625	0.2833333	0.2404372	0.1884615	0.2794613	0.2568306	0.1907895	0.311973	0.223913	0.1149425	0.1400651	0.0941176	0.2280702	0.0909091	0.1698113	0.2040816	0.0705882	0.0609756	0.0846154	0.124031	0.1449275	0.1123596	0.1376147	0.0846154	0.23125	0.10625	0.1715686	0.1183432	0.2281553	0.2995392	0.2080292	0.2568807	0.2675159	0.2957746	0.3271028	0.2058824	0.5853659	0.4090909	0.1205357	
Rough-legged Hawk	0.0	0.0	0.0	0.0	0.0	0.0	0.0	0.0	0.0	0.0	0.0	0.0	0.0	0.0	0.0	0.0	0.0	0.0	0.0	0.0	0.0	0.0	0.0	0.0	0.0	0.0	0.0	0.0	0.0	0.0	0.0	0.0	0.0	0.0	0.0	0.0	0.0	0.0	0.0	0.0	0.0	0.0	0.0	0.0015	0.0	0.0	0.0	0.0	
Buteo sp.	0.0	0.0	0.0	0.0	0.0	0.0	0.007874	0.0	0.0	0.0	0.0055556	0.0	0.0	0.0	0.0	0.0032895	0.0	0.0	0.0	0.0	0.0	0.0	0.0	0.0	0.0	0.0	0.0	0.0	0.0	0.0	0.0	0.0	0.0076923	0.0	0.00625	0.0	0.0	0.0	0.0046083	0.0	0.0	0.0	0.0140845	0.0	0.0098039	0.0	0.0	0.0	
hawk sp.	0.0	0.0	0.0	0.0	0.0	0.0	0.0	0.0	0.0	0.0	0.0	0.0	0.0	0.0	0.0	0.0	0.0	0.0	0.0	0.0	0.0	0.0	0.0	0.0	0.0	0.0	0.0	0.0	0.0	0.0	0.0	0.0091743	0.0	0.0	0.0	0.0	0.0	0.0	0.0046083	0.0	0.0	0.0	0.0	0.0	0.0	0.0	0.0	0.0	
Eastern Screech-Owl	0.0	0.0	0.0	0.0	0.0	0.0	0.0	0.0	0.0	0.0	0.0	0.0	0.0	0.0	0.0	0.0	0.0	0.0	0.0015	0.0	0.0470588	0.0175439	0.0	0.0	0.0	0.0	0.0	0.0	0.0	0.0	0.0	0.0	0.0	0.0	0.0	0.0	0.0	0.0	0.0	0.0	0.0	0.0	0.0	0.0	0.0	0.0	0.0	0.0	
Snowy Owl	0.0	0.016129	0.0	0.0	0.0	0.0	0.007874	0.0	0.0	0.0	0.0	0.0	0.0	0.0	0.0	0.0	0.0	0.0	0.0	0.0	0.0	0.0	0.0	0.0	0.0	0.0	0.0	0.0	0.0	0.0	0.0	0.0	0.0	0.0	0.0	0.0	0.0	0.0	0.0	0.0	0.0	0.0	0.0	0.0	0.0	0.0	0.0	0.0	
Long-eared Owl	0.0405405	0.0967742	0.0625	0.0616438	0.1496063	0.0763359	0.0015	0.0095238	0.0	0.0	0.0	0.0	0.0	0.0	0.0	0.0	0.0	0.0	0.0	0.0	0.0	0.0	0.0	0.0	0.0	0.0	0.0	0.0	0.0	0.0	0.0	0.0	0.0	0.0	0.0	0.0	0.0	0.0	0.0	0.0	0.0	0.0	0.0	0.0	0.0	0.0	0.0	0.0	
owl sp.	0.0	0.0	0.0	0.0	0.0	0.0	0.0	0.0	0.0	0.0	0.0	0.0	0.0	0.0	0.0	0.0	0.0	0.0	0.0	0.0	0.0	0.0	0.0	0.0	0.0	0.0	0.0	0.0	0.0	0.0	0.0	0.0	0.0	0.0	0.0	0.0	0.0	0.0	0.0	0.0	0.0091743	0.0	0.0	0.0	0.0	0.0	0.0	0.0	
Belted Kingfisher	0.0067568	0.0241935	0.0	0.0	0.0	0.0	0.007874	0.0	0.0	0.0	0.0	0.0163934	0.0038462	0.013468	0.010929	0.0	0.0168634	0.0065217	0.0	0.0032573	0.0	0.0	0.0	0.0	0.0	0.0	0.0	0.0	0.0	0.0	0.0	0.0275229	0.0153846	0.03125	0.06875	0.0245098	0.0295858	0.0194175	0.0138249	0.0182482	0.0183486	0.0382166	0.0140845	0.046729	0.0294118	0.0365854	0.0151515	0.0015	
Yellow-bellied Sapsucker	0.1824324	0.1451613	0.0625	0.0616438	0.0708661	0.0839695	0.015748	0.0761905	0.21	0.0572917	0.0944444	0.1311475	0.2076923	0.3232323	0.1857923	0.0098684	0.0202361	0.0152174	0.0	0.0	0.0117647	0.0	0.0	0.0	0.0	0.0	0.0	0.0	0.0	0.0	0.0	0.0	0.0	0.0	0.00625	0.372549	0.4378698	0.5291262	0.4562212	0.2481752	0.1651376	0.1847134	0.1408451	0.1308411	0.0490196	0.3170732	0.0909091	0.2098214	
Red-headed Woodpecker	0.0	0.0	0.0	0.0	0.0	0.0	0.0	0.0	0.0	0.0	0.0	0.0	0.0	0.0	0.0	0.0	0.005059	0.0	0.0076628	0.0	0.0	0.0	0.030303	0.0	0.0	0.0	0.0	0.0	0.0	0.0	0.0	0.0	0.0	0.0875	0.00625	0.0147059	0.0	0.0	0.0046083	0.0	0.0	0.0	0.0	0.0	0.0	0.0	0.0	0.0	
Red-bellied Woodpecker	0.2702703	0.2419355	0.3055556	0.1643836	0.2125984	0.1832061	0.1181102	0.2952381	0.41	0.2708333	0.3444444	0.3387978	0.3923077	0.4343434	0.420765	0.4802632	0.4468803	0.3195652	0.3256705	0.3745928	0.2941176	0.3508772	0.1818182	0.1698113	0.1428571	0.0117647	0.097561	0.0538462	0.1085271	0.1304348	0.1123596	0.2201835	0.2384615	0.35	0.31875	0.3382353	0.3136095	0.3592233	0.3778802	0.2335766	0.266055	0.3312102	0.2957746	0.4579439	0.245098	0.5121951	0.3030303	0.09375	
Downy Woodpecker	0.3783784	0.3064516	0.3402778	0.2328767	0.2519685	0.259542	0.1811024	0.2952381	0.42	0.2604167	0.3	0.3114754	0.3961538	0.4612795	0.4754098	0.4868421	0.4839798	0.3695652	0.3065134	0.2964169	0.1176471	0.2631579	0.1212121	0.2075472	0.1836735	0.0588235	0.1341463	0.0692308	0.1860465	0.3188406	0.3595506	0.3211009	0.3384615	0.36875	0.25625	0.2745098	0.2544379	0.3058252	0.2304147	0.1824818	0.2018349	0.2802548	0.1971831	0.3084112	0.1764706	0.3292683	0.1666667	0.1294643	
Hairy Woodpecker	0.0337838	0.0322581	0.0138889	0.0015	0.023622	0.0152672	0.0	0.0	0.03	0.0052083	0.0388889	0.0437158	0.0153846	0.013468	0.0163934	0.0328947	0.0168634	0.0130435	0.0038314	0.019544	0.0235294	0.0175439	0.0	0.0	0.0204082	0.0117647	0.0243902	0.0153846	0.0232558	0.0144928	0.0561798	0.0366972	0.0076923	0.01875	0.00625	0.004902	0.0059172	0.0048544	0.0414747	0.0474453	0.0366972	0.0509554	0.0422535	0.046729	0.0490196	0.1341463	0.030303	0.0223214	
Downy/Hairy Woodpecker	0.0	0.0	0.0	0.0	0.0	0.0	0.0	0.0	0.0	0.0	0.0	0.0	0.0	0.0	0.0	0.0	0.0	0.0	0.0	0.0	0.0	0.0	0.0	0.0	0.0	0.0	0.0	0.0	0.0	0.0	0.0	0.0	0.0	0.0	0.0	0.0	0.0059172	0.0	0.0	0.0	0.0	0.0	0.0	0.0	0.0	0.0	0.0	0.0	
Pileated Woodpecker	0.0	0.0	0.0	0.0	0.0	0.0	0.0	0.0	0.0	0.0	0.0	0.0	0.0	0.003367	0.0	0.0	0.0	0.0	0.0	0.0	0.0	0.0	0.0	0.0	0.0	0.0	0.0	0.0	0.0	0.0	0.0	0.0	0.0	0.0	0.0	0.0	0.0	0.0	0.0	0.0	0.0	0.0	0.0	0.0	0.0	0.0	0.0	0.0	
Northern Flicker	0.0472973	0.0483871	0.0347222	0.0136986	0.023622	0.0305344	0.007874	0.0285714	0.05	0.0260417	0.0277778	0.1530055	0.4269231	0.6026936	0.4371585	0.5131579	0.5059022	0.3347826	0.2911877	0.257329	0.1529412	0.2105263	0.1515152	0.0377358	0.122449	0.0117647	0.0609756	0.0923077	0.1550388	0.1884058	0.2696629	0.2568807	0.3923077	0.4	0.49375	0.4362745	0.4260355	0.4660194	0.3456221	0.2189781	0.2385321	0.1464968	0.0985915	0.0934579	0.1078431	0.1341463	0.0454545	0.0178571	
American Kestrel	0.0945946	0.0483871	0.0277778	0.0410959	0.015748	0.0229008	0.023622	0.0380952	0.02	0.0260417	0.0333333	0.0491803	0.0423077	0.0808081	0.0163934	0.0328947	0.0269815	0.0521739	0.0229885	0.0162866	0.0	0.0	0.0606061	0.0377358	0.0204082	0.0235294	0.0015	0.0384615	0.0310078	0.0	0.0224719	0.0091743	0.0538462	0.03125	0.075	0.0441176	0.0473373	0.0679612	0.1059908	0.080292	0.0275229	0.0318471	0.0422535	0.046729	0.0196078	0.1219512	0.0606061	0.0892857	
Merlin	0.0	0.0	0.0138889	0.0136986	0.0	0.0	0.0	0.0	0.0	0.0	0.0055556	0.0	0.0115385	0.013468	0.0	0.0131579	0.0	0.0	0.0038314	0.0	0.0	0.0	0.0	0.0	0.0	0.0	0.0	0.0	0.0015	0.0	0.0	0.0183486	0.0	0.0125	0.0	0.0	0.0118343	0.0097087	0.0184332	0.0255474	0.0091743	0.0015	0.0	0.0	0.0	0.0365854	0.0	0.0044643	
Peregrine Falcon	0.0472973	0.0564516	0.0555556	0.0479452	0.0472441	0.0534351	0.0551181	0.0190476	0.05	0.046875	0.0222222	0.0218579	0.0307692	0.030303	0.0273224	0.0197368	0.0168634	0.0217391	0.0191571	0.0260586	0.0470588	0.0350877	0.1515152	0.0377358	0.0408163	0.0470588	0.0487805	0.0153846	0.0155039	0.0434783	0.1011236	0.0366972	0.0384615	0.03125	0.01875	0.0098039	0.0118343	0.0679612	0.0599078	0.0583942	0.0642202	0.0318471	0.0140845	0.0280374	0.1176471	0.1097561	0.2575758	0.0178571	
falcon sp.	0.0	0.0	0.0	0.0	0.0	0.0	0.0	0.0	0.0	0.0052083	0.0	0.0	0.0	0.0	0.0	0.0	0.0	0.0	0.0	0.0	0.0	0.0	0.0	0.0	0.0	0.0	0.0	0.0	0.0	0.0	0.0	0.0	0.0076923	0.0	0.0015	0.0	0.0	0.0	0.0046083	0.0	0.0091743	0.0	0.0140845	0.0	0.0	0.0	0.0	0.0044643	
diurnal raptor sp.	0.0	0.0	0.0	0.0	0.0	0.0	0.0	0.0	0.0	0.0	0.0	0.0	0.0	0.0	0.0	0.0	0.0	0.0	0.0	0.0	0.0	0.0	0.0	0.0	0.0	0.0	0.0	0.0	0.0	0.0	0.0	0.0	0.0	0.00625	0.0	0.0	0.0	0.0	0.0	0.0	0.0	0.0	0.0	0.0	0.0	0.0	0.0	0.0	
Monk Parakeet	0.0	0.0	0.0	0.0	0.0	0.0	0.007874	0.0	0.0	0.0	0.0	0.0015	0.0015	0.003367	0.0054645	0.0	0.0	0.0	0.0	0.0	0.0015	0.0	0.0	0.0	0.0408163	0.0	0.0	0.0230769	0.0077519	0.0	0.0	0.0091743	0.0076923	0.0125	0.0	0.0	0.0	0.0	0.0	0.0	0.0	0.0063694	0.0	0.0	0.0015	0.0	0.0	0.0	
Olive-sided Flycatcher	0.0	0.0	0.0	0.0	0.0	0.0	0.0	0.0	0.0	0.0	0.0	0.0	0.0	0.0	0.0	0.0	0.0	0.0478261	0.0038314	0.1042345	0.0352941	0.0	0.0	0.0	0.0	0.0	0.0	0.0	0.0155039	0.0144928	0.0	0.0091743	0.0076923	0.025	0.00625	0.0147059	0.0	0.0	0.0	0.0	0.0	0.0	0.0	0.0	0.0	0.0	0.0	0.0	
Eastern Wood-Pewee	0.0	0.0	0.0	0.0	0.0	0.0	0.0	0.0	0.0	0.0	0.0	0.0	0.0	0.0	0.0	0.0	0.0185497	0.1565217	0.1570881	0.3029316	0.1294118	0.0877193	0.030303	0.0188679	0.0408163	0.0	0.0365854	0.0	0.0155039	0.0144928	0.0337079	0.1009174	0.1923077	0.125	0.20625	0.3137255	0.1597633	0.0873786	0.0322581	0.0	0.0	0.0	0.0	0.0	0.0	0.0	0.0	0.0	
Yellow-bellied Flycatcher	0.0	0.0	0.0	0.0	0.0	0.0	0.0	0.0	0.0	0.0	0.0	0.0	0.0	0.0	0.0	0.0	0.0	0.0108696	0.0383142	0.1042345	0.0	0.0	0.0	0.0	0.0	0.0	0.0	0.0076923	0.0	0.0	0.0224719	0.0183486	0.0461538	0.00625	0.00625	0.004902	0.0	0.0	0.0	0.0	0.0	0.0	0.0	0.0	0.0	0.0	0.0	0.0	
Acadian Flycatcher	0.0	0.0	0.0	0.0	0.0	0.0	0.0	0.0	0.0	0.0	0.0	0.0	0.0	0.0	0.0	0.0	0.0	0.0065217	0.0038314	0.0488599	0.0	0.0	0.0	0.0	0.0	0.0	0.0	0.0	0.0	0.0	0.0	0.0	0.0	0.0	0.0	0.0	0.0	0.0	0.0	0.0	0.0	0.0	0.0	0.0	0.0	0.0	0.0	0.0	
Alder Flycatcher	0.0	0.0	0.0	0.0	0.0	0.0	0.0	0.0	0.0	0.0	0.0	0.0	0.0	0.0	0.0	0.0	0.0	0.0021739	0.0	0.029316	0.0117647	0.0	0.0	0.0	0.0	0.0	0.0	0.0	0.0	0.0	0.0	0.0	0.0	0.0	0.0	0.0	0.0	0.0	0.0	0.0	0.0	0.0	0.0	0.0	0.0	0.0	0.0	0.0	
Willow Flycatcher	0.0	0.0	0.0	0.0	0.0	0.0	0.0	0.0	0.0	0.0	0.0	0.0	0.0	0.0	0.0	0.0	0.0	0.0021739	0.0076628	0.0325733	0.0	0.0	0.0	0.0	0.0	0.0	0.0	0.0	0.0	0.0	0.0	0.0183486	0.0	0.0	0.0	0.0	0.0	0.0	0.0	0.0	0.0	0.0	0.0	0.0	0.0	0.0	0.0	0.0	
Least Flycatcher	0.0	0.0	0.0	0.0	0.0	0.0	0.0	0.0	0.0	0.0	0.0	0.0	0.0	0.0	0.0	0.0	0.1129848	0.176087	0.0153257	0.0553746	0.0	0.0	0.0	0.0	0.0	0.0	0.0	0.0	0.0310078	0.0	0.0337079	0.0458716	0.0230769	0.0125	0.0015	0.0	0.0177515	0.0048544	0.0	0.0	0.0	0.0	0.0	0.0	0.0	0.0	0.0	0.0	
Empidonax sp.	0.0	0.0	0.0	0.0	0.0	0.0	0.0	0.0	0.0	0.0	0.0	0.0	0.0	0.0	0.0	0.0	0.0202361	0.0782609	0.0996169	0.1563518	0.0470588	0.0	0.0	0.0	0.0	0.0	0.0	0.0076923	0.0	0.0	0.0224719	0.0642202	0.1384615	0.075	0.075	0.0686275	0.0059172	0.0	0.0	0.0	0.0	0.0	0.0	0.0	0.0	0.0	0.0	0.0	
Eastern Phoebe	0.0	0.0	0.0	0.0	0.0	0.0	0.0	0.0	0.0	0.0	0.0055556	0.147541	0.3153846	0.3063973	0.0710383	0.0526316	0.0151771	0.026087	0.0076628	0.009772	0.0	0.0	0.0	0.0	0.0	0.0	0.0	0.0	0.0077519	0.0	0.0224719	0.0183486	0.0230769	0.04375	0.06875	0.2647059	0.1952663	0.3398058	0.3410138	0.2372263	0.1192661	0.0573248	0.0	0.0	0.0	0.0	0.0	0.0	
Great Crested Flycatcher	0.0	0.0	0.0	0.0	0.0	0.0	0.0	0.0	0.0	0.0	0.0	0.0	0.0	0.0	0.0	0.0015	0.1922428	0.1456522	0.0229885	0.1270358	0.1058824	0.0175439	0.0	0.0	0.0204082	0.0	0.0243902	0.0	0.0077519	0.0144928	0.0337079	0.0550459	0.1615385	0.0125	0.00625	0.0	0.0	0.0	0.0046083	0.0	0.0	0.0	0.0	0.0	0.0	0.0	0.0	0.0	
Couch's Kingbird	0.0	0.0	0.0	0.0	0.0	0.0	0.0	0.0	0.0	0.0	0.0	0.0	0.0	0.0	0.0	0.0	0.0	0.0	0.0	0.0	0.0	0.0	0.0	0.0	0.0	0.0	0.0	0.0	0.0	0.0	0.0	0.0	0.0	0.0	0.0	0.0	0.0	0.0	0.0	0.0	0.0	0.0	0.0	0.0	0.0	0.0	0.0	0.4598214	
Eastern Kingbird	0.0	0.0	0.0	0.0	0.0	0.0	0.0	0.0	0.0	0.0	0.0	0.0	0.0	0.0	0.0	0.0032895	0.1517707	0.1847826	0.1570881	0.1270358	0.0941176	0.0877193	0.0606061	0.0377358	0.0612245	0.0470588	0.0365854	0.0692308	0.1627907	0.2463768	0.2359551	0.1192661	0.0230769	0.0	0.0	0.0	0.0	0.0048544	0.0046083	0.0	0.0	0.0	0.0	0.0	0.0	0.0	0.0	0.0	
flycatcher sp. (Tyrannidae sp.)	0.0	0.0	0.0	0.0	0.0	0.0	0.0	0.0	0.0	0.0	0.0	0.0	0.0	0.0	0.0	0.0	0.0	0.0	0.0	0.0	0.0	0.0	0.0	0.0	0.0	0.0	0.0	0.0	0.0	0.0	0.0	0.0	0.0076923	0.0	0.00625	0.0196078	0.0	0.0	0.0	0.0	0.0	0.0	0.0	0.0	0.0	0.0	0.0	0.0	
White-eyed Vireo	0.0	0.0	0.0	0.0	0.0	0.0	0.0	0.0	0.0	0.0	0.0	0.0	0.0	0.0	0.0	0.0394737	0.0826307	0.05	0.0153257	0.0065147	0.0	0.0	0.0	0.0	0.0	0.0	0.0	0.0	0.0	0.0	0.0	0.0091743	0.0076923	0.0	0.0	0.0	0.0	0.0048544	0.0	0.0	0.0	0.0	0.0	0.0	0.0	0.0	0.0	0.0	
Yellow-throated Vireo	0.0	0.0	0.0	0.0	0.0	0.0	0.0	0.0	0.0	0.0	0.0	0.0	0.0	0.0	0.0	0.0065789	0.1382799	0.0565217	0.0114943	0.0032573	0.0	0.0	0.0606061	0.0	0.0	0.0	0.0	0.0	0.0	0.0	0.0	0.0	0.0	0.00625	0.0015	0.0	0.0	0.0	0.0	0.0	0.0	0.0	0.0	0.0	0.0	0.0	0.0	0.0	
Blue-headed Vireo	0.0	0.0	0.0	0.0	0.0	0.0	0.0	0.0	0.0	0.0	0.0	0.0	0.0	0.040404	0.0	0.2236842	0.3456998	0.1586957	0.0383142	0.0065147	0.0	0.0	0.0	0.0	0.0	0.0	0.0	0.0	0.0	0.0	0.0	0.0	0.0	0.0125	0.0625	0.0882353	0.0769231	0.1116505	0.0921659	0.0474453	0.0	0.0	0.0	0.0	0.0	0.0	0.0	0.0	
Philadelphia Vireo	0.0	0.0	0.0	0.0	0.0	0.0	0.0	0.0	0.0	0.0	0.0	0.0	0.0	0.0	0.0	0.0	0.0015	0.0021739	0.0076628	0.0	0.0	0.0	0.0	0.0	0.0	0.0	0.0	0.0	0.0	0.0	0.0	0.0	0.0	0.00625	0.0	0.0	0.0	0.0	0.0	0.0	0.0	0.0	0.0	0.0	0.0	0.0	0.0	0.0	
Warbling Vireo	0.0	0.0	0.0	0.0	0.0	0.0	0.0	0.0	0.0	0.0	0.0	0.0	0.0	0.0	0.0	0.0526316	0.3777403	0.323913	0.3524904	0.3941368	0.3411765	0.2807018	0.1515152	0.1132075	0.1428571	0.0235294	0.0853659	0.0384615	0.1085271	0.115942	0.1573034	0.2385321	0.2461538	0.05625	0.04375	0.0	0.0	0.0	0.0	0.0	0.0	0.0	0.0	0.0	0.0	0.0	0.0	0.0	
Red-eyed Vireo	0.0	0.0	0.0	0.0	0.0	0.0	0.0	0.0	0.0	0.0	0.0	0.0	0.0	0.0	0.0	0.0032895	0.1028668	0.3369565	0.3984674	0.4299674	0.2	0.0350877	0.0	0.0	0.0408163	0.0	0.0487805	0.0	0.0310078	0.057971	0.0898876	0.1743119	0.4153846	0.23125	0.24375	0.2745098	0.1005917	0.0485437	0.0276498	0.0	0.0	0.0	0.0	0.0	0.0	0.0	0.0	0.0	
vireo sp.	0.0	0.0	0.0	0.0	0.0	0.0	0.0	0.0	0.0	0.0	0.0	0.0	0.0	0.0	0.0	0.0	0.0016863	0.0	0.0	0.0	0.0117647	0.0	0.0	0.0	0.0	0.0	0.0	0.0	0.0	0.0	0.011236	0.0091743	0.0076923	0.0	0.0	0.0	0.0	0.0	0.0	0.0	0.0	0.0	0.0	0.0	0.0	0.0	0.0	0.0	
Blue Jay	0.5472973	0.4435484	0.4513889	0.2808219	0.5748031	0.5114504	0.3070866	0.4285714	0.45	0.3958333	0.5333333	0.5519126	0.6346154	0.6599327	0.6939891	0.6940789	0.6728499	0.5673913	0.6168582	0.5830619	0.4	0.4210526	0.3333333	0.4150943	0.4081633	0.1058824	0.3292683	0.2846154	0.372093	0.4347826	0.5505618	0.5229358	0.6692308	0.6	0.65	0.6323529	0.6449704	0.6165049	0.7142857	0.5072993	0.5137615	0.5095541	0.5774648	0.5607477	0.3039216	0.597561	0.3181818	0.375	
American Crow	0.1554054	0.2096774	0.125	0.1438356	0.2913386	0.1603053	0.1102362	0.1047619	0.18	0.1822917	0.2388889	0.1202186	0.0923077	0.1414141	0.1639344	0.0657895	0.153457	0.1391304	0.1034483	0.0846906	0.0470588	0.0877193	0.030303	0.0566038	0.122449	0.0470588	0.0243902	0.0230769	0.0155039	0.0289855	0.0449438	0.0550459	0.0692308	0.1625	0.075	0.1127451	0.1420118	0.1504854	0.1382488	0.1313869	0.1284404	0.0700637	0.0422535	0.0560748	0.0784314	0.1463415	0.0606061	0.0892857	
Fish Crow	0.0067568	0.0080645	0.0069444	0.0136986	0.0	0.0	0.0	0.0	0.0	0.0052083	0.0111111	0.0273224	0.0192308	0.016835	0.0218579	0.0098684	0.0151771	0.0217391	0.0153257	0.019544	0.0235294	0.0	0.0909091	0.0566038	0.0	0.0235294	0.0	0.0230769	0.0155039	0.0144928	0.011236	0.0	0.0076923	0.00625	0.0125	0.0098039	0.0	0.0048544	0.0	0.0	0.0	0.0	0.0	0.0	0.0	0.0121951	0.0	0.0089286	
crow sp.	0.0067568	0.016129	0.0138889	0.0068493	0.015748	0.0076336	0.007874	0.0	0.02	0.0260417	0.0111111	0.010929	0.0076923	0.010101	0.0327869	0.0098684	0.0118044	0.0173913	0.0114943	0.0130293	0.0470588	0.0	0.030303	0.0	0.0204082	0.0470588	0.0	0.0153846	0.0077519	0.0	0.0	0.0183486	0.0	0.00625	0.0125	0.0015	0.0059172	0.0097087	0.0046083	0.0036496	0.0091743	0.0063694	0.0	0.0093458	0.0098039	0.0121951	0.0151515	0.0044643	
Common Raven	0.0	0.0403226	0.0	0.0273973	0.015748	0.0015	0.0	0.0	0.0	0.0052083	0.0222222	0.0273224	0.0038462	0.003367	0.0054645	0.0032895	0.005059	0.0043478	0.0076628	0.0032573	0.0117647	0.0	0.0	0.0377358	0.0408163	0.0352941	0.0015	0.0307692	0.0155039	0.0144928	0.0	0.0275229	0.0	0.0125	0.00625	0.0098039	0.0059172	0.0048544	0.0322581	0.0255474	0.0091743	0.0015	0.028169	0.0015	0.0	0.0243902	0.0151515	0.0491071	
Black-capped Chickadee	0.1486486	0.1532258	0.1875	0.109589	0.0629921	0.0763359	0.1181102	0.1619048	0.18	0.109375	0.1166667	0.1147541	0.1153846	0.1212121	0.136612	0.1052632	0.1939292	0.1065217	0.1034483	0.0846906	0.0235294	0.0877193	0.0	0.0188679	0.0204082	0.0117647	0.0365854	0.0384615	0.0310078	0.0869565	0.0337079	0.1284404	0.0846154	0.09375	0.15625	0.0882353	0.0710059	0.1165049	0.2857143	0.2591241	0.4678899	0.4076433	0.3380282	0.3457944	0.1470588	0.4268293	0.2424242	0.0892857	
Tufted Titmouse	0.0472973	0.0241935	0.0138889	0.0068493	0.015748	0.0	0.015748	0.0190476	0.05	0.0104167	0.0555556	0.0437158	0.0192308	0.03367	0.0382514	0.0328947	0.0252951	0.0326087	0.0114943	0.0358306	0.0235294	0.0	0.0	0.0377358	0.0204082	0.0	0.0121951	0.0384615	0.0542636	0.0144928	0.0786517	0.1284404	0.0846154	0.05	0.0625	0.0343137	0.0710059	0.3203883	0.5391705	0.3211679	0.3853211	0.4458599	0.5774648	0.5794393	0.4705882	0.5731707	0.6212121	0.1964286	
Horned Lark	0.0067568	0.0	0.0	0.0	0.0	0.0	0.0393701	0.0	0.0	0.0	0.0	0.0054645	0.0	0.0	0.0	0.0	0.0	0.0	0.0	0.0	0.0	0.0	0.0	0.0	0.0	0.0	0.0	0.0	0.0	0.0	0.0	0.0	0.0	0.0	0.0	0.0	0.0	0.0	0.0	0.0	0.0091743	0.0063694	0.0	0.0093458	0.0	0.0	0.0	0.0	
Northern Rough-winged Swallow	0.0	0.0	0.0	0.0	0.0	0.0	0.0	0.0	0.0	0.0	0.0	0.0	0.0038462	0.013468	0.0382514	0.1282895	0.0674536	0.023913	0.0229885	0.0162866	0.0235294	0.0	0.0606061	0.0377358	0.0	0.0235294	0.0	0.0153846	0.0155039	0.0	0.011236	0.0	0.0	0.0	0.0	0.0	0.0	0.0	0.0	0.0	0.0	0.0	0.0	0.0	0.0	0.0	0.0	0.0	
Purple Martin	0.0	0.0	0.0	0.0	0.0	0.0	0.0	0.0	0.0	0.0	0.0	0.0	0.0	0.0	0.0	0.0032895	0.0	0.0021739	0.0	0.0032573	0.0	0.0	0.0	0.0	0.0	0.0	0.0	0.0	0.0	0.0	0.0	0.0	0.0	0.0	0.0	0.0	0.0	0.0	0.0	0.0	0.0	0.0	0.0	0.0	0.0	0.0	0.0	0.0	
Tree Swallow	0.0	0.0	0.0	0.0	0.0	0.0	0.0	0.0	0.0	0.0	0.0055556	0.0	0.0076923	0.03367	0.0218579	0.0263158	0.0303541	0.0195652	0.0268199	0.019544	0.0352941	0.0	0.030303	0.0188679	0.0204082	0.0235294	0.0121951	0.0384615	0.0155039	0.0144928	0.0	0.0	0.0	0.0	0.0	0.0	0.0	0.0048544	0.0046083	0.0015	0.0091743	0.0	0.0	0.0	0.0	0.0	0.0	0.0	
Bank Swallow	0.0	0.0	0.0	0.0	0.0	0.0	0.0	0.0	0.0	0.0	0.0	0.0	0.0	0.0	0.0	0.0098684	0.0	0.0043478	0.0	0.0	0.0	0.0	0.0	0.0	0.0	0.0117647	0.0	0.0076923	0.0	0.0	0.0	0.0	0.0	0.0	0.0	0.0	0.0	0.0	0.0	0.0	0.0	0.0	0.0	0.0	0.0	0.0	0.0	0.0	
Barn Swallow	0.0	0.0	0.0	0.0	0.0	0.0	0.0	0.0	0.0	0.0	0.0	0.0	0.0015	0.0505051	0.0	0.0723684	0.1197302	0.1043478	0.091954	0.0912052	0.1411765	0.1403509	0.2727273	0.1698113	0.3673469	0.2	0.2926829	0.1769231	0.2248062	0.2173913	0.0898876	0.0275229	0.0076923	0.00625	0.00625	0.0	0.0	0.0	0.0	0.0	0.0	0.0	0.0	0.0	0.0	0.0	0.0	0.0	
Cliff Swallow	0.0	0.0	0.0	0.0	0.0	0.0	0.0	0.0	0.0	0.0	0.0	0.0	0.0	0.0	0.0	0.0	0.0	0.0	0.0	0.0032573	0.0	0.0	0.0	0.0	0.0	0.0	0.0	0.0	0.0	0.0	0.0	0.0091743	0.0	0.0	0.0	0.0	0.0	0.0	0.0	0.0	0.0	0.0	0.0	0.0	0.0	0.0	0.0	0.0	
swallow sp.	0.0	0.0	0.0	0.0	0.0	0.0	0.0	0.0	0.0	0.0	0.0	0.0	0.0	0.003367	0.0054645	0.0032895	0.0	0.0	0.0	0.0032573	0.0117647	0.0	0.0	0.0	0.0	0.0117647	0.0	0.0	0.0	0.0144928	0.011236	0.0091743	0.0	0.0	0.0	0.0	0.0	0.0	0.0046083	0.0	0.0	0.0	0.0	0.0	0.0	0.0	0.0	0.0	
Ruby-crowned Kinglet	0.0	0.016129	0.0	0.0	0.0	0.0	0.0	0.0	0.0	0.0	0.0	0.0	0.0192308	0.4040404	0.2459016	0.5394737	0.688027	0.3369565	0.0076628	0.0	0.0	0.0	0.0	0.0	0.0	0.0	0.0	0.0	0.0	0.0	0.0	0.0	0.0	0.0	0.03125	0.1960784	0.2189349	0.4029126	0.5023041	0.5218978	0.3302752	0.1974522	0.056338	0.0841121	0.0392157	0.1341463	0.030303	0.0089286	
Golden-crowned Kinglet	0.0135135	0.0	0.0	0.0	0.0	0.0	0.0	0.0	0.0	0.0	0.0	0.010929	0.1730769	0.3299663	0.0928962	0.0	0.0016863	0.0021739	0.0	0.0	0.0	0.0	0.0	0.0	0.0	0.0	0.0	0.0	0.0	0.0	0.0	0.0	0.0	0.0	0.0	0.0784314	0.1005917	0.2135922	0.2211982	0.2372263	0.2018349	0.089172	0.056338	0.0373832	0.0098039	0.0487805	0.0	0.0	
Ruby-crowned/Golden-crowned Kinglet	0.0	0.0	0.0	0.0	0.0	0.0	0.0	0.0	0.0	0.0	0.0	0.0	0.0	0.0	0.0	0.0	0.0	0.0	0.0	0.0	0.0	0.0	0.0	0.0	0.0	0.0	0.0	0.0	0.0	0.0	0.0	0.0	0.0	0.0	0.0	0.0	0.0059172	0.0	0.0015	0.0	0.0091743	0.0	0.0	0.0	0.0	0.0	0.0	0.0	
Red-breasted Nuthatch	0.0	0.0	0.0	0.0	0.0	0.0	0.0	0.0	0.0	0.0052083	0.0	0.010929	0.0	0.0	0.0	0.0	0.0	0.0	0.0	0.0	0.0	0.0	0.0	0.0	0.0	0.0	0.0	0.0	0.0	0.0	0.0	0.0	0.0076923	0.00625	0.03125	0.0294118	0.0295858	0.0873786	0.0645161	0.040146	0.0091743	0.0	0.0	0.0186916	0.0098039	0.0243902	0.0151515	0.0044643	
White-breasted Nuthatch	0.1959459	0.1935484	0.2083333	0.0821918	0.1102362	0.0839695	0.0787402	0.152381	0.25	0.1145833	0.1555556	0.1311475	0.0769231	0.043771	0.0327869	0.0328947	0.0252951	0.0195652	0.0114943	0.0423453	0.0015	0.0175439	0.0	0.0377358	0.0204082	0.0	0.0121951	0.0	0.0232558	0.0434783	0.0449438	0.0642202	0.0307692	0.01875	0.10625	0.1617647	0.2071006	0.4126214	0.4147465	0.270073	0.293578	0.3248408	0.3521127	0.4299065	0.1078431	0.4512195	0.2878788	0.1517857	
Brown Creeper	0.1621622	0.1048387	0.2152778	0.0753425	0.1496063	0.1603053	0.1023622	0.2666667	0.28	0.1614583	0.2277778	0.2021858	0.2153846	0.2861953	0.1202186	0.0657895	0.0455312	0.0021739	0.0	0.0	0.0	0.0	0.0	0.0	0.0	0.0	0.0	0.0	0.0	0.0	0.0	0.0	0.0	0.0	0.0	0.0784314	0.0414201	0.1067961	0.156682	0.1459854	0.1009174	0.0636943	0.0	0.046729	0.0882353	0.1097561	0.0909091	0.0178571	
Blue-gray Gnatcatcher	0.0	0.0	0.0	0.0	0.0	0.0	0.0	0.0	0.0	0.0	0.0	0.0	0.0038462	0.1717172	0.3114754	0.4013158	0.1551433	0.0565217	0.0191571	0.0	0.0	0.0	0.0	0.0	0.0	0.0	0.0243902	0.0	0.0077519	0.0144928	0.0898876	0.0642202	0.0538462	0.075	0.01875	0.0	0.0	0.0	0.0	0.0	0.0	0.0	0.0	0.0	0.0	0.0	0.0	0.0	
House Wren	0.0	0.0	0.0	0.0	0.0	0.0	0.0	0.0	0.0	0.0	0.0	0.0	0.0	0.020202	0.0983607	0.1414474	0.2074199	0.2717391	0.1724138	0.1596091	0.0823529	0.0350877	0.0	0.0377358	0.0	0.0117647	0.0121951	0.0230769	0.0232558	0.0	0.0224719	0.0366972	0.0769231	0.13125	0.16875	0.2009804	0.112426	0.1456311	0.0875576	0.0364964	0.0091743	0.0254777	0.0	0.0	0.0	0.0	0.0	0.0	
Winter Wren	0.0135135	0.0080645	0.0069444	0.0	0.007874	0.0	0.0	0.0	0.0	0.0	0.0	0.0163934	0.0846154	0.1178451	0.010929	0.0328947	0.0472175	0.0130435	0.0015	0.0	0.0	0.0	0.0	0.0	0.0	0.0	0.0	0.0	0.0	0.0	0.0	0.0	0.0	0.0	0.0125	0.1029412	0.0828402	0.2330097	0.1658986	0.2372263	0.146789	0.0955414	0.1126761	0.046729	0.0588235	0.097561	0.0151515	0.0	
Marsh Wren	0.0	0.0	0.0	0.0	0.0	0.0	0.0	0.0	0.0	0.0	0.0	0.0	0.0	0.0	0.0	0.0	0.0033727	0.0021739	0.0	0.0	0.0	0.0	0.0	0.0	0.0	0.0	0.0	0.0	0.0	0.0	0.0	0.0	0.0	0.0015	0.00625	0.0539216	0.0059172	0.0	0.0046083	0.0	0.0	0.0063694	0.0	0.0	0.0	0.0	0.0	0.0	
Carolina Wren	0.2432432	0.1693548	0.2013889	0.130137	0.1417323	0.1832061	0.0866142	0.152381	0.05	0.0364583	0.0722222	0.0655738	0.0923077	0.0606061	0.0218579	0.0296053	0.0269815	0.0391304	0.0344828	0.029316	0.0235294	0.0175439	0.0	0.0	0.0	0.0	0.0365854	0.0230769	0.0620155	0.0724638	0.1685393	0.1376147	0.2461538	0.24375	0.1625	0.1568627	0.1538462	0.1116505	0.1059908	0.0656934	0.0917431	0.0700637	0.056338	0.0654206	0.0490196	0.1585366	0.2727273	0.0089286	
wren sp.	0.0	0.0	0.0	0.0	0.0	0.0	0.0	0.0	0.0	0.0	0.0	0.0	0.0038462	0.0	0.0	0.0	0.0	0.0	0.0	0.0	0.0	0.0	0.0	0.0	0.0	0.0	0.0	0.0	0.0	0.0	0.0	0.0	0.0	0.00625	0.0	0.004902	0.0059172	0.0	0.0	0.0036496	0.0	0.0	0.0	0.0	0.0	0.0	0.0	0.0	
European Starling	0.472973	0.4919355	0.4375	0.3630137	0.5748031	0.5038168	0.4251969	0.4380952	0.54	0.453125	0.5611111	0.5519126	0.6576923	0.7508418	0.7486339	0.7105263	0.7790894	0.7934783	0.8084291	0.8143322	0.6705882	0.6140351	0.6363636	0.6415094	0.5918367	0.6117647	0.5487805	0.5384615	0.5891473	0.5362319	0.6292135	0.5779817	0.7	0.575	0.6625	0.5833333	0.5680473	0.5825243	0.5990783	0.4416058	0.5321101	0.5350318	0.4084507	0.4672897	0.254902	0.5853659	0.4545455	0.625	
Gray Catbird	0.0067568	0.0	0.0208333	0.0	0.0	0.0152672	0.007874	0.0095238	0.0	0.0	0.0	0.0	0.0	0.003367	0.0	0.0197368	0.6526138	0.773913	0.6819923	0.6710098	0.4823529	0.4561404	0.2727273	0.4150943	0.3673469	0.2941176	0.2804878	0.2615385	0.3333333	0.4202899	0.4719101	0.4311927	0.5769231	0.61875	0.66875	0.6078431	0.6804734	0.6019417	0.4009217	0.2153285	0.1100917	0.1910828	0.1267606	0.1308411	0.127451	0.1707317	0.0454545	0.0267857	
Brown Thrasher	0.0	0.0403226	0.0208333	0.0342466	0.007874	0.0076336	0.015748	0.0	0.0	0.0	0.0111111	0.0273224	0.0153846	0.0707071	0.0273224	0.0723684	0.1045531	0.0804348	0.0153257	0.0228013	0.0	0.0	0.0	0.0	0.0204082	0.0	0.0	0.0	0.0077519	0.0	0.0	0.0	0.0230769	0.0875	0.25625	0.4117647	0.3372781	0.1747573	0.1428571	0.0072993	0.0550459	0.0636943	0.0704225	0.0280374	0.0490196	0.0	0.0015	0.0044643	
Northern Mockingbird	0.1756757	0.1935484	0.1111111	0.109589	0.2519685	0.2290076	0.0866142	0.0666667	0.06	0.1302083	0.1388889	0.1748634	0.1	0.1649832	0.1857923	0.0657895	0.079258	0.1304348	0.0804598	0.1107492	0.1411765	0.0526316	0.2424242	0.1509434	0.1836735	0.3647059	0.3170732	0.2076923	0.1317829	0.1449275	0.1685393	0.2293578	0.1615385	0.15	0.175	0.1470588	0.0769231	0.184466	0.1290323	0.149635	0.146789	0.2038217	0.1690141	0.1588785	0.2941176	0.2682927	0.4393939	0.2321429	
Eastern Bluebird	0.0	0.0	0.0	0.0	0.0	0.0	0.007874	0.0	0.0	0.0	0.0	0.0	0.0	0.020202	0.0	0.0	0.0033727	0.0021739	0.0	0.0260586	0.0	0.0	0.0	0.0	0.0	0.0	0.0	0.0	0.0	0.0	0.0	0.0	0.0	0.0	0.00625	0.0	0.0	0.0	0.0046083	0.0109489	0.0458716	0.0127389	0.0	0.0093458	0.0	0.0	0.0	0.0	
Veery	0.0	0.0	0.0	0.0	0.0	0.0	0.0	0.0	0.0	0.0	0.0	0.0	0.0	0.0	0.0	0.0098684	0.3389545	0.426087	0.1494253	0.1726384	0.0117647	0.0	0.0	0.0	0.0	0.0	0.0	0.0076923	0.0077519	0.0	0.0224719	0.0917431	0.3230769	0.225	0.175	0.0686275	0.0	0.0048544	0.0	0.0	0.0	0.0	0.0	0.0	0.0	0.0	0.0	0.0	
Gray-cheeked Thrush	0.0	0.0	0.0	0.0	0.0	0.0	0.0	0.0	0.0	0.0	0.0	0.0	0.0	0.0	0.0	0.0	0.0084317	0.076087	0.1111111	0.1335505	0.0	0.0	0.0	0.0	0.0	0.0	0.0	0.0	0.0	0.0	0.0	0.0	0.0076923	0.0	0.01875	0.0735294	0.0710059	0.0631068	0.0138249	0.0036496	0.0	0.0	0.0	0.0	0.0	0.0	0.0	0.0	
Bicknell's Thrush	0.0	0.0	0.0	0.0	0.0	0.0	0.0	0.0	0.0	0.0	0.0	0.0	0.0	0.0	0.0	0.0	0.0	0.0	0.0015	0.0065147	0.0	0.0	0.0	0.0	0.0	0.0	0.0	0.0	0.0	0.0	0.0	0.0	0.0	0.0	0.0	0.0	0.0	0.0	0.0	0.0	0.0	0.0	0.0	0.0	0.0	0.0	0.0	0.0	
Gray-cheeked/Bicknell's Thrush	0.0	0.0	0.0	0.0	0.0	0.0	0.0	0.0	0.0	0.0	0.0	0.0	0.0	0.0	0.0	0.0	0.0	0.0043478	0.0	0.0065147	0.0	0.0	0.0	0.0	0.0	0.0	0.0	0.0	0.0	0.0	0.0	0.0	0.0	0.0	0.00625	0.004902	0.0118343	0.0	0.0	0.0	0.0	0.0	0.0	0.0	0.0	0.0	0.0	0.0	
Swainson's Thrush	0.0	0.0	0.0	0.0	0.0	0.0	0.0	0.0	0.0	0.0	0.0	0.0	0.0	0.0	0.0	0.0	0.0860034	0.4826087	0.3831418	0.4592834	0.0470588	0.0	0.0	0.0	0.0	0.0	0.0	0.0	0.0	0.0	0.011236	0.0275229	0.1230769	0.1125	0.31875	0.3676471	0.2426036	0.1650485	0.1152074	0.0072993	0.0091743	0.0	0.0	0.0	0.0	0.0	0.0	0.0	
Hermit Thrush	0.0945946	0.0483871	0.0347222	0.0410959	0.0	0.0152672	0.0	0.0095238	0.02	0.0104167	0.0015	0.0054645	0.2730769	0.5521886	0.1420765	0.4605263	0.5935919	0.2608696	0.0153257	0.0065147	0.0	0.0	0.0	0.0	0.0	0.0	0.0	0.0	0.0	0.0	0.0	0.0	0.0076923	0.0	0.0	0.0686275	0.1242604	0.3203883	0.5299539	0.6021898	0.6146789	0.5031847	0.3661972	0.2803738	0.1176471	0.2682927	0.2424242	0.0401786	
Catharus sp.	0.0	0.0	0.0	0.0	0.0	0.0	0.0	0.0	0.0	0.0	0.0	0.0	0.0	0.0	0.0	0.0032895	0.0067454	0.0282609	0.0268199	0.0423453	0.0	0.0175439	0.0	0.0	0.0	0.0	0.0	0.0	0.0	0.0	0.0337079	0.0091743	0.0230769	0.0375	0.04375	0.0539216	0.0236686	0.0242718	0.0092166	0.0109489	0.0091743	0.0127389	0.0	0.0	0.0	0.0121951	0.0	0.0	
Wood Thrush	0.0	0.0	0.0	0.0	0.0	0.0	0.0	0.0	0.0	0.0	0.0	0.0	0.0	0.003367	0.0	0.0032895	0.3524452	0.3130435	0.1072797	0.2833876	0.1411765	0.0526316	0.0	0.0188679	0.0204082	0.0	0.0121951	0.0230769	0.0155039	0.0289855	0.0561798	0.0183486	0.0230769	0.125	0.1375	0.1176471	0.147929	0.1601942	0.0506912	0.0	0.0183486	0.0636943	0.028169	0.0	0.0294118	0.0015	0.0015	0.0	
American Robin	0.3851351	0.4032258	0.375	0.239726	0.4645669	0.2748092	0.2598425	0.4285714	0.54	0.421875	0.6055556	0.704918	0.8	0.8181818	0.7704918	0.8388158	0.7908938	0.7782609	0.789272	0.8273616	0.6352941	0.7368421	0.6363636	0.6415094	0.6122449	0.6	0.6097561	0.5307692	0.6046512	0.5072464	0.741573	0.6513761	0.7923077	0.7	0.75	0.6617647	0.6213018	0.5970874	0.6082949	0.4343066	0.5137615	0.3566879	0.3802817	0.3738318	0.3921569	0.3536585	0.3787879	0.3526786	
thrush sp.	0.0	0.0	0.0	0.0	0.0	0.0	0.0	0.0	0.0	0.0	0.0	0.0	0.0	0.0	0.0	0.0	0.0	0.0043478	0.0	0.0	0.0117647	0.0	0.0	0.0	0.0	0.0	0.0	0.0	0.0	0.0144928	0.0	0.0	0.0076923	0.00625	0.00625	0.004902	0.0059172	0.0	0.0	0.0036496	0.0	0.0	0.0	0.0	0.0	0.0	0.0	0.0	
Cedar Waxwing	0.027027	0.0483871	0.0208333	0.0	0.007874	0.0	0.007874	0.0095238	0.13	0.140625	0.0777778	0.0382514	0.1153846	0.1548822	0.0710383	0.0460526	0.0944351	0.1086957	0.1609195	0.3420195	0.2235294	0.2631579	0.1212121	0.1509434	0.122449	0.0117647	0.0487805	0.0461538	0.124031	0.0869565	0.1573034	0.1376147	0.2153846	0.16875	0.1375	0.1568627	0.0532544	0.1407767	0.1612903	0.0474453	0.0183486	0.0509554	0.0422535	0.0841121	0.0098039	0.0243902	0.0	0.0	
House Sparrow	0.7094595	0.7016129	0.5902778	0.5753425	0.6850394	0.7099237	0.5590551	0.6952381	0.69	0.5729167	0.6888889	0.6775956	0.7230769	0.7744108	0.8579235	0.7993421	0.8296796	0.8347826	0.8390805	0.8534202	0.8117647	0.877193	0.7878788	0.8113208	0.8163265	0.7294118	0.8170732	0.8076923	0.7286822	0.8405797	0.8539326	0.7706422	0.7769231	0.7625	0.7875	0.7696078	0.8106509	0.7864078	0.7741935	0.6423358	0.7889908	0.8025478	0.6760563	0.6635514	0.745098	0.8170732	0.8787879	0.8616071	
American Pipit	0.0	0.0	0.0	0.0	0.0	0.0	0.0	0.0	0.0	0.0	0.0	0.0	0.0	0.0	0.0	0.0	0.0	0.0	0.0	0.0	0.0	0.0	0.0	0.0	0.0	0.0	0.0	0.0	0.0	0.0	0.0	0.0	0.0	0.0	0.0	0.0	0.0	0.0015	0.0092166	0.0072993	0.0	0.0	0.0140845	0.0186916	0.0	0.0	0.0	0.0	
Evening Grosbeak	0.0	0.0	0.0	0.0	0.0	0.0	0.0	0.0	0.0	0.0	0.0	0.0	0.0	0.0	0.0	0.0	0.0	0.0	0.0	0.0	0.0	0.0	0.0	0.0	0.0	0.0	0.0	0.0	0.0	0.0	0.0	0.0	0.0	0.0	0.0	0.0	0.0	0.0	0.0	0.0	0.0015	0.0	0.0	0.0	0.0	0.0	0.0	0.0	
House Finch	0.3378378	0.2741935	0.2291667	0.1506849	0.3779528	0.3358779	0.1889764	0.3047619	0.4	0.2291667	0.2333333	0.2677596	0.25	0.3232323	0.3606557	0.3125	0.3490725	0.1891304	0.164751	0.1074919	0.1294118	0.1578947	0.2727273	0.1509434	0.0816327	0.2352941	0.1707317	0.1615385	0.1395349	0.1304348	0.1348315	0.2385321	0.1384615	0.1625	0.10625	0.0637255	0.0650888	0.1165049	0.1751152	0.1386861	0.1376147	0.1910828	0.1549296	0.1495327	0.0882353	0.2560976	0.3181818	0.09375	
Purple Finch	0.0	0.0	0.0069444	0.0	0.0	0.0	0.0	0.0	0.0	0.0	0.0	0.0	0.0	0.0	0.0	0.0032895	0.0016863	0.0	0.0	0.0	0.0	0.0	0.0	0.0	0.0	0.0	0.0	0.0	0.0	0.0	0.0	0.0	0.0	0.0	0.00625	0.004902	0.0236686	0.1067961	0.1105991	0.1277372	0.0642202	0.1401274	0.0704225	0.1214953	0.0	0.0365854	0.0	0.0044643	
Pine Siskin	0.0	0.0	0.0	0.0136986	0.0	0.0	0.0	0.0	0.01	0.0	0.0	0.0	0.0	0.0	0.0	0.0032895	0.0	0.0	0.0	0.0	0.0	0.0	0.0	0.0	0.0	0.0	0.0	0.0	0.0	0.0	0.0	0.0	0.0	0.0	0.0	0.0015	0.0059172	0.0533981	0.0230415	0.0693431	0.0183486	0.0063694	0.0140845	0.0654206	0.0196078	0.1097561	0.0151515	0.0	
American Goldfinch	0.2364865	0.1854839	0.1736111	0.1438356	0.1968504	0.2061069	0.0944882	0.2095238	0.33	0.2083333	0.2111111	0.2131148	0.2230769	0.3400673	0.3333333	0.3815789	0.3406408	0.2	0.0804598	0.0260586	0.0352941	0.0175439	0.030303	0.0	0.0	0.0	0.0365854	0.0230769	0.0077519	0.0434783	0.1011236	0.1284404	0.1461538	0.1	0.1	0.0588235	0.0532544	0.1116505	0.1889401	0.1131387	0.1284404	0.2101911	0.2535211	0.3457944	0.1470588	0.3292683	0.1363636	0.0446429	
finch sp.	0.0	0.0	0.0	0.0	0.0	0.0	0.0	0.0	0.0	0.0	0.0	0.0	0.0	0.0	0.0	0.0	0.0	0.0	0.0	0.0	0.0	0.0	0.0	0.0	0.0	0.0	0.0	0.0	0.0	0.0	0.0	0.0	0.0	0.0	0.0	0.0	0.0	0.0	0.0	0.0	0.0	0.0	0.0	0.0	0.0	0.0121951	0.0	0.0	
Snow Bunting	0.0067568	0.0080645	0.0208333	0.1027397	0.0472441	0.0	0.007874	0.0095238	0.0	0.0052083	0.0	0.0	0.0	0.0	0.0	0.0	0.0	0.0	0.0	0.0	0.0	0.0	0.0	0.0	0.0	0.0	0.0	0.0	0.0	0.0	0.0	0.0	0.0	0.0	0.0	0.0	0.0	0.0	0.0	0.0	0.0	0.0	0.0	0.0	0.0	0.0	0.0151515	0.0	
Grasshopper Sparrow	0.0	0.0	0.0	0.0	0.0	0.0	0.0	0.0	0.0	0.0	0.0	0.0	0.0	0.0	0.0	0.0	0.0	0.0108696	0.0	0.0	0.0	0.0	0.0	0.0	0.0	0.0	0.0	0.0	0.0	0.0	0.0	0.0	0.0	0.0	0.0	0.0	0.0	0.0	0.0	0.0	0.0	0.0	0.0	0.0	0.0	0.0	0.0	0.0	
Chipping Sparrow	0.0	0.0080645	0.0	0.0	0.0	0.0	0.0	0.0	0.0	0.0	0.0055556	0.0054645	0.1807692	0.3501684	0.2185792	0.3256579	0.3187184	0.2043478	0.0229885	0.019544	0.0	0.0	0.0	0.0	0.0408163	0.0	0.0	0.0	0.0	0.0	0.0	0.0	0.0076923	0.0	0.01875	0.0294118	0.0532544	0.1893204	0.3041475	0.229927	0.0917431	0.0828025	0.0	0.0186916	0.0	0.0	0.0	0.0044643	
Clay-colored Sparrow	0.0	0.0	0.0	0.0	0.0	0.0	0.0	0.0	0.0	0.0	0.0	0.0	0.0	0.0	0.0	0.0	0.0	0.0195652	0.0	0.0	0.0	0.0	0.0	0.0	0.0	0.0	0.0	0.0	0.0	0.0	0.0	0.0	0.0	0.0	0.0	0.0	0.0	0.0	0.0	0.0	0.0	0.0	0.0	0.0	0.0	0.0	0.0	0.0	
Field Sparrow	0.0	0.0	0.0	0.0	0.0	0.0	0.0	0.0	0.0	0.0	0.0	0.0218579	0.0192308	0.0976431	0.0054645	0.0427632	0.1129848	0.0521739	0.0	0.0	0.0	0.0	0.0	0.0	0.0	0.0	0.0	0.0	0.0	0.0	0.0	0.0	0.0	0.0	0.0	0.0098039	0.0236686	0.0728155	0.1797235	0.1167883	0.0091743	0.0254777	0.0	0.0186916	0.0	0.0	0.0	0.0	
American Tree Sparrow	0.0067568	0.0	0.0	0.0	0.0	0.0381679	0.0866142	0.0761905	0.15	0.046875	0.0055556	0.0163934	0.0038462	0.0	0.0	0.0	0.0	0.0	0.0	0.0	0.0	0.0	0.0	0.0	0.0	0.0	0.0	0.0	0.0	0.0	0.0	0.0	0.0	0.0	0.0	0.0	0.0	0.0	0.0	0.0	0.0	0.0	0.028169	0.0373832	0.0	0.0	0.0	0.0	
Spizella sp./American Tree Sparrow	0.0	0.0	0.0	0.0	0.0	0.0	0.0	0.0	0.0	0.0	0.0	0.0	0.0	0.0	0.0	0.0	0.0	0.0	0.0	0.0	0.0	0.0	0.0	0.0	0.0	0.0	0.0	0.0	0.0	0.0	0.0	0.0	0.0	0.0	0.0	0.0	0.0	0.0	0.0	0.0036496	0.0	0.0	0.0	0.0	0.0	0.0	0.0	0.0	
Fox Sparrow	0.2027027	0.1129032	0.1319444	0.1506849	0.1181102	0.1526718	0.0787402	0.1619048	0.29	0.1614583	0.2333333	0.284153	0.2538462	0.1279461	0.0	0.0	0.0	0.0	0.0	0.0	0.0	0.0	0.0	0.0	0.0	0.0	0.0	0.0	0.0	0.0	0.0	0.0	0.0	0.0	0.0	0.0	0.0	0.0097087	0.0	0.0145985	0.1100917	0.133758	0.1830986	0.2429907	0.0686275	0.1341463	0.0757576	0.0357143	
Dark-eyed Junco	0.3378378	0.2580645	0.2430556	0.2328767	0.3937008	0.4045802	0.2362205	0.2857143	0.39	0.28125	0.3333333	0.3879781	0.4884615	0.5151515	0.2513661	0.0789474	0.0472175	0.0152174	0.0015	0.009772	0.0	0.0	0.0	0.0	0.0	0.0	0.0	0.0	0.0	0.0	0.0	0.0	0.0	0.0	0.00625	0.0931373	0.0769231	0.2524272	0.3502304	0.4890511	0.559633	0.4840764	0.4225352	0.588785	0.372549	0.4634146	0.4848485	0.1160714	
White-crowned Sparrow	0.0	0.0	0.0	0.0	0.0	0.0	0.0	0.0	0.0	0.0	0.0	0.0	0.0	0.0	0.0	0.0032895	0.1146712	0.0934783	0.0421456	0.0	0.0	0.0	0.0	0.0	0.0	0.0	0.0	0.0	0.0	0.0	0.0	0.0	0.0	0.0	0.0	0.0441176	0.0473373	0.0728155	0.1105991	0.1423358	0.0183486	0.0191083	0.028169	0.0093458	0.0	0.0	0.0	0.0	
White-throated Sparrow	0.6486486	0.5241935	0.5486111	0.4315068	0.3937008	0.4427481	0.3779528	0.5142857	0.53	0.421875	0.5277778	0.5464481	0.7	0.7205387	0.6612022	0.7532895	0.7504216	0.6043478	0.2873563	0.1433225	0.0705882	0.0526316	0.030303	0.0566038	0.0408163	0.0235294	0.0243902	0.0538462	0.0155039	0.0434783	0.0561798	0.0366972	0.0461538	0.05625	0.16875	0.4117647	0.7455621	0.7475728	0.8248848	0.7080292	0.8165138	0.8152866	0.7887324	0.7102804	0.754902	0.7317073	0.8333333	0.375	
Dark-eyed Junco x White-throated Sparrow (hybrid)	0.0	0.0	0.0	0.0	0.0	0.0	0.0	0.0	0.0	0.0	0.0	0.0	0.0	0.0	0.0	0.0	0.0	0.0	0.0	0.0	0.0	0.0	0.0	0.0	0.0	0.0	0.0	0.0	0.0	0.0	0.0	0.0	0.0	0.0	0.0	0.0	0.0	0.0048544	0.0015	0.0	0.0	0.0	0.0	0.0	0.0	0.0	0.0	0.0	
Vesper Sparrow	0.0	0.0	0.0	0.0	0.0	0.0	0.0	0.0	0.0	0.0	0.0	0.0	0.0	0.0	0.0	0.0	0.0	0.0	0.0	0.0	0.0	0.0	0.0	0.0	0.0	0.0	0.0	0.0	0.0	0.0	0.0	0.0	0.0	0.0	0.0	0.0	0.0	0.0	0.0015	0.0255474	0.0	0.0	0.0	0.0	0.0	0.0	0.0	0.0	
Seaside Sparrow	0.0	0.0	0.0	0.0	0.0	0.0	0.0	0.0	0.0	0.0	0.0	0.0	0.0	0.0	0.0	0.0	0.0	0.0	0.0	0.0	0.0	0.0	0.0	0.0	0.0	0.0	0.0	0.0	0.0	0.0	0.0	0.0	0.0	0.0	0.0	0.0	0.0	0.0048544	0.0	0.0	0.0	0.0	0.0	0.0	0.0	0.0	0.0	0.0	
Nelson's Sparrow	0.0	0.0	0.0	0.0	0.0	0.0	0.0	0.0	0.0	0.0	0.0	0.0	0.0	0.0	0.0	0.0	0.0016863	0.0	0.0	0.0	0.0	0.0	0.0	0.0	0.0	0.0	0.0	0.0	0.0	0.0	0.0	0.0	0.0	0.0	0.0	0.0	0.0177515	0.0048544	0.0092166	0.0145985	0.0091743	0.0063694	0.0	0.0093458	0.0	0.0121951	0.0	0.0	
Saltmarsh Sparrow	0.0	0.0	0.0	0.0	0.0	0.0	0.0	0.0	0.0	0.0	0.0	0.0	0.0	0.0	0.0	0.0	0.0	0.0	0.0	0.0	0.0	0.0	0.0	0.0	0.0	0.0	0.0	0.0	0.0	0.0	0.0	0.0	0.0	0.0	0.0	0.0	0.0	0.0	0.0	0.0145985	0.0	0.0	0.0	0.0	0.0	0.0	0.0	0.0	
Savannah Sparrow	0.0	0.0	0.0	0.0136986	0.023622	0.0	0.015748	0.0095238	0.01	0.0052083	0.0055556	0.0	0.0076923	0.010101	0.0273224	0.0230263	0.0370995	0.0652174	0.0229885	0.0	0.0	0.0	0.0	0.0	0.0	0.0	0.0	0.0	0.0	0.0	0.0	0.0	0.0076923	0.0	0.00625	0.0343137	0.0532544	0.0728155	0.0921659	0.0912409	0.0550459	0.0573248	0.0140845	0.0186916	0.0	0.0121951	0.0151515	0.0	
Song Sparrow	0.1959459	0.25	0.1388889	0.2465753	0.1811024	0.1145038	0.1181102	0.247619	0.41	0.3333333	0.5	0.5355191	0.5461538	0.5454545	0.3989071	0.4013158	0.3490725	0.1978261	0.1685824	0.1824104	0.1647059	0.1578947	0.0606061	0.0943396	0.0408163	0.0705882	0.0853659	0.1076923	0.1705426	0.1884058	0.1573034	0.1559633	0.1461538	0.15625	0.19375	0.245098	0.2426036	0.461165	0.5299539	0.5255474	0.5045872	0.4522293	0.3098592	0.3364486	0.3431373	0.3292683	0.4242424	0.0803571	
Lincoln's Sparrow	0.0	0.0	0.0	0.0	0.0	0.0	0.0	0.0	0.0	0.0	0.0	0.0	0.0	0.0	0.0	0.0	0.0438449	0.1152174	0.1072797	0.0358306	0.0117647	0.0	0.0	0.0	0.0	0.0	0.0	0.0	0.0	0.0	0.0	0.0015	0.0	0.01875	0.06875	0.0735294	0.0828402	0.0728155	0.0599078	0.0255474	0.0183486	0.0127389	0.0	0.0	0.0	0.0	0.0	0.0	
Swamp Sparrow	0.0472973	0.0806452	0.0486111	0.0273973	0.015748	0.0152672	0.007874	0.0095238	0.02	0.0260417	0.0222222	0.1530055	0.1730769	0.3232323	0.0601093	0.1513158	0.3558179	0.3413043	0.0383142	0.0423453	0.0117647	0.0526316	0.030303	0.0188679	0.0	0.0	0.0	0.0	0.0	0.0	0.0	0.0	0.0	0.0	0.0125	0.127451	0.2307692	0.3009709	0.2995392	0.2372263	0.2568807	0.2356688	0.084507	0.1121495	0.0686275	0.0487805	0.0606061	0.0178571	
Lincoln's/Swamp Sparrow	0.0	0.0	0.0	0.0	0.0	0.0	0.0	0.0	0.0	0.0	0.0	0.0	0.0	0.0	0.0	0.0	0.0	0.0	0.0	0.0	0.0	0.0	0.0	0.0	0.0	0.0	0.0	0.0	0.0	0.0	0.0	0.0	0.0	0.0	0.0	0.0	0.0	0.0	0.0	0.0036496	0.0	0.0	0.0	0.0	0.0	0.0	0.0	0.0	
Eastern Towhee	0.0405405	0.0725806	0.0486111	0.0273973	0.015748	0.0534351	0.0393701	0.0095238	0.04	0.0052083	0.0111111	0.0163934	0.0015	0.1279461	0.0928962	0.1085526	0.4586847	0.2695652	0.0689655	0.0488599	0.0352941	0.0175439	0.0	0.0188679	0.0408163	0.0	0.0	0.0	0.0	0.0144928	0.0224719	0.0183486	0.0153846	0.0125	0.00625	0.122549	0.2721893	0.3398058	0.3502304	0.1532847	0.0917431	0.0509554	0.056338	0.0093458	0.0196078	0.0609756	0.0015	0.0223214	
sparrow sp.	0.0	0.0080645	0.0069444	0.0136986	0.0	0.0076336	0.007874	0.0095238	0.0	0.0208333	0.0055556	0.0	0.0076923	0.003367	0.0	0.0032895	0.0	0.0086957	0.0	0.0	0.0117647	0.0	0.0	0.0188679	0.0	0.0	0.0121951	0.0230769	0.0232558	0.0	0.0	0.0183486	0.0230769	0.01875	0.0125	0.0245098	0.0473373	0.0339806	0.0276498	0.0364964	0.0550459	0.0191083	0.0140845	0.0280374	0.0098039	0.0	0.0	0.0044643	
Yellow-breasted Chat	0.0	0.0	0.0	0.0	0.0	0.0	0.0	0.0	0.0	0.0	0.0	0.0	0.0	0.0	0.0	0.0	0.0	0.0130435	0.0	0.0015	0.0	0.0	0.0	0.0	0.0	0.0	0.0	0.0	0.0	0.0	0.0015	0.0	0.0153846	0.00625	0.0	0.0	0.0	0.0048544	0.0046083	0.0	0.0275229	0.0	0.0	0.0	0.0	0.0	0.0	0.0	
Bobolink	0.0	0.0	0.0	0.0	0.0	0.0	0.0	0.0	0.0	0.0	0.0	0.0	0.0	0.0	0.0	0.0	0.0016863	0.0021739	0.0	0.0	0.0	0.0	0.0	0.0	0.0	0.0	0.0	0.0	0.0	0.0	0.011236	0.0	0.0	0.00625	0.0	0.0	0.0	0.0	0.0	0.0	0.0	0.0	0.0	0.0	0.0	0.0	0.0	0.0	
Eastern Meadowlark	0.0	0.0	0.0	0.0	0.0	0.0	0.0	0.0	0.0	0.0	0.0	0.0	0.0	0.0	0.0	0.0	0.0	0.0	0.0	0.0	0.0	0.0	0.0	0.0	0.0	0.0	0.0	0.0	0.0	0.0	0.0	0.0	0.0	0.0	0.0	0.0	0.0	0.0	0.0276498	0.0036496	0.0	0.0015	0.0	0.0	0.0	0.0	0.0	0.0	
Orchard Oriole	0.0	0.0	0.0	0.0	0.0	0.0	0.0	0.0	0.0	0.0	0.0	0.0	0.0	0.0	0.0	0.0	0.1163575	0.0391304	0.0498084	0.0228013	0.0352941	0.0175439	0.0	0.0	0.0204082	0.0	0.0	0.0	0.0232558	0.0	0.0	0.0	0.0	0.0	0.0	0.0	0.0	0.0	0.0	0.0	0.0	0.0	0.0	0.0	0.0	0.0	0.0	0.0	
Baltimore Oriole	0.2094595	0.1774194	0.2152778	0.0958904	0.1732283	0.1679389	0.1338583	0.152381	0.24	0.1197917	0.1277778	0.1038251	0.0923077	0.1111111	0.1311475	0.0592105	0.5193929	0.5217391	0.4367816	0.4006515	0.2588235	0.3157895	0.1212121	0.1132075	0.122449	0.0235294	0.0365854	0.0384615	0.1085271	0.1884058	0.258427	0.2293578	0.1076923	0.06875	0.025	0.0245098	0.0414201	0.0145631	0.0322581	0.0	0.0	0.0063694	0.0	0.0	0.0	0.0365854	0.0151515	0.0	
Red-winged Blackbird	0.0135135	0.0	0.0	0.0	0.007874	0.0076336	0.015748	0.0380952	0.08	0.203125	0.2333333	0.284153	0.2807692	0.3973064	0.3387978	0.4078947	0.4266442	0.3565217	0.2452107	0.2084691	0.1058824	0.1403509	0.1818182	0.1132075	0.2244898	0.1176471	0.1341463	0.1307692	0.1317829	0.1304348	0.0561798	0.0183486	0.0538462	0.0	0.025	0.0098039	0.0118343	0.0194175	0.0414747	0.0766423	0.0733945	0.0764331	0.1267606	0.1682243	0.0	0.0	0.0	0.0	
Brown-headed Cowbird	0.1216216	0.0322581	0.0208333	0.0410959	0.007874	0.0	0.023622	0.0380952	0.03	0.03125	0.0388889	0.0327869	0.1461538	0.2255892	0.2896175	0.2368421	0.2175379	0.1456522	0.0574713	0.0879479	0.0470588	0.1403509	0.0909091	0.0	0.0	0.0470588	0.0487805	0.0230769	0.0697674	0.0434783	0.0337079	0.0	0.0076923	0.04375	0.0375	0.0147059	0.0059172	0.0097087	0.0414747	0.0291971	0.0366972	0.0127389	0.0422535	0.0373832	0.0392157	0.0121951	0.0151515	0.0044643	
Rusty Blackbird	0.0	0.0	0.0138889	0.0	0.015748	0.0229008	0.0	0.0095238	0.14	0.0833333	0.0666667	0.0273224	0.0115385	0.016835	0.0054645	0.0098684	0.0134907	0.0130435	0.0038314	0.0	0.0	0.0	0.0	0.0	0.0	0.0	0.0	0.0	0.0	0.0	0.0	0.0	0.0	0.0	0.0	0.0	0.0059172	0.0097087	0.0092166	0.0072993	0.0458716	0.0318471	0.0422535	0.0373832	0.0015	0.0	0.0	0.0	
Common Grackle	0.1891892	0.1935484	0.1527778	0.1780822	0.2519685	0.2519084	0.2283465	0.4285714	0.46	0.40625	0.4888889	0.4754098	0.5307692	0.5555556	0.5519126	0.6842105	0.6273187	0.5826087	0.6130268	0.6091205	0.5294118	0.5438596	0.4545455	0.4150943	0.5306122	0.3294118	0.2439024	0.2692308	0.2635659	0.3768116	0.505618	0.440367	0.5615385	0.51875	0.4375	0.4117647	0.3668639	0.3058252	0.3870968	0.2481752	0.293578	0.2738854	0.2957746	0.317757	0.0686275	0.195122	0.0606061	0.0580357	
blackbird sp.	0.0	0.0	0.0	0.0	0.0	0.0	0.0	0.0	0.0	0.0	0.0	0.0	0.0	0.003367	0.0054645	0.0	0.0	0.0	0.0	0.0	0.0	0.0	0.0	0.0	0.0	0.0	0.0	0.0	0.0	0.0	0.0	0.0	0.0	0.0	0.0	0.0	0.0	0.0	0.0046083	0.0	0.0	0.0	0.0	0.0093458	0.0	0.0	0.0	0.0	
Ovenbird	0.0	0.0	0.0	0.0	0.0	0.0	0.0	0.0	0.0	0.0	0.0	0.0	0.0	0.0	0.0	0.0164474	0.549747	0.6804348	0.532567	0.3387622	0.1411765	0.0175439	0.0	0.0188679	0.0	0.0	0.0	0.0	0.0155039	0.0289855	0.1797753	0.1743119	0.2076923	0.15	0.18125	0.2205882	0.2544379	0.1116505	0.0599078	0.0656934	0.0458716	0.1146497	0.056338	0.0093458	0.0686275	0.0	0.030303	0.0089286	
Worm-eating Warbler	0.0	0.0	0.0	0.0	0.0	0.0	0.0	0.0	0.0	0.0	0.0	0.0	0.0	0.0	0.0	0.0	0.2040472	0.1108696	0.0153257	0.0015	0.0	0.0	0.0	0.0	0.0	0.0	0.0121951	0.0	0.0155039	0.0144928	0.0674157	0.0183486	0.0153846	0.0	0.0	0.0	0.0	0.0048544	0.0	0.0	0.0	0.0	0.0	0.0	0.0	0.0	0.0	0.0	
Louisiana Waterthrush	0.0	0.0	0.0	0.0	0.0	0.0	0.0	0.0	0.0	0.0	0.0	0.0	0.1384615	0.0673401	0.0054645	0.0493421	0.0522766	0.0434783	0.0076628	0.0	0.0	0.0	0.0	0.0	0.0	0.0	0.0243902	0.0	0.0310078	0.0289855	0.011236	0.0091743	0.0153846	0.0	0.0	0.0	0.0	0.0	0.0	0.0	0.0	0.0	0.0	0.0	0.0	0.0	0.0	0.0	
Northern Waterthrush	0.0	0.0	0.0	0.0	0.0	0.0	0.0	0.0	0.0	0.0	0.0	0.0	0.0	0.003367	0.0	0.0986842	0.4536256	0.473913	0.3256705	0.3127036	0.0470588	0.0	0.0	0.0	0.0	0.0	0.0	0.0461538	0.1472868	0.3478261	0.3820225	0.2752294	0.1769231	0.33125	0.2375	0.1421569	0.1775148	0.0485437	0.0414747	0.0145985	0.0	0.0	0.0	0.0	0.0	0.0	0.0	0.0	
Louisiana/Northern Waterthrush	0.0	0.0	0.0	0.0	0.0	0.0	0.0	0.0	0.0	0.0	0.0	0.0	0.0	0.003367	0.0	0.0	0.0	0.0021739	0.0	0.0	0.0117647	0.0	0.0	0.0	0.0	0.0	0.0	0.0	0.0	0.0	0.0	0.0	0.0	0.0	0.0	0.0	0.0	0.0	0.0	0.0	0.0	0.0	0.0	0.0	0.0	0.0	0.0	0.0	
Golden-winged Warbler	0.0	0.0	0.0	0.0	0.0	0.0	0.0	0.0	0.0	0.0	0.0	0.0	0.0	0.0	0.0	0.0	0.0015	0.0	0.0	0.0	0.0	0.0	0.0	0.0	0.0	0.0	0.0	0.0	0.0	0.0	0.0	0.0	0.0	0.0	0.0	0.0	0.0	0.0	0.0	0.0	0.0	0.0	0.0	0.0	0.0	0.0	0.0	0.0	
Blue-winged Warbler	0.0	0.0	0.0	0.0	0.0	0.0	0.0	0.0	0.0	0.0	0.0	0.0	0.0	0.003367	0.0	0.0	0.3271501	0.1434783	0.0038314	0.0325733	0.0	0.0	0.0	0.0	0.0	0.0	0.0	0.0	0.0542636	0.0289855	0.1123596	0.0733945	0.0538462	0.00625	0.0	0.0	0.0	0.0	0.0	0.0	0.0	0.0	0.0	0.0	0.0	0.0	0.0	0.0	
Black-and-white Warbler	0.0	0.0	0.0	0.0	0.0	0.0	0.0	0.0	0.0	0.0	0.0	0.0	0.0	0.043771	0.1147541	0.3618421	0.6627319	0.6608696	0.4176245	0.228013	0.0705882	0.0175439	0.0	0.0	0.0	0.0117647	0.0243902	0.0230769	0.0775194	0.0724638	0.2022472	0.2477064	0.3538462	0.30625	0.3875	0.4019608	0.2544379	0.2184466	0.0552995	0.0182482	0.0	0.0063694	0.0	0.0	0.0	0.0	0.0	0.0	
Prothonotary Warbler	0.0	0.0	0.0	0.0	0.0	0.0	0.0	0.0	0.0	0.0	0.0	0.0	0.0	0.0	0.0	0.0	0.0337268	0.0130435	0.0038314	0.0	0.0	0.0	0.0	0.0	0.0	0.0	0.0	0.0	0.0077519	0.0144928	0.0	0.0	0.0	0.0	0.0	0.0	0.0	0.0	0.0	0.0	0.0	0.0	0.0	0.0	0.0	0.0	0.0	0.0	
Tennessee Warbler	0.0	0.0	0.0	0.0	0.0	0.0	0.0	0.0	0.0	0.0	0.0	0.0	0.0	0.0	0.0	0.0	0.0168634	0.0586957	0.0766284	0.0684039	0.0	0.0	0.0	0.0	0.0	0.0	0.0	0.0	0.0	0.0	0.0	0.0091743	0.0015	0.0	0.00625	0.0735294	0.0532544	0.0339806	0.0138249	0.0	0.0	0.0	0.0	0.0	0.0	0.0	0.0	0.0	
Orange-crowned Warbler	0.0	0.0	0.0	0.0	0.0	0.0	0.0	0.0	0.0	0.0	0.0	0.0	0.0	0.0	0.0	0.0	0.0016863	0.0	0.0076628	0.0032573	0.0	0.0	0.0	0.0	0.0	0.0	0.0	0.0	0.0	0.0	0.0	0.0	0.0	0.0	0.0	0.004902	0.0	0.0	0.0	0.0072993	0.0	0.0	0.0	0.0093458	0.0	0.0121951	0.0	0.0	
Nashville Warbler	0.0	0.0	0.0	0.0	0.0	0.0	0.0	0.0	0.0	0.0	0.0	0.0	0.0	0.0	0.0	0.0328947	0.3558179	0.2065217	0.0229885	0.009772	0.0117647	0.0	0.0	0.0	0.0	0.0	0.0	0.0	0.0	0.0	0.0	0.0	0.0076923	0.0125	0.03125	0.0784314	0.035503	0.0339806	0.0138249	0.0072993	0.0	0.0	0.0	0.0	0.0	0.0	0.0	0.0	
Connecticut Warbler	0.0	0.0	0.0	0.0	0.0	0.0	0.0	0.0	0.0	0.0	0.0	0.0	0.0	0.0	0.0	0.0	0.0	0.0	0.0	0.0	0.0	0.0	0.0	0.0	0.0	0.0	0.0	0.0	0.0	0.0	0.0	0.0	0.0	0.0	0.0	0.0343137	0.0118343	0.0	0.0	0.0	0.0	0.0	0.0	0.0	0.0	0.0	0.0	0.0	
Mourning Warbler	0.0	0.0	0.0	0.0	0.0	0.0	0.0	0.0	0.0	0.0	0.0	0.0	0.0	0.0	0.0	0.0	0.0	0.0086957	0.0229885	0.0977199	0.0117647	0.0	0.0	0.0	0.0	0.0	0.0	0.0	0.0	0.0	0.0	0.0	0.0015	0.00625	0.00625	0.0	0.0118343	0.0	0.0	0.0	0.0	0.0	0.0	0.0	0.0	0.0	0.0	0.0	
Kentucky Warbler	0.0	0.0	0.0	0.0	0.0	0.0	0.0	0.0	0.0	0.0	0.0	0.0	0.0	0.0	0.0	0.0	0.0185497	0.0015	0.045977	0.0	0.0	0.0	0.0	0.0	0.0	0.0	0.0	0.0	0.0	0.0	0.0	0.0	0.0076923	0.0	0.0	0.0	0.0	0.0	0.0	0.0	0.0	0.0	0.0	0.0	0.0	0.0	0.0	0.0	
Common Yellowthroat	0.0	0.0	0.0	0.0	0.0	0.0	0.0	0.0	0.0	0.0	0.0	0.0	0.0	0.013468	0.0437158	0.0296053	0.5227656	0.7369565	0.6130268	0.52443	0.1764706	0.0877193	0.0	0.0188679	0.0	0.0	0.0121951	0.0230769	0.0	0.0144928	0.1460674	0.2110092	0.4307692	0.475	0.48125	0.495098	0.4556213	0.4417476	0.2580645	0.1131387	0.0733945	0.0828025	0.0140845	0.0093458	0.0196078	0.0121951	0.030303	0.0044643	
Hooded Warbler	0.0	0.0	0.0	0.0	0.0	0.0	0.0	0.0	0.0	0.0	0.0	0.0	0.0	0.0	0.0	0.0361842	0.2411467	0.0978261	0.0114943	0.0	0.0	0.0	0.0	0.0	0.0	0.0	0.0	0.0	0.0	0.0	0.0561798	0.0183486	0.0307692	0.0125	0.01875	0.004902	0.0	0.0048544	0.0	0.0	0.0	0.0	0.0	0.0	0.0	0.0	0.0	0.0	
American Redstart	0.0	0.0	0.0	0.0	0.0	0.0	0.0	0.0	0.0	0.0	0.0	0.0	0.0	0.0	0.0	0.0	0.5244519	0.6521739	0.605364	0.5960912	0.2	0.1403509	0.030303	0.0	0.0	0.0	0.0	0.0307692	0.1705426	0.2318841	0.2247191	0.3944954	0.5846154	0.4875	0.44375	0.3088235	0.2130178	0.1019417	0.0368664	0.0036496	0.0	0.0	0.0	0.0	0.0	0.0	0.0	0.0	
Cape May Warbler	0.0	0.0	0.0	0.0	0.0	0.0	0.0	0.0	0.0	0.0	0.0	0.0	0.0	0.0	0.0	0.0	0.074199	0.0543478	0.0421456	0.029316	0.0	0.0	0.0	0.0	0.0	0.0	0.0	0.0	0.0	0.0	0.0	0.0183486	0.0	0.01875	0.025	0.0196078	0.0059172	0.0097087	0.0184332	0.0	0.0	0.0	0.0	0.0	0.0	0.0	0.0	0.0	
Cerulean Warbler	0.0	0.0	0.0	0.0	0.0	0.0	0.0	0.0	0.0	0.0	0.0	0.0	0.0	0.0	0.0	0.0690789	0.0016863	0.0065217	0.0	0.0	0.0	0.0	0.0	0.0	0.0	0.0	0.0	0.0	0.0	0.0	0.0	0.0	0.0	0.0	0.0	0.0	0.0	0.0	0.0	0.0	0.0	0.0	0.0	0.0	0.0	0.0	0.0	0.0	
Northern Parula	0.0	0.0	0.0	0.0	0.0	0.0	0.0	0.0	0.0	0.0	0.0	0.0	0.0	0.003367	0.0	0.0230263	0.5885329	0.5934783	0.3678161	0.1107492	0.0117647	0.0	0.0	0.0	0.0	0.0	0.0121951	0.0	0.0077519	0.0	0.0337079	0.0458716	0.0923077	0.09375	0.16875	0.3088235	0.2307692	0.1504854	0.0829493	0.0072993	0.0091743	0.0	0.0	0.0	0.0	0.0	0.0	0.0	
Magnolia Warbler	0.0	0.0	0.0	0.0	0.0	0.0	0.0	0.0	0.0	0.0	0.0	0.0	0.0	0.0	0.0	0.0	0.3827993	0.6391304	0.5977011	0.52443	0.0352941	0.0	0.0	0.0	0.0	0.0	0.0	0.0	0.0	0.0	0.011236	0.0825688	0.3769231	0.24375	0.25625	0.4068627	0.183432	0.1553398	0.0506912	0.0036496	0.0	0.0	0.0	0.0	0.0	0.0	0.0	0.0	
Bay-breasted Warbler	0.0	0.0	0.0	0.0	0.0	0.0	0.0	0.0	0.0	0.0	0.0	0.0	0.0	0.0	0.0	0.0	0.0	0.0978261	0.1532567	0.0684039	0.0	0.0	0.0	0.0	0.0	0.0	0.0	0.0	0.0	0.0	0.0	0.0	0.0307692	0.025	0.03125	0.0294118	0.0118343	0.0	0.0	0.0	0.0	0.0	0.0	0.0	0.0	0.0	0.0	0.0	
Blackburnian Warbler	0.0	0.0	0.0	0.0	0.0	0.0	0.0	0.0	0.0	0.0	0.0	0.0	0.0	0.0	0.0	0.0	0.1231029	0.2065217	0.1340996	0.1172638	0.0117647	0.0	0.0	0.0	0.0	0.0	0.0	0.0	0.0	0.0	0.011236	0.0	0.0076923	0.00625	0.00625	0.0098039	0.0177515	0.0048544	0.0046083	0.0	0.0	0.0	0.0	0.0	0.0	0.0	0.0	0.0	
Yellow Warbler	0.0	0.0	0.0	0.0	0.0	0.0	0.0	0.0	0.0	0.0	0.0	0.0	0.0	0.0	0.0054645	0.0789474	0.3490725	0.3478261	0.2222222	0.2149837	0.0588235	0.0350877	0.030303	0.0	0.0	0.0117647	0.0243902	0.0615385	0.1162791	0.0724638	0.0898876	0.0550459	0.0461538	0.0125	0.01875	0.0196078	0.0	0.0097087	0.0	0.0	0.0	0.0	0.0	0.0	0.0	0.0	0.0	0.0	
Chestnut-sided Warbler	0.0	0.0	0.0	0.0	0.0	0.0	0.0	0.0	0.0	0.0	0.0	0.0	0.0	0.0	0.0	0.0	0.163575	0.4326087	0.2605364	0.1596091	0.0470588	0.0	0.0	0.0	0.0	0.0	0.0	0.0	0.0	0.0289855	0.0786517	0.1743119	0.2153846	0.10625	0.04375	0.0833333	0.0118343	0.0048544	0.0	0.0	0.0	0.0	0.0	0.0	0.0	0.0	0.0	0.0	
Blackpoll Warbler	0.0	0.0	0.0	0.0	0.0	0.0	0.0	0.0	0.0	0.0	0.0	0.0	0.0	0.0	0.0	0.0	0.0286678	0.3847826	0.5057471	0.4397394	0.0588235	0.0	0.0	0.0	0.0	0.0117647	0.0	0.0	0.0	0.0	0.0	0.0	0.0230769	0.0375	0.09375	0.1421569	0.0887574	0.0825243	0.078341	0.0109489	0.0	0.0	0.0	0.0	0.0	0.0	0.0	0.0	
Bay-breasted/Blackpoll Warbler	0.0	0.0	0.0	0.0	0.0	0.0	0.0	0.0	0.0	0.0	0.0	0.0	0.0	0.0	0.0	0.0	0.0	0.0	0.0	0.0	0.0	0.0	0.0	0.0	0.0	0.0	0.0	0.0	0.0	0.0	0.0	0.0	0.0	0.00625	0.0	0.0	0.0	0.0	0.0	0.0	0.0	0.0	0.0	0.0	0.0	0.0	0.0	0.0	
Black-throated Blue Warbler	0.0	0.0	0.0	0.0	0.0	0.0	0.0	0.0	0.0	0.0	0.0	0.0	0.0	0.0	0.0	0.0	0.5564924	0.623913	0.4482759	0.1758958	0.0117647	0.0	0.0	0.0	0.0	0.0	0.0	0.0	0.0	0.0	0.0224719	0.0642202	0.0846154	0.1625	0.21875	0.2745098	0.1538462	0.1893204	0.1981567	0.0364964	0.0015	0.0	0.0	0.0	0.0	0.0243902	0.0	0.0	
Palm Warbler	0.0	0.0	0.0	0.0	0.0	0.0	0.0	0.0	0.0	0.0	0.0	0.0	0.0153846	0.3198653	0.295082	0.5723684	0.2934233	0.0152174	0.0114943	0.0	0.0	0.0	0.0	0.0	0.0	0.0	0.0	0.0	0.0	0.0	0.0	0.0	0.0	0.00625	0.0125	0.127451	0.1656805	0.1893204	0.2626728	0.1642336	0.1009174	0.0700637	0.0	0.0280374	0.0	0.0121951	0.0	0.0044643	
Pine Warbler	0.0067568	0.0	0.0	0.0	0.0	0.0076336	0.0	0.0190476	0.18	0.09375	0.1111111	0.1092896	0.0307692	0.1414141	0.0928962	0.2072368	0.0590219	0.0152174	0.0	0.0	0.0	0.0	0.0	0.0	0.0	0.0	0.0	0.0	0.0	0.0	0.0	0.0	0.0153846	0.0125	0.04375	0.0931373	0.0828402	0.0776699	0.0691244	0.0036496	0.0	0.0	0.0	0.0	0.0	0.0	0.0	0.0	
Yellow-rumped Warbler	0.0135135	0.0241935	0.0069444	0.0	0.007874	0.0	0.0	0.0	0.0	0.0	0.0	0.0	0.0384615	0.1750842	0.2131148	0.5559211	0.4957841	0.4347826	0.2030651	0.0390879	0.0	0.0	0.0	0.0	0.0	0.0	0.0	0.0	0.0	0.0	0.0	0.0	0.0	0.0	0.0125	0.0343137	0.112426	0.3737864	0.4239631	0.2956204	0.0825688	0.0573248	0.0	0.0560748	0.1960784	0.0	0.3030303	0.0044643	
Yellow-throated Warbler	0.0	0.0	0.0	0.0	0.0	0.0	0.0	0.0	0.0	0.0	0.0	0.0	0.0	0.0	0.0054645	0.0493421	0.0236088	0.0043478	0.0	0.0	0.0	0.0	0.0	0.0	0.0	0.0	0.0	0.0	0.0	0.0	0.0	0.0	0.0	0.0	0.0	0.0	0.0	0.0	0.0	0.0	0.0	0.0	0.0	0.0	0.0	0.0	0.0	0.0	
Prairie Warbler	0.0	0.0	0.0	0.0	0.0	0.0	0.0	0.0	0.0	0.0	0.0	0.0	0.0	0.0	0.010929	0.3026316	0.2984823	0.1	0.0268199	0.0065147	0.0	0.0	0.0	0.0	0.0	0.0	0.0	0.0	0.0	0.0	0.0	0.0091743	0.0307692	0.0375	0.05	0.0098039	0.0118343	0.0	0.0	0.0	0.0	0.0	0.0	0.0	0.0	0.0	0.0	0.0	
Black-throated Green Warbler	0.0	0.0	0.0	0.0	0.0	0.0	0.0	0.0	0.0	0.0	0.0	0.0	0.0	0.0	0.0	0.0559211	0.386172	0.3608696	0.2375479	0.1107492	0.0117647	0.0	0.0	0.0	0.0	0.0	0.0	0.0	0.0	0.0	0.0224719	0.0091743	0.0307692	0.03125	0.0875	0.1372549	0.0532544	0.0679612	0.0138249	0.0	0.0	0.0	0.0	0.0	0.0	0.0	0.0	0.0	
Canada Warbler	0.0	0.0	0.0	0.0	0.0	0.0	0.0	0.0	0.0	0.0	0.0	0.0	0.0	0.0	0.0	0.0	0.0556492	0.3478261	0.3678161	0.3322476	0.0235294	0.0	0.0	0.0	0.0	0.0	0.0	0.0	0.0155039	0.0869565	0.2134831	0.1743119	0.2076923	0.0375	0.05625	0.0098039	0.0	0.0	0.0	0.0	0.0	0.0	0.0	0.0	0.0	0.0	0.0	0.0	
Wilson's Warbler	0.0	0.0	0.0	0.0	0.0	0.0	0.0	0.0	0.0	0.0	0.0	0.0	0.0	0.0	0.0	0.0	0.0269815	0.4065217	0.2873563	0.1824104	0.0	0.0	0.0	0.0	0.0	0.0	0.0	0.0	0.0	0.0	0.0	0.0458716	0.0384615	0.025	0.05625	0.0245098	0.0118343	0.0048544	0.0046083	0.0	0.0	0.0	0.0	0.0	0.0	0.0	0.0	0.0	
warbler sp. (Parulidae sp.)	0.0	0.0	0.0	0.0	0.0	0.0	0.0	0.0	0.0	0.0	0.0	0.0	0.0	0.016835	0.0054645	0.0098684	0.010118	0.0413043	0.0268199	0.0586319	0.0470588	0.0175439	0.0	0.0	0.0	0.0	0.0	0.0	0.0387597	0.0434783	0.0337079	0.0550459	0.0307692	0.14375	0.075	0.0833333	0.0650888	0.0339806	0.0460829	0.0693431	0.0275229	0.0191083	0.0	0.0	0.0	0.0	0.0	0.0	
Summer Tanager	0.0	0.0	0.0	0.0	0.0	0.0	0.0	0.0	0.0	0.0	0.0	0.0	0.0	0.0	0.0	0.0	0.163575	0.1065217	0.0229885	0.009772	0.0	0.0	0.0	0.0	0.0	0.0	0.0	0.0	0.0	0.0	0.0	0.0	0.0	0.0	0.0	0.0	0.0	0.0	0.0	0.0	0.0	0.0	0.0	0.0	0.0	0.0	0.0	0.0	
Scarlet Tanager	0.0	0.0	0.0	0.0	0.0	0.0	0.0	0.0	0.0	0.0	0.0	0.0	0.0	0.0	0.0	0.0	0.2917369	0.3652174	0.2452107	0.0912052	0.0	0.0	0.0	0.0	0.0	0.0	0.0	0.0076923	0.0077519	0.0144928	0.011236	0.0183486	0.0692308	0.0375	0.14375	0.1470588	0.1538462	0.0436893	0.0138249	0.0	0.0	0.0	0.0	0.0	0.0	0.0	0.0	0.0	
tanager sp. (Piranga sp.)	0.0	0.0	0.0	0.0	0.0	0.0	0.0	0.0	0.0	0.0	0.0	0.0	0.0	0.0	0.0	0.0	0.0	0.0021739	0.0	0.0	0.0	0.0	0.0	0.0	0.0	0.0	0.0	0.0	0.0	0.0	0.0	0.0	0.0	0.0	0.0	0.0	0.0	0.0	0.0	0.0	0.0	0.0	0.0	0.0	0.0	0.0	0.0	0.0	
Northern Cardinal	0.4459459	0.4354839	0.3611111	0.2739726	0.4488189	0.4351145	0.2992126	0.4	0.49	0.3541667	0.4944444	0.4863388	0.6384615	0.6565657	0.6775956	0.7039474	0.6779089	0.6673913	0.5938697	0.6547231	0.4823529	0.4736842	0.5454545	0.4339623	0.3673469	0.1764706	0.4512195	0.3	0.3565891	0.4492754	0.6179775	0.5412844	0.6230769	0.58125	0.5125	0.4901961	0.4319527	0.4902913	0.4470046	0.2846715	0.293578	0.3248408	0.3802817	0.4205607	0.1764706	0.4756098	0.2121212	0.2098214	
Rose-breasted Grosbeak	0.0	0.0	0.0	0.0	0.0	0.0	0.0	0.0	0.0	0.0	0.0	0.0	0.0	0.0	0.0	0.0032895	0.3406408	0.2847826	0.1264368	0.0586319	0.0235294	0.0	0.0	0.0	0.0204082	0.0	0.0121951	0.0076923	0.0310078	0.0144928	0.0337079	0.0642202	0.1846154	0.24375	0.2875	0.2254902	0.1420118	0.0582524	0.0046083	0.0036496	0.0	0.0	0.0	0.0	0.0	0.0	0.0	0.0	
Blue Grosbeak	0.0	0.0	0.0	0.0	0.0	0.0	0.0	0.0	0.0	0.0	0.0	0.0	0.0	0.0	0.0	0.0	0.0	0.0021739	0.0	0.0	0.0	0.0	0.0	0.0	0.0	0.0	0.0	0.0	0.0	0.0	0.0	0.0	0.0	0.0	0.0	0.0	0.0	0.0	0.0138249	0.0036496	0.0	0.0	0.0	0.0	0.0	0.0	0.0	0.0	
Indigo Bunting	0.0	0.0	0.0	0.0	0.0	0.0	0.0	0.0	0.0	0.0	0.0	0.0	0.0	0.0	0.0	0.0015	0.2731872	0.3347826	0.164751	0.0488599	0.0	0.0	0.0	0.0	0.0	0.0	0.0	0.0	0.0	0.0289855	0.011236	0.0	0.0076923	0.00625	0.04375	0.0441176	0.0887574	0.092233	0.0414747	0.0036496	0.0	0.0	0.0	0.0	0.0	0.0	0.0	0.0	
Dickcissel	0.0	0.0	0.0	0.0	0.0	0.0	0.0	0.0	0.0	0.0	0.0	0.0	0.0	0.0	0.0	0.0	0.0	0.0	0.0	0.0	0.0	0.0	0.0	0.0	0.0	0.0	0.0	0.0	0.0	0.0	0.0	0.0	0.0	0.0	0.0	0.0	0.0	0.0	0.0	0.0	0.0	0.0509554	0.0	0.0	0.0	0.0	0.0	0.0	
passerine sp.	0.0015	0.016129	0.0	0.0068493	0.0	0.0076336	0.007874	0.0095238	0.0	0.0208333	0.0	0.0054645	0.0	0.016835	0.0	0.0065789	0.0016863	0.0173913	0.0114943	0.009772	0.0117647	0.0175439	0.0	0.0188679	0.0	0.0	0.0121951	0.0	0.0	0.0	0.011236	0.0091743	0.0153846	0.075	0.01875	0.0098039	0.0177515	0.0145631	0.0322581	0.1313869	0.0275229	0.0127389	0.0	0.0	0.0	0.0121951	0.0	0.0044643	
bird sp.	0.0	0.0	0.0	0.0	0.0	0.0	0.0	0.0	0.0	0.0	0.0	0.0	0.0	0.0	0.0	0.0	0.0	0.0	0.0	0.0	0.0	0.0	0.0	0.0	0.0	0.0	0.0	0.0	0.0	0.0	0.0	0.0	0.0	0.0	0.0	0.0	0.0	0.0	0.0	0.0036496	0.0	0.0	0.0	0.0	0.0	0.0	0.0	0.0	

