Sample Size:	468.0	309.0	291.0	356.0	295.0	221.0	310.0	175.0	195.0	283.0	295.0	601.0	413.0	601.0	507.0	845.0	955.0	704.0	811.0	608.0	287.0	209.0	148.0	172.0	129.0	153.0	113.0	188.0	172.0	178.0	151.0	278.0	286.0	403.0	415.0	545.0	542.0	390.0	342.0	503.0	325.0	230.0	249.0	256.0	205.0	181.0	199.0	249.0	
Snow Goose	0.0	0.0	0.0	0.0	0.0	0.0	0.0	0.0	0.0	0.0	0.0271186	0.063228	0.0	0.0	0.0	0.0	0.0	0.0	0.0	0.0	0.0	0.0	0.0	0.0	0.0	0.0	0.0	0.0	0.0	0.0	0.0	0.0	0.0	0.0	0.0	0.0	0.0	0.0	0.0	0.0	0.0	0.0043478	0.0	0.0015	0.0097561	0.0165746	0.0150754	0.0080321	
Snow/Ross's Goose	0.0	0.0	0.0	0.0	0.0	0.0	0.0	0.0	0.0	0.0	0.0	0.0	0.0	0.0	0.0	0.0	0.0	0.0	0.0	0.0	0.0	0.0	0.0	0.0	0.0	0.0	0.0	0.0	0.0	0.0	0.0	0.0	0.0	0.0	0.0	0.0	0.0	0.0	0.0	0.0	0.0	0.0	0.0	0.0015	0.0	0.0	0.0	0.0	
Brant	0.0448718	0.0614887	0.0790378	0.0561798	0.0508475	0.0497738	0.0354839	0.0285714	0.0358974	0.04947	0.0372881	0.0715474	0.0411622	0.0332779	0.0216963	0.0295858	0.0198953	0.0198864	0.0295931	0.0049342	0.0015	0.0	0.0	0.0174419	0.0	0.0	0.0	0.0	0.0	0.0	0.0	0.0	0.0	0.0	0.0	0.0	0.0	0.0015	0.0467836	0.0159046	0.0307692	0.0130435	0.0080321	0.015625	0.0487805	0.0552486	0.0552764	0.064257	
Canada Goose	0.4145299	0.3333333	0.4020619	0.3623596	0.3084746	0.3710407	0.3258065	0.36	0.4205128	0.3745583	0.3423729	0.4193012	0.4503632	0.3810316	0.4122288	0.4035503	0.3769634	0.3920455	0.3896424	0.3536184	0.3379791	0.2535885	0.1891892	0.2093023	0.2170543	0.1764706	0.2389381	0.2978723	0.3255814	0.3539326	0.2582781	0.2697842	0.2062937	0.1637717	0.2433735	0.2422018	0.2214022	0.3128205	0.3099415	0.2803181	0.2738462	0.3217391	0.2811245	0.3007813	0.3609756	0.281768	0.3266332	0.4176707	
goose sp.	0.0021368	0.0	0.0	0.0	0.0	0.0045249	0.0032258	0.0	0.0	0.0	0.0	0.0	0.0	0.0	0.0039448	0.0011834	0.0010471	0.0	0.001233	0.0	0.0	0.0	0.0	0.0	0.0077519	0.0	0.0	0.0	0.0	0.0	0.0	0.0	0.0	0.0024814	0.0	0.0	0.001845	0.0	0.0	0.0	0.0	0.0043478	0.0040161	0.0	0.0	0.0055249	0.0015	0.0	
Mute Swan	0.0042735	0.0032362	0.0137457	0.0	0.0	0.0	0.0	0.0057143	0.0	0.0070671	0.0	0.0	0.0	0.0	0.0	0.0	0.0	0.0	0.0	0.0	0.0	0.0	0.0	0.0	0.0	0.0	0.0	0.0	0.0	0.0	0.0066225	0.0	0.0	0.0	0.0	0.0	0.0	0.0	0.0	0.0	0.0	0.0	0.0	0.0	0.0	0.0	0.0	0.0	
swan sp.	0.0	0.0	0.0	0.0	0.0	0.0	0.0	0.0	0.0	0.0	0.0	0.0	0.0	0.0	0.0	0.0	0.0015	0.0	0.0	0.0	0.0	0.0	0.0	0.0	0.0	0.0	0.0	0.0	0.0	0.0	0.0	0.0	0.0	0.0	0.0	0.0	0.0	0.0	0.0	0.0	0.0	0.0	0.0	0.0	0.0	0.0	0.0	0.0	
Wood Duck	0.0961538	0.0776699	0.0927835	0.0842697	0.0779661	0.0226244	0.0516129	0.0742857	0.0974359	0.0742049	0.0474576	0.0648918	0.0169492	0.0066556	0.0098619	0.0130178	0.0146597	0.0241477	0.0135635	0.0049342	0.0209059	0.0478469	0.0472973	0.0174419	0.0155039	0.0065359	0.0	0.0425532	0.0116279	0.0	0.0463576	0.0143885	0.013986	0.0024814	0.0168675	0.0256881	0.001845	0.0333333	0.1140351	0.055666	0.0153846	0.0521739	0.0120482	0.0273438	0.0097561	0.0331492	0.0452261	0.0240964	
Mandarin Duck	0.0363248	0.0517799	0.0343643	0.0140449	0.0271186	0.0135747	0.0225806	0.0171429	0.025641	0.0176678	0.0237288	0.0049917	0.0	0.0	0.0	0.0	0.0	0.0	0.0	0.0	0.0	0.0	0.0	0.0	0.0	0.0	0.0	0.0	0.0	0.0	0.0	0.0	0.0	0.0	0.0	0.0	0.0	0.0	0.0	0.0	0.0	0.0	0.0	0.0	0.0	0.0	0.0	0.0	
Blue-winged Teal	0.0	0.0	0.0	0.0	0.0	0.0	0.0	0.0	0.0	0.0	0.0	0.0	0.0	0.0	0.0374753	0.0	0.0	0.0	0.0	0.0	0.0	0.0	0.0	0.0	0.0	0.0	0.0	0.0	0.0	0.0	0.0	0.0	0.0	0.0	0.0	0.0	0.0	0.0	0.0	0.0	0.0	0.0	0.0	0.0	0.0	0.0	0.0	0.0	
Northern Shoveler	0.2649573	0.1521036	0.209622	0.1488764	0.1084746	0.1945701	0.183871	0.1942857	0.1794872	0.1978799	0.2033898	0.2362729	0.2590799	0.124792	0.0907298	0.0307692	0.0167539	0.0142045	0.0	0.0	0.0	0.0015	0.0	0.0	0.0	0.0	0.0	0.0	0.0	0.0	0.0	0.0	0.0	0.0223325	0.0	0.0348624	0.0442804	0.0589744	0.125731	0.083499	0.1230769	0.1652174	0.1204819	0.2109375	0.204878	0.0607735	0.1356784	0.2289157	
Gadwall	0.0726496	0.0194175	0.0309278	0.0308989	0.0135593	0.0361991	0.0225806	0.0285714	0.0205128	0.0282686	0.0271186	0.0282862	0.0774818	0.0482529	0.0749507	0.0402367	0.0649215	0.0909091	0.0641184	0.0740132	0.0731707	0.0334928	0.0540541	0.0988372	0.0852713	0.0588235	0.0176991	0.0106383	0.0290698	0.0	0.013245	0.0215827	0.0104895	0.0372208	0.0240964	0.0330275	0.0682657	0.1102564	0.119883	0.1252485	0.12	0.1086957	0.1004016	0.109375	0.0926829	0.0607735	0.0753769	0.0763052	
American Wigeon	0.0	0.0	0.0	0.0015	0.0	0.0	0.0	0.0	0.0102564	0.0035336	0.0	0.0016639	0.0	0.0	0.0	0.0	0.0	0.0	0.0	0.0	0.0	0.0	0.0	0.0	0.0	0.0	0.0	0.0	0.0	0.0	0.0	0.0	0.0	0.0	0.0	0.0	0.0	0.0	0.002924	0.0019881	0.0	0.0	0.0	0.0	0.0	0.0	0.0	0.0	
Mallard	0.4380342	0.3333333	0.3505155	0.3455056	0.2881356	0.3800905	0.3645161	0.3885714	0.3897436	0.3639576	0.3762712	0.437604	0.5133172	0.4725458	0.5029586	0.547929	0.5445026	0.5582386	0.5536375	0.5657895	0.466899	0.3875598	0.4391892	0.4709302	0.3333333	0.3333333	0.3539823	0.3723404	0.4186047	0.4101124	0.4304636	0.4244604	0.3881119	0.439206	0.3951807	0.3669725	0.3191882	0.3615385	0.3947368	0.3419483	0.4	0.3347826	0.4257028	0.4335938	0.3560976	0.2651934	0.2964824	0.4016064	
Mallard (Domestic type)	0.0106838	0.0194175	0.0343643	0.005618	0.0067797	0.0090498	0.016129	0.0057143	0.0307692	0.0015	0.0015	0.014975	0.0169492	0.0033278	0.0157791	0.0047337	0.0104712	0.0085227	0.0049322	0.0049342	0.0069686	0.0143541	0.0	0.0116279	0.0077519	0.0065359	0.0088496	0.0212766	0.0	0.011236	0.0198675	0.0071942	0.020979	0.0173697	0.0096386	0.0055046	0.001845	0.0051282	0.0116959	0.0019881	0.0030769	0.0086957	0.0080321	0.0117188	0.0146341	0.0	0.0015	0.0080321	
American Black Duck	0.0811966	0.0323625	0.0274914	0.0140449	0.020339	0.0180995	0.0096774	0.0114286	0.0102564	0.0141343	0.0101695	0.0199667	0.0072639	0.0099834	0.0098619	0.0011834	0.0115183	0.0142045	0.0197287	0.0246711	0.0348432	0.0239234	0.0135135	0.0581395	0.0310078	0.0326797	0.0530973	0.0319149	0.0523256	0.0393258	0.0662252	0.0755396	0.0384615	0.0248139	0.0385542	0.0275229	0.0295203	0.0358974	0.0438596	0.0298211	0.0215385	0.0521739	0.0361446	0.0820313	0.0585366	0.038674	0.0603015	0.0843373	
Mallard x American Black Duck (hybrid)	0.0	0.0097087	0.0068729	0.002809	0.0	0.0	0.0032258	0.0057143	0.0015	0.0	0.0	0.0016639	0.0	0.0016639	0.0019724	0.0	0.0020942	0.0028409	0.001233	0.0	0.0034843	0.0015	0.0	0.005814	0.0077519	0.0	0.0	0.0	0.0	0.005618	0.013245	0.0071942	0.0104895	0.0074442	0.0048193	0.0036697	0.0	0.0025641	0.002924	0.0	0.0	0.0043478	0.0	0.0234375	0.0	0.0110497	0.0050251	0.0040161	
Mallard/American Black Duck	0.0	0.0	0.0	0.005618	0.0033898	0.0	0.0	0.0	0.0	0.0	0.0	0.0016639	0.0	0.0066556	0.0019724	0.0011834	0.0010471	0.0	0.001233	0.0	0.0	0.0	0.0	0.0	0.0	0.0	0.0	0.0	0.005814	0.005618	0.0066225	0.0035971	0.0034965	0.0	0.0048193	0.0091743	0.00369	0.0	0.0	0.0	0.0	0.0043478	0.0	0.0039063	0.0	0.0	0.0050251	0.0	
Northern Pintail	0.0	0.0	0.0	0.0	0.0	0.0045249	0.0032258	0.0	0.0	0.0	0.0	0.0	0.0	0.0	0.0	0.0	0.0	0.0	0.0	0.0	0.0	0.0	0.0	0.0	0.0	0.0	0.0	0.0	0.0	0.0	0.0	0.0	0.0	0.0	0.0	0.0	0.0	0.0	0.002924	0.0	0.0	0.0	0.0	0.0039063	0.004878	0.0	0.0	0.0	
Green-winged Teal	0.0042735	0.0	0.0	0.002809	0.0	0.0	0.0	0.0	0.0	0.0	0.0	0.0	0.0	0.0	0.0	0.0	0.0	0.0	0.0	0.0	0.0	0.0	0.0	0.0	0.0	0.0	0.0	0.0	0.0	0.0	0.0	0.0015	0.0	0.0099256	0.0	0.0	0.001845	0.0	0.0146199	0.0019881	0.0184615	0.0173913	0.0015	0.015625	0.0292683	0.0055249	0.0050251	0.0120482	
Canvasback	0.0277778	0.0	0.0	0.0	0.0169492	0.0226244	0.0	0.0	0.0	0.0	0.0	0.0	0.0	0.0	0.0	0.0	0.0	0.0	0.0	0.0	0.0	0.0	0.0	0.0	0.0	0.0	0.0	0.0	0.0	0.0	0.0	0.0	0.0	0.0	0.0	0.0	0.0	0.0	0.0	0.0	0.0	0.0	0.0	0.0	0.0	0.0	0.0	0.0	
Ring-necked Duck	0.0021368	0.0	0.0171821	0.0224719	0.0	0.0	0.0	0.0	0.0	0.0035336	0.0	0.0	0.0	0.0	0.0	0.0	0.0	0.0	0.0	0.0	0.0	0.0	0.0	0.0	0.0	0.0	0.0	0.0	0.0	0.0	0.0	0.0	0.0	0.0	0.0024096	0.0	0.0	0.0	0.0	0.0	0.0	0.0	0.0	0.0	0.0	0.0	0.0	0.0	
Greater Scaup	0.0	0.0	0.0	0.0	0.0	0.0	0.0	0.0	0.0	0.0	0.0	0.0	0.0	0.0	0.0	0.0	0.0	0.0	0.0	0.0	0.0	0.0	0.0	0.0	0.0	0.0	0.0	0.0	0.0	0.0	0.0	0.0	0.0	0.0	0.0	0.0	0.0	0.0	0.0	0.0	0.0	0.0	0.0	0.0	0.0	0.0055249	0.0	0.0	
Lesser Scaup	0.0	0.0	0.0	0.0	0.0	0.0	0.0	0.0	0.0	0.0	0.0	0.0	0.0	0.0	0.0	0.0	0.0	0.0	0.0	0.0	0.0	0.0	0.0	0.0	0.0	0.0	0.0	0.0	0.0	0.0	0.0	0.0	0.0	0.0	0.0	0.0	0.0	0.0	0.0	0.0	0.0	0.0	0.0	0.0	0.0	0.0	0.0015	0.0	
Greater/Lesser Scaup	0.0	0.0	0.0	0.002809	0.0	0.0	0.0	0.0057143	0.0	0.0	0.0	0.0	0.0	0.0	0.0	0.0	0.0	0.0	0.0	0.0	0.0	0.0	0.0	0.0	0.0	0.0	0.0	0.0	0.0	0.0	0.0	0.0	0.0	0.0	0.0	0.0	0.0	0.0	0.0	0.0019881	0.0	0.0	0.0	0.0	0.0	0.0	0.0	0.0	
Aythya sp.	0.0	0.0	0.0	0.0	0.0	0.0	0.0	0.0	0.0	0.0	0.0	0.0	0.0	0.0	0.0	0.0	0.0	0.0	0.0	0.0	0.0	0.0	0.0	0.0	0.0	0.0	0.0	0.0	0.0	0.0	0.0	0.0	0.0	0.0	0.0	0.0	0.0	0.0	0.0	0.0	0.0	0.0043478	0.0	0.0	0.0	0.0	0.0	0.0	
scoter sp.	0.0	0.0	0.0	0.0	0.0	0.0	0.0	0.0	0.0	0.0	0.0	0.0	0.0	0.0	0.0	0.0	0.0	0.0	0.0	0.0015	0.0	0.0	0.0	0.0	0.0	0.0	0.0	0.0	0.0	0.0	0.0	0.0	0.0	0.0	0.0	0.0	0.0	0.0	0.0	0.0	0.0	0.0	0.0	0.0	0.0	0.0	0.0	0.0	
Long-tailed Duck	0.0	0.0	0.0	0.0	0.0	0.0	0.0	0.0	0.0	0.0	0.0	0.0	0.0	0.0	0.0	0.0	0.0	0.0	0.0	0.0	0.0	0.0	0.0	0.0	0.0	0.0	0.0	0.0	0.0	0.0	0.0	0.0	0.0	0.0	0.0	0.0	0.0	0.0	0.0	0.0	0.0	0.0	0.0	0.0	0.0	0.0165746	0.0	0.0040161	
Bufflehead	0.2029915	0.1423948	0.209622	0.1404494	0.0542373	0.1447964	0.1064516	0.1371429	0.1538462	0.1342756	0.1864407	0.1447587	0.1138015	0.078203	0.0887574	0.0497041	0.0282723	0.0426136	0.0049322	0.0	0.0	0.0	0.0	0.0	0.0	0.0	0.0	0.0	0.0	0.0	0.0	0.0	0.0	0.0	0.0	0.0	0.0	0.0	0.0087719	0.0337972	0.1046154	0.1304348	0.1044177	0.1914063	0.1560976	0.1049724	0.120603	0.2329317	
Common Goldeneye	0.0064103	0.0	0.0034364	0.005618	0.0067797	0.0045249	0.0032258	0.0	0.0051282	0.0035336	0.0	0.0	0.0	0.0	0.0	0.0	0.0	0.0	0.0	0.0	0.0	0.0	0.0	0.0	0.0	0.0	0.0	0.0	0.0	0.0	0.0	0.0	0.0	0.0	0.0	0.0	0.0	0.0	0.0	0.0	0.0	0.0	0.0	0.0039063	0.0	0.0	0.0015	0.0120482	
Hooded Merganser	0.1068376	0.0873786	0.0893471	0.1011236	0.0271186	0.0769231	0.0677419	0.0285714	0.0358974	0.0212014	0.0508475	0.0349418	0.0193705	0.0216306	0.0138067	0.0059172	0.0	0.0028409	0.0	0.0	0.0	0.0	0.0	0.0	0.0	0.0	0.0	0.0	0.0	0.0	0.0	0.0	0.0	0.0	0.0	0.0	0.0	0.0	0.0	0.0	0.0369231	0.0652174	0.1365462	0.1835938	0.1707317	0.0828729	0.1155779	0.1405622	
Common Merganser	0.0	0.0	0.0	0.002809	0.0015	0.0	0.0	0.0	0.0	0.0035336	0.0	0.0	0.0	0.0	0.0	0.0011834	0.0	0.0	0.0	0.0	0.0	0.0	0.0	0.0	0.0	0.0	0.0	0.0	0.0	0.0	0.0	0.0	0.0	0.0	0.0	0.0	0.0	0.0	0.0	0.0	0.0	0.0	0.0	0.0039063	0.0	0.0	0.0	0.0	
Red-breasted Merganser	0.0491453	0.0291262	0.0584192	0.0280899	0.040678	0.0361991	0.0354839	0.04	0.0358974	0.0282686	0.020339	0.0266223	0.0072639	0.0016639	0.0039448	0.0035503	0.0	0.0014205	0.0	0.0	0.0	0.0	0.0	0.0	0.0	0.0	0.0	0.0	0.0	0.0	0.0	0.0	0.0	0.0	0.0	0.0	0.0	0.0	0.0	0.0	0.0	0.0043478	0.0040161	0.0078125	0.004878	0.0165746	0.0753769	0.060241	
Common/Red-breasted Merganser	0.0021368	0.0	0.0	0.002809	0.0015	0.0045249	0.0032258	0.0	0.0	0.0035336	0.0033898	0.0016639	0.0	0.0	0.0	0.0011834	0.0	0.0	0.0	0.0	0.0	0.0	0.0	0.0	0.0	0.0	0.0	0.0	0.0	0.0	0.0	0.0	0.0	0.0	0.0	0.0	0.0	0.0	0.0	0.0	0.0	0.0	0.0	0.0	0.0	0.0	0.0	0.0	
Ruddy Duck	0.1837607	0.1294498	0.1649485	0.1292135	0.0305085	0.0723982	0.0774194	0.0742857	0.0666667	0.0459364	0.0949153	0.1231281	0.1307506	0.0715474	0.0729783	0.0378698	0.0492147	0.0227273	0.0098644	0.0065789	0.0139373	0.0	0.0	0.0	0.0	0.0	0.0	0.0	0.0	0.0	0.0	0.0	0.0	0.0	0.0	0.0018349	0.0092251	0.0333333	0.0847953	0.083499	0.1169231	0.1478261	0.1325301	0.2070313	0.1512195	0.0718232	0.0854271	0.1927711	
duck sp.	0.0042735	0.012945	0.0015	0.0	0.0067797	0.0135747	0.0096774	0.0057143	0.0	0.0035336	0.0033898	0.0033278	0.0024213	0.0033278	0.0015	0.0023669	0.0041885	0.0028409	0.0024661	0.0016447	0.0034843	0.0047847	0.0	0.0116279	0.0077519	0.0015	0.0	0.0053191	0.0	0.0015	0.0	0.0	0.0	0.0099256	0.0072289	0.0018349	0.0055351	0.0025641	0.005848	0.0019881	0.0030769	0.0086957	0.0	0.0039063	0.0146341	0.0165746	0.0050251	0.0120482	
Wild Turkey	0.0	0.0	0.0	0.0	0.0	0.0	0.0	0.0	0.0	0.0	0.0	0.0	0.0	0.0066556	0.0019724	0.0	0.0	0.0	0.0	0.0	0.0	0.0	0.0	0.0	0.0	0.0	0.0	0.0	0.0	0.0	0.0	0.0	0.0	0.0	0.0	0.0	0.0	0.0	0.0	0.0	0.0	0.0	0.0	0.0	0.0	0.0	0.0	0.0	
Pied-billed Grebe	0.0897436	0.0809061	0.0756014	0.0280899	0.0067797	0.0769231	0.0483871	0.0457143	0.0564103	0.0353357	0.0440678	0.0	0.0	0.0	0.0015	0.0	0.0	0.0	0.0	0.0	0.0	0.0	0.0	0.0116279	0.0	0.0	0.0	0.0	0.0	0.0	0.0	0.0	0.0	0.0	0.0	0.0	0.0	0.0	0.0	0.0	0.0	0.0	0.0281124	0.0507813	0.0536585	0.0276243	0.0251256	0.0562249	
Horned Grebe	0.0	0.0	0.0034364	0.002809	0.0	0.0	0.0	0.0	0.0	0.0	0.0	0.0	0.0	0.0	0.0	0.0	0.0	0.0	0.0	0.0	0.0	0.0	0.0	0.0	0.0	0.0	0.0	0.0	0.0	0.0	0.0	0.0	0.0	0.0	0.0	0.0	0.0	0.0	0.0	0.0	0.0	0.0	0.0	0.0	0.0	0.0	0.0050251	0.0040161	
Red-necked Grebe	0.0021368	0.0	0.0	0.0	0.0	0.0	0.0	0.0	0.0	0.0	0.0	0.0	0.0	0.0016639	0.0	0.0	0.0	0.0	0.0	0.0	0.0	0.0	0.0	0.0	0.0	0.0	0.0	0.0	0.0	0.0	0.0	0.0	0.0	0.0	0.0	0.0	0.0	0.0	0.0	0.0	0.0	0.0	0.0	0.0	0.0	0.0	0.0	0.0	
Rock Pigeon	0.5042735	0.5857605	0.5463918	0.4859551	0.5254237	0.520362	0.5419355	0.5714286	0.5076923	0.5795053	0.6135593	0.5357737	0.5811138	0.5490849	0.5759369	0.6106509	0.6513089	0.6647727	0.6288533	0.6217105	0.6550523	0.7033493	0.7027027	0.6627907	0.6511628	0.5686275	0.7433628	0.6648936	0.6860465	0.6741573	0.5960265	0.6151079	0.6328671	0.5930521	0.6144578	0.6018349	0.5682657	0.6076923	0.5906433	0.6043738	0.5661538	0.5608696	0.4859438	0.5078125	0.5170732	0.5690608	0.5427136	0.4658635	
Eurasian/African Collared-Dove	0.0	0.0	0.0	0.0	0.0	0.0	0.0	0.0	0.0	0.0	0.0	0.0	0.0	0.0	0.0	0.0	0.0	0.0	0.0	0.0	0.0	0.0	0.0	0.0	0.0	0.0	0.0	0.0	0.0	0.0	0.0	0.0	0.0	0.0	0.0	0.0	0.0	0.0	0.002924	0.0	0.0	0.0	0.0	0.0	0.0	0.0	0.0	0.0	
White-winged Dove	0.0	0.0	0.0	0.0	0.0	0.0	0.0	0.0	0.0	0.0	0.0	0.0	0.0	0.031614	0.0	0.0	0.0	0.0	0.0	0.0	0.0	0.0	0.0	0.0	0.0	0.0	0.0	0.0	0.0	0.0	0.0	0.0	0.0	0.0	0.0	0.0	0.0	0.0	0.0	0.0	0.0	0.0	0.0	0.0	0.0	0.0	0.0	0.0	
Mourning Dove	0.3034188	0.3139159	0.2508591	0.2837079	0.3016949	0.2760181	0.2806452	0.3257143	0.3128205	0.3674912	0.3355932	0.3926789	0.5084746	0.4991681	0.5443787	0.5621302	0.6136126	0.6122159	0.5967941	0.5953947	0.5191638	0.4401914	0.4864865	0.5116279	0.4263566	0.4444444	0.4867257	0.5425532	0.5116279	0.5449438	0.5960265	0.557554	0.5629371	0.5186104	0.5228916	0.5119266	0.4723247	0.5179487	0.5175439	0.4791252	0.4123077	0.4391304	0.4016064	0.3789063	0.3658537	0.281768	0.361809	0.3293173	
pigeon/dove sp.	0.0	0.0	0.0	0.0	0.0	0.0	0.0	0.0	0.0	0.0	0.0	0.0	0.0	0.0	0.0	0.0	0.0	0.0	0.0	0.0	0.0	0.0	0.0	0.0	0.0	0.0015	0.0	0.0	0.005814	0.0	0.0	0.0	0.0	0.0	0.0	0.0	0.0	0.0	0.0	0.0	0.0	0.0	0.0	0.0	0.0	0.0	0.0	0.0	
Yellow-billed Cuckoo	0.0	0.0	0.0	0.0	0.0	0.0	0.0	0.0	0.0	0.0	0.0	0.0	0.0	0.0	0.0	0.0	0.0691099	0.0440341	0.0160296	0.0131579	0.0069686	0.0095694	0.0067568	0.0	0.0	0.0	0.0	0.0	0.0	0.0	0.013245	0.0	0.0	0.0124069	0.0481928	0.0605505	0.0258303	0.0051282	0.0	0.0	0.0	0.0	0.0	0.0	0.0	0.0	0.0	0.0	
Black-billed Cuckoo	0.0	0.0	0.0	0.0	0.0	0.0	0.0	0.0	0.0	0.0	0.0	0.0	0.0	0.0	0.0	0.0011834	0.0219895	0.0241477	0.0567201	0.0148026	0.0069686	0.0143541	0.0	0.0	0.0	0.0	0.0	0.0	0.0	0.0	0.0	0.0	0.0	0.0024814	0.0024096	0.0036697	0.001845	0.0	0.0	0.0	0.0	0.0	0.0	0.0	0.0	0.0	0.0	0.0	
Yellow-billed/Black-billed Cuckoo	0.0	0.0	0.0	0.0	0.0	0.0	0.0	0.0	0.0	0.0	0.0	0.0	0.0	0.0	0.0	0.0	0.0	0.0	0.001233	0.0	0.0034843	0.0	0.0	0.0	0.0	0.0	0.0	0.0	0.0	0.0	0.0	0.0	0.0	0.0074442	0.0024096	0.0	0.0	0.0	0.0	0.0	0.0	0.0	0.0	0.0	0.0	0.0	0.0	0.0	
Common Nighthawk	0.0	0.0	0.0	0.0	0.0	0.0	0.0	0.0	0.0	0.0	0.0	0.0	0.0	0.0	0.0019724	0.0	0.0	0.0227273	0.0024661	0.0032895	0.0	0.0	0.0	0.0	0.0	0.0	0.0	0.0	0.0	0.0	0.0	0.0143885	0.0174825	0.0173697	0.0072289	0.0018349	0.001845	0.0	0.0	0.0	0.0	0.0	0.0	0.0	0.0	0.0	0.0	0.0	
Chuck-will's-widow	0.0	0.0	0.0	0.0	0.0	0.0	0.0	0.0	0.0	0.0	0.0	0.0	0.0	0.0	0.0	0.0	0.0	0.0	0.0789149	0.0	0.0	0.0	0.0	0.0	0.0	0.0	0.0	0.0	0.0	0.0	0.0	0.0	0.0	0.0	0.0	0.0	0.0	0.0	0.0	0.0	0.0	0.0	0.0	0.0	0.0	0.0	0.0	0.0	
Chimney Swift	0.0	0.0	0.0	0.0	0.0	0.0	0.0	0.0	0.0	0.0	0.0	0.0	0.0	0.0	0.0177515	0.1727811	0.2764398	0.2897727	0.3945746	0.3980263	0.3275261	0.2248804	0.277027	0.2732558	0.1705426	0.1503268	0.159292	0.1914894	0.25	0.2752809	0.1986755	0.2230216	0.2307692	0.3225806	0.2385542	0.2880734	0.2527675	0.1128205	0.0204678	0.0019881	0.0123077	0.0	0.0	0.0	0.0	0.0	0.0	0.0	
Ruby-throated Hummingbird	0.0	0.0	0.0	0.0	0.0	0.0	0.0	0.0	0.0	0.0	0.0	0.0	0.0	0.0	0.0	0.0236686	0.0502618	0.0326705	0.0443896	0.0213816	0.0034843	0.0	0.0067568	0.0	0.0	0.0	0.0015	0.0	0.0116279	0.011236	0.0198675	0.1079137	0.2132867	0.3101737	0.2698795	0.159633	0.0147601	0.0025641	0.0	0.0	0.0	0.0	0.0	0.0	0.0	0.0	0.0	0.0	
Clapper Rail	0.0	0.0	0.0	0.0	0.0	0.0	0.0	0.0	0.0	0.0	0.0	0.0	0.0	0.0	0.0	0.0011834	0.0	0.0	0.0	0.0	0.0	0.0	0.0	0.0	0.0	0.0	0.0	0.0	0.0	0.0	0.0	0.0	0.0034965	0.0	0.0	0.0	0.0	0.0	0.0	0.0	0.0	0.0	0.0	0.0	0.0	0.0	0.0	0.0	
Virginia Rail	0.0	0.0	0.0	0.0	0.0	0.0	0.0	0.0	0.0	0.0	0.0	0.0	0.0	0.0	0.0	0.0	0.0	0.0	0.0	0.0	0.0	0.0	0.0	0.0	0.0	0.0	0.0	0.0	0.0	0.0	0.0	0.0	0.0	0.0	0.0	0.0605505	0.0516605	0.0	0.0	0.0	0.0	0.0015	0.0	0.0	0.0	0.0	0.0	0.0	
Sora	0.0	0.0	0.0	0.0	0.0	0.0	0.0	0.0	0.0	0.0	0.0	0.0	0.0	0.0	0.0	0.0	0.0	0.0	0.0	0.0	0.0	0.0	0.0	0.0	0.0	0.0	0.0	0.0	0.0	0.0	0.0	0.0	0.0	0.0	0.0	0.0091743	0.0387454	0.0	0.0	0.0	0.0	0.0	0.0	0.0	0.0	0.0	0.0	0.0	
American Coot	0.1773504	0.1682848	0.1924399	0.1376404	0.1050847	0.0950226	0.0741935	0.1028571	0.1282051	0.0530035	0.0813559	0.0748752	0.0750605	0.0399334	0.0552268	0.0130178	0.0020942	0.0	0.0	0.0	0.0	0.0	0.0	0.0	0.0	0.0	0.0	0.0	0.0	0.0	0.0	0.0	0.0	0.0	0.0	0.0	0.0	0.0	0.0	0.0079523	0.0307692	0.0652174	0.0160643	0.0429688	0.0390244	0.0165746	0.0351759	0.1285141	
Purple Gallinule	0.0	0.0	0.0	0.0	0.0	0.0	0.0	0.0	0.0	0.0	0.0	0.0	0.0	0.0	0.0	0.0	0.0	0.0	0.0	0.0	0.0	0.0	0.0	0.0	0.0	0.0	0.0	0.0	0.0	0.0	0.0	0.0	0.0	0.0	0.0	0.0	0.0	0.0	0.0	0.0	0.0892308	0.0	0.0	0.0	0.0	0.0	0.0	0.0	
American Oystercatcher	0.0	0.0	0.0	0.0	0.0	0.0	0.0	0.0	0.0	0.0	0.0	0.0033278	0.0	0.0	0.0019724	0.0	0.0	0.0	0.0	0.0	0.0	0.0	0.0	0.0	0.0	0.0	0.0	0.0	0.0	0.0	0.0	0.0	0.0	0.0	0.0	0.0	0.0	0.0	0.0	0.0	0.0	0.0	0.0	0.0	0.0	0.0	0.0	0.0	
Semipalmated Plover	0.0	0.0	0.0	0.0	0.0	0.0	0.0	0.0	0.0	0.0	0.0	0.0	0.0	0.0	0.0	0.0	0.0	0.0	0.0	0.0	0.0	0.0	0.0	0.0	0.0	0.0	0.0	0.0	0.005814	0.0168539	0.0529801	0.0251799	0.0	0.0	0.0	0.0055046	0.0	0.0	0.0	0.0	0.0	0.0	0.0	0.0	0.0	0.0	0.0	0.0	
Killdeer	0.0	0.0	0.0	0.0	0.0	0.0	0.0	0.0	0.0	0.0035336	0.0	0.0083195	0.0048426	0.0033278	0.0098619	0.0011834	0.0094241	0.0099432	0.0172626	0.0197368	0.0278746	0.0143541	0.0202703	0.0755814	0.0465116	0.1372549	0.0973451	0.037234	0.0581395	0.0786517	0.0728477	0.0359712	0.013986	0.0024814	0.0096386	0.0018349	0.0129151	0.0076923	0.0	0.0178926	0.0	0.0086957	0.0040161	0.0	0.0	0.0	0.0	0.0	
Upland Sandpiper	0.0	0.0	0.0	0.0	0.0	0.0	0.0	0.0	0.0	0.0	0.0	0.0	0.0	0.0	0.0	0.0	0.0	0.0	0.0	0.0	0.0	0.0	0.0	0.0	0.0	0.0	0.0	0.0	0.0	0.0	0.0	0.0	0.0	0.0015	0.0	0.0	0.0	0.0	0.0	0.0	0.0	0.0	0.0	0.0	0.0	0.0	0.0	0.0	
Ruddy Turnstone	0.0	0.0	0.0	0.0	0.0	0.0	0.0	0.0	0.0	0.0	0.0	0.0	0.0	0.0	0.0	0.0	0.0	0.0	0.0	0.0	0.0	0.0	0.0	0.0	0.0	0.0	0.0	0.0	0.0	0.0	0.0	0.0015	0.0	0.0	0.0	0.0	0.0	0.0	0.0	0.0	0.0	0.0	0.0	0.0	0.0	0.0	0.0	0.0	
Purple Sandpiper	0.0	0.0	0.0	0.0	0.0	0.0	0.0	0.0	0.0	0.0	0.0	0.0	0.0	0.0	0.0	0.0	0.0	0.0	0.0	0.0	0.0	0.0	0.0	0.0	0.0	0.0	0.0	0.0	0.0	0.0	0.0	0.0	0.0	0.0	0.0	0.0	0.0	0.0	0.0	0.0	0.0	0.0	0.0	0.0	0.0	0.0	0.0	0.0040161	
Least Sandpiper	0.0	0.0	0.0	0.0	0.0	0.0	0.0	0.0	0.0	0.0	0.0	0.0	0.0	0.0	0.0	0.0	0.0	0.0042614	0.001233	0.0	0.0	0.0	0.0	0.0	0.0077519	0.0718954	0.0884956	0.0265957	0.1337209	0.1179775	0.0662252	0.028777	0.020979	0.0049628	0.0	0.0	0.0	0.0	0.0	0.0	0.0	0.0	0.0	0.0	0.0	0.0	0.0	0.0	
White-rumped Sandpiper	0.0	0.0	0.0	0.0	0.0	0.0	0.0	0.0	0.0	0.0	0.0	0.0	0.0	0.0	0.0	0.0	0.0	0.0	0.0	0.0	0.0	0.0	0.0	0.0	0.0	0.0	0.0	0.0	0.0	0.0505618	0.0	0.0	0.0	0.0	0.0	0.0	0.0	0.0	0.0	0.0	0.0	0.0	0.0	0.0	0.0	0.0	0.0	0.0	
Semipalmated Sandpiper	0.0	0.0	0.0	0.0	0.0	0.0	0.0	0.0	0.0	0.0	0.0	0.0	0.0	0.0	0.0	0.0	0.0	0.0	0.0	0.0	0.0	0.0	0.0	0.0	0.0387597	0.0	0.0088496	0.0159574	0.0988372	0.1460674	0.0397351	0.028777	0.027972	0.0347395	0.0192771	0.0036697	0.0055351	0.0	0.0	0.0	0.0	0.0	0.0	0.0	0.0	0.0	0.0	0.0	
peep sp.	0.0	0.0	0.0	0.0	0.0	0.0	0.0	0.0	0.0	0.0	0.0	0.0	0.0	0.0	0.0	0.0	0.0	0.0	0.0	0.0	0.0	0.0	0.0	0.0	0.0	0.0196078	0.0088496	0.0	0.0116279	0.005618	0.013245	0.0071942	0.0034965	0.0	0.0024096	0.0	0.0	0.0	0.0	0.0	0.0	0.0	0.0	0.0	0.0	0.0	0.0	0.0	
American Woodcock	0.0	0.0	0.0034364	0.0	0.0	0.0045249	0.0	0.0	0.0153846	0.0742049	0.1898305	0.0232945	0.0015	0.0049917	0.0019724	0.0011834	0.0251309	0.0	0.0690506	0.0098684	0.0	0.0	0.0	0.0	0.0	0.0	0.0	0.0	0.0	0.0	0.0	0.0	0.0	0.0	0.0	0.0	0.0	0.0	0.0015	0.0	0.0184615	0.026087	0.0160643	0.0015	0.0487805	0.0220994	0.0050251	0.0040161	
Wilson's Snipe	0.0	0.0	0.0	0.0	0.0	0.0	0.0	0.0	0.0	0.0	0.0	0.0	0.0	0.0	0.0	0.0	0.0	0.0	0.0	0.0	0.0	0.0	0.0	0.0	0.0	0.0	0.0	0.0	0.0	0.0	0.0	0.0	0.0	0.0	0.0	0.0	0.0	0.0025641	0.0	0.0	0.0	0.0	0.0	0.0	0.0	0.0	0.0	0.0	
Spotted Sandpiper	0.0	0.0	0.0	0.0	0.0	0.0	0.0	0.0	0.0	0.0	0.0	0.0	0.0	0.0	0.0	0.0224852	0.0272251	0.0582386	0.0604192	0.0065789	0.0174216	0.0015	0.0067568	0.005814	0.0077519	0.0015	0.0707965	0.0478723	0.0523256	0.0505618	0.0463576	0.0431655	0.0104895	0.0074442	0.0048193	0.0	0.00369	0.0025641	0.0	0.0	0.0	0.0	0.0	0.0	0.0	0.0	0.0	0.0	
Solitary Sandpiper	0.0	0.0	0.0	0.0	0.0	0.0	0.0	0.0	0.0	0.0	0.0	0.0	0.0	0.0	0.0	0.0047337	0.0293194	0.0255682	0.0086313	0.0180921	0.0	0.0	0.0	0.0	0.0	0.0	0.0	0.0106383	0.0	0.0168539	0.0	0.0071942	0.0	0.0024814	0.0	0.0015	0.0	0.0	0.0	0.0	0.0	0.0	0.0	0.0	0.0	0.0	0.0	0.0	
Greater Yellowlegs	0.0	0.0	0.0	0.0	0.0	0.0	0.0	0.0	0.0	0.0	0.0	0.0	0.0	0.0	0.0	0.0	0.0	0.0014205	0.0	0.0	0.0	0.0	0.0	0.0	0.0	0.0	0.0	0.0	0.0	0.0	0.0	0.0035971	0.0	0.0024814	0.0024096	0.0	0.0	0.0025641	0.0	0.0	0.0061538	0.0	0.0	0.0	0.0	0.0	0.0	0.0	
Lesser Yellowlegs	0.0	0.0	0.0	0.0	0.0	0.0	0.0	0.0	0.0	0.0	0.0	0.0	0.0	0.0	0.0	0.0	0.0	0.0	0.0	0.0	0.0	0.0	0.0	0.0	0.0	0.0065359	0.0	0.0015	0.0	0.0015	0.0066225	0.0	0.0	0.0	0.0	0.0	0.0	0.0	0.0	0.0	0.0	0.0	0.0	0.0	0.0	0.0	0.0	0.0	
Greater/Lesser Yellowlegs	0.0	0.0	0.0	0.0	0.0	0.0	0.0	0.0	0.0	0.0	0.0	0.0	0.0	0.0	0.0	0.0	0.0	0.0	0.0	0.0	0.0	0.0	0.0	0.0	0.0	0.0	0.0	0.0	0.0	0.0	0.0066225	0.0	0.0	0.0	0.0	0.0	0.0	0.0	0.0	0.0	0.0	0.0	0.0	0.0	0.0	0.0	0.0	0.0	
shorebird sp.	0.0	0.0	0.0	0.0	0.0	0.0	0.0	0.0	0.0	0.0	0.0	0.0	0.0	0.0	0.0	0.0	0.0010471	0.0014205	0.0	0.0	0.0	0.0015	0.0	0.0	0.0	0.0	0.0088496	0.0106383	0.0	0.005618	0.013245	0.0035971	0.0015	0.0	0.0	0.0	0.0	0.0025641	0.0	0.0019881	0.0	0.0	0.0	0.0	0.0	0.0	0.0	0.0	
Bonaparte's Gull	0.0	0.0	0.0	0.0	0.0	0.0	0.0	0.0	0.0	0.0	0.0	0.0	0.0	0.0	0.0019724	0.0	0.0020942	0.0	0.0	0.0	0.0	0.0	0.0	0.0	0.0	0.0	0.0	0.0	0.0	0.0	0.0	0.0	0.0	0.0	0.0	0.0	0.0	0.0	0.0	0.0	0.0	0.0	0.0	0.0	0.0	0.0	0.0	0.0	
Laughing Gull	0.0	0.0	0.0	0.0	0.0	0.0	0.0	0.0	0.0	0.0	0.0	0.0016639	0.0024213	0.0083195	0.0078895	0.0059172	0.0251309	0.0184659	0.0234279	0.0197368	0.0348432	0.0191388	0.0405405	0.1162791	0.1317829	0.130719	0.1238938	0.0797872	0.0523256	0.0898876	0.0331126	0.0467626	0.020979	0.0372208	0.0216867	0.0146789	0.0221402	0.0358974	0.0175439	0.0298211	0.0123077	0.0130435	0.0040161	0.0	0.0	0.0	0.0	0.0	
Ring-billed Gull	0.3141026	0.2686084	0.347079	0.2893258	0.3152542	0.3031674	0.2322581	0.28	0.2974359	0.2261484	0.2237288	0.2079867	0.157385	0.1414309	0.1282051	0.1183432	0.1120419	0.0980114	0.080148	0.0674342	0.1010453	0.0717703	0.0675676	0.1162791	0.0697674	0.0915033	0.2035398	0.1861702	0.2906977	0.3146067	0.218543	0.176259	0.1293706	0.1513648	0.139759	0.1192661	0.1439114	0.1794872	0.1929825	0.2067594	0.2061538	0.2478261	0.2570281	0.3203125	0.297561	0.359116	0.2713568	0.3975904	
Herring Gull	0.2029915	0.184466	0.2405498	0.1685393	0.2440678	0.2081448	0.1870968	0.1828571	0.2102564	0.1272085	0.1322034	0.1680532	0.1694915	0.171381	0.17357	0.1727811	0.2094241	0.203125	0.1528977	0.1891447	0.1916376	0.2200957	0.2635135	0.2674419	0.2248062	0.3267974	0.3362832	0.2712766	0.3023256	0.3370787	0.2847682	0.2625899	0.1888112	0.2258065	0.2048193	0.1798165	0.1881919	0.2076923	0.2426901	0.2723658	0.2307692	0.2304348	0.2248996	0.2617188	0.2585366	0.3093923	0.2914573	0.3293173	
Iceland Gull	0.0021368	0.0032362	0.0	0.0	0.0	0.0045249	0.0	0.0	0.0	0.0	0.0	0.0	0.0	0.0	0.0	0.0	0.0	0.0	0.0	0.0	0.0	0.0	0.0	0.0	0.0	0.0	0.0	0.0	0.0	0.0	0.0	0.0	0.0	0.0	0.0	0.0	0.0	0.0	0.0	0.0	0.0	0.0	0.0	0.0	0.004878	0.0055249	0.0050251	0.0040161	
Lesser Black-backed Gull	0.0042735	0.0	0.0	0.0	0.0	0.0	0.0	0.0	0.0	0.0	0.0	0.0	0.0	0.0	0.0	0.0	0.0	0.0	0.0	0.0	0.0	0.0	0.0	0.0	0.0	0.0	0.0	0.0	0.0	0.0	0.0	0.0	0.0	0.0	0.0	0.0	0.0	0.0	0.0	0.0	0.0	0.0	0.0	0.0039063	0.0	0.0	0.0050251	0.0040161	
Glaucous Gull	0.0	0.0	0.0	0.0	0.0	0.0	0.0	0.0	0.0	0.0035336	0.0	0.0	0.0	0.0	0.0015	0.0	0.0	0.0	0.0	0.0	0.0	0.0	0.0	0.0	0.0	0.0	0.0	0.0	0.0	0.0	0.0	0.0	0.0	0.0	0.0	0.0	0.0	0.0	0.0	0.0	0.0	0.0	0.0	0.0	0.0	0.0	0.0	0.0	
Great Black-backed Gull	0.1923077	0.1747573	0.2542955	0.1741573	0.1932203	0.1719457	0.1387097	0.1028571	0.1897436	0.0883392	0.1050847	0.1297837	0.1113801	0.093178	0.0927022	0.0852071	0.0795812	0.0909091	0.0912454	0.0723684	0.1254355	0.138756	0.0810811	0.1918605	0.1550388	0.248366	0.1858407	0.1489362	0.1627907	0.2022472	0.1059603	0.1438849	0.0979021	0.1166253	0.0987952	0.0788991	0.0793358	0.1384615	0.1111111	0.1570577	0.1507692	0.1652174	0.1164659	0.2070313	0.2	0.1878453	0.1859296	0.2690763	
Larus sp.	0.0470085	0.0355987	0.0343643	0.0224719	0.0542373	0.0271493	0.0193548	0.0114286	0.0307692	0.0282686	0.0169492	0.0249584	0.0193705	0.0216306	0.0157791	0.0071006	0.017801	0.0099432	0.027127	0.0032895	0.0313589	0.0191388	0.0202703	0.0116279	0.0310078	0.0065359	0.0088496	0.0106383	0.0116279	0.011236	0.0331126	0.0215827	0.0174825	0.0223325	0.0120482	0.0275229	0.0202952	0.0358974	0.0204678	0.0258449	0.0030769	0.0478261	0.0200803	0.0429688	0.0634146	0.0276243	0.0100503	0.0281124	
gull sp.	0.0448718	0.0291262	0.0137457	0.0393258	0.0474576	0.0588235	0.0645161	0.0285714	0.0358974	0.0565371	0.040678	0.046589	0.0217918	0.0232945	0.025641	0.0414201	0.0387435	0.0355114	0.0308261	0.0246711	0.0174216	0.0334928	0.027027	0.0348837	0.0542636	0.0196078	0.0353982	0.0319149	0.0232558	0.0505618	0.0463576	0.028777	0.041958	0.0421836	0.0289157	0.0183486	0.0332103	0.0410256	0.0204678	0.0516899	0.0584615	0.0478261	0.060241	0.0664063	0.0731707	0.0607735	0.0351759	0.1204819	
Least Tern	0.0	0.0	0.0	0.0	0.0	0.0	0.0	0.0	0.0	0.0	0.0	0.0	0.0	0.0	0.0	0.0	0.0	0.0	0.0	0.0	0.0	0.0	0.0	0.005814	0.0	0.0	0.0	0.0	0.0	0.0	0.0	0.0	0.0	0.0	0.0	0.0	0.0	0.0	0.0	0.0	0.0	0.0	0.0	0.0	0.0	0.0	0.0	0.0	
Common Tern	0.0	0.0	0.0	0.0	0.0	0.0	0.0	0.0	0.0	0.0	0.0	0.0	0.0	0.0	0.0	0.0	0.0041885	0.0085227	0.0209618	0.0279605	0.0383275	0.0382775	0.0337838	0.0930233	0.1162791	0.1830065	0.0707965	0.0585106	0.0872093	0.0730337	0.0529801	0.0503597	0.0174825	0.0074442	0.0024096	0.0018349	0.0	0.0	0.0	0.0	0.0	0.0	0.0	0.0	0.0	0.0	0.0	0.0	
Forster's Tern	0.0	0.0	0.0	0.0	0.0	0.0	0.0	0.0	0.0	0.0	0.0	0.0	0.0	0.0	0.0019724	0.0	0.0	0.0	0.0	0.0	0.0	0.0	0.0	0.0	0.0	0.0	0.0	0.0	0.0	0.0	0.0	0.0	0.0	0.0	0.0	0.0	0.0	0.0	0.0	0.0	0.0	0.0	0.0	0.0	0.0	0.0	0.0	0.0	
Common/Forster's Tern	0.0	0.0	0.0	0.0	0.0	0.0	0.0	0.0	0.0	0.0	0.0	0.0	0.0	0.0	0.0	0.0	0.0	0.0	0.0	0.0	0.0	0.0	0.0	0.005814	0.0	0.0	0.0	0.0	0.0	0.0	0.0	0.0	0.0	0.0	0.0	0.0	0.0	0.0	0.0	0.0	0.0	0.0	0.0	0.0	0.0	0.0	0.0	0.0	
tern sp.	0.0	0.0	0.0	0.0	0.0	0.0	0.0	0.0	0.0	0.0	0.0	0.0	0.0	0.0	0.0	0.0	0.0	0.0	0.0	0.0	0.0	0.0	0.0	0.005814	0.0	0.0	0.0	0.0	0.0	0.0	0.0	0.0071942	0.0	0.0	0.0	0.0	0.0	0.0	0.0	0.0	0.0	0.0	0.0	0.0	0.0	0.0	0.0	0.0	
Black Skimmer	0.0	0.0	0.0	0.0	0.0	0.0	0.0	0.0	0.0	0.0	0.0	0.0	0.0	0.0	0.0	0.0	0.0	0.0	0.0	0.0015	0.0015	0.0047847	0.0015	0.005814	0.0	0.0	0.0	0.0	0.0	0.0	0.0	0.0	0.0	0.0	0.0	0.0	0.0	0.0	0.0	0.0	0.0	0.0	0.0	0.0	0.0	0.0	0.0	0.0	
gull/tern sp.	0.0	0.0	0.0	0.0	0.0	0.0	0.0	0.0	0.0	0.0	0.0	0.0	0.0	0.0	0.0	0.0	0.0	0.0	0.0	0.0	0.0	0.0047847	0.0	0.0	0.0	0.0	0.0	0.0	0.0	0.0	0.0	0.0	0.0	0.0	0.0	0.0	0.0	0.0	0.0	0.0	0.0	0.0	0.0	0.0	0.0	0.0	0.0	0.0	
Red-throated Loon	0.0021368	0.0	0.0103093	0.0168539	0.0	0.0	0.0	0.0057143	0.0102564	0.0	0.0015	0.0183028	0.0121065	0.0099834	0.0039448	0.0035503	0.0052356	0.0014205	0.0	0.0	0.0	0.0	0.0	0.0	0.0	0.0	0.0	0.0	0.0	0.0	0.0	0.0	0.0	0.0	0.0	0.0	0.0	0.0	0.002924	0.0	0.0	0.0	0.0	0.0	0.0	0.0	0.0	0.0	
Common Loon	0.0042735	0.0	0.0893471	0.0	0.0	0.0	0.0	0.0015	0.0051282	0.0	0.0	0.0033278	0.0024213	0.0049917	0.0059172	0.0106509	0.0010471	0.0440341	0.0024661	0.0016447	0.0	0.0015	0.0	0.0	0.0077519	0.0	0.0	0.0	0.0	0.0	0.0	0.0	0.0	0.0	0.0	0.0	0.001845	0.0051282	0.0409357	0.0	0.0030769	0.0043478	0.0	0.0	0.0	0.0	0.0	0.0080321	
loon sp.	0.0	0.0	0.0	0.0	0.0	0.0	0.0	0.0	0.0	0.0	0.0	0.0016639	0.0	0.0016639	0.0	0.0	0.0	0.0	0.0	0.0	0.0	0.0	0.0	0.0	0.0	0.0	0.0	0.0	0.0	0.0	0.0	0.0	0.0	0.0	0.0	0.0	0.0	0.0	0.0	0.0	0.0	0.0	0.0	0.0	0.0	0.0	0.0	0.0	
Great Cormorant	0.0021368	0.0032362	0.0034364	0.0140449	0.0015	0.0045249	0.0	0.0	0.0102564	0.0141343	0.0	0.0066556	0.0121065	0.0033278	0.0019724	0.0	0.0010471	0.0	0.0	0.0	0.0	0.0	0.0	0.0	0.0	0.0	0.0	0.0	0.0	0.0	0.0	0.0	0.0	0.0	0.0	0.0	0.0	0.0051282	0.002924	0.0	0.0	0.0	0.0040161	0.0039063	0.0	0.0	0.0	0.0160643	
Double-crested Cormorant	0.0598291	0.0323625	0.04811	0.0617978	0.0305085	0.0180995	0.016129	0.0228571	0.0205128	0.024735	0.0372881	0.1414309	0.2421308	0.2462562	0.3136095	0.3278107	0.3319372	0.3323864	0.3131936	0.3059211	0.28223	0.2392344	0.277027	0.3081395	0.2713178	0.2679739	0.3185841	0.2765957	0.2965116	0.3146067	0.2450331	0.1978417	0.1363636	0.1215881	0.1879518	0.1614679	0.1881919	0.2384615	0.2017544	0.1769384	0.1169231	0.1130435	0.0522088	0.0507813	0.0682927	0.1104972	0.080402	0.0843373	
cormorant sp.	0.0	0.0	0.0	0.002809	0.0033898	0.0	0.0	0.0057143	0.0	0.0	0.0	0.0016639	0.0	0.0	0.0	0.0	0.0	0.0	0.0	0.0	0.0	0.0	0.0067568	0.0	0.0	0.0	0.0	0.0	0.0	0.0	0.0	0.0	0.0	0.0	0.0024096	0.0	0.0	0.0025641	0.002924	0.0015	0.0	0.0043478	0.0	0.0039063	0.0	0.0055249	0.0	0.0040161	
Brown Pelican	0.0	0.0	0.0	0.0	0.0	0.0	0.0	0.0	0.0	0.0	0.0	0.0	0.0	0.0	0.0	0.0	0.0	0.0	0.0	0.0	0.0	0.0	0.0	0.0015	0.0	0.0	0.0	0.0	0.0	0.0	0.0	0.0	0.0	0.0	0.0	0.0	0.0	0.0	0.0	0.0	0.0	0.0	0.0	0.0	0.0	0.0055249	0.0	0.0	
American Bittern	0.0	0.0	0.0	0.0	0.0	0.0	0.0	0.0	0.0	0.0	0.0	0.0015	0.0	0.0	0.0414201	0.0011834	0.0010471	0.0	0.001233	0.0	0.0	0.0	0.0	0.0	0.0	0.0	0.0	0.0	0.0	0.0	0.0	0.0	0.0	0.0	0.0939759	0.0	0.0	0.0	0.0	0.0	0.0	0.0015	0.0	0.0	0.0	0.0	0.0	0.0	
Great Blue Heron	0.0491453	0.0453074	0.0549828	0.0168539	0.0101695	0.0361991	0.0225806	0.0742857	0.0153846	0.024735	0.0067797	0.0399334	0.0435835	0.0083195	0.0078895	0.0059172	0.0219895	0.0142045	0.0086313	0.0016447	0.0243902	0.0047847	0.0337838	0.0639535	0.0077519	0.0261438	0.079646	0.0425532	0.0755814	0.1067416	0.0463576	0.0467626	0.0769231	0.0645161	0.0698795	0.0293578	0.0313653	0.0205128	0.0380117	0.0298211	0.0553846	0.073913	0.0522088	0.0625	0.0878049	0.0718232	0.1155779	0.1285141	
Great Egret	0.0	0.0	0.0	0.0	0.0	0.0	0.0	0.0	0.0	0.0	0.0	0.0415973	0.1380145	0.0482529	0.0986193	0.1609467	0.1832461	0.1803977	0.1985203	0.2417763	0.1672474	0.1435407	0.1756757	0.1744186	0.1472868	0.1633987	0.1769912	0.1542553	0.1802326	0.1292135	0.1788079	0.1079137	0.0524476	0.0173697	0.0024096	0.0018349	0.001845	0.0051282	0.002924	0.0	0.0	0.0	0.0040161	0.0	0.0	0.0	0.0	0.0	
Ardea sp.	0.0	0.0	0.0	0.0	0.0	0.0	0.0	0.0	0.0	0.0	0.0	0.0	0.0	0.0	0.0	0.0	0.0020942	0.0	0.0	0.0	0.0	0.0	0.0	0.0	0.0	0.0	0.0	0.0	0.0	0.0	0.0	0.0	0.0	0.0	0.0	0.0	0.0	0.0	0.0	0.0	0.0	0.0	0.0	0.0	0.0	0.0	0.0	0.0	
Snowy Egret	0.0	0.0	0.0	0.0	0.0	0.0	0.0	0.0	0.0	0.0	0.0	0.0	0.0	0.0099834	0.0078895	0.0189349	0.0282723	0.0213068	0.027127	0.0361842	0.0243902	0.0047847	0.0202703	0.0174419	0.0155039	0.0065359	0.0353982	0.0531915	0.0116279	0.011236	0.0	0.0107914	0.0034965	0.0	0.0024096	0.0	0.0	0.0	0.0	0.0	0.0	0.0	0.0	0.0	0.0	0.0	0.0	0.0	
Little Blue Heron	0.0	0.0	0.0	0.0	0.0	0.0	0.0	0.0	0.0	0.0	0.0	0.0	0.0	0.0	0.0	0.0	0.0	0.0	0.0	0.0	0.0	0.0	0.0	0.0	0.0	0.0	0.0	0.0	0.0	0.005618	0.0	0.0	0.0	0.0	0.0	0.0	0.0	0.0	0.0	0.0	0.0	0.0	0.0	0.0	0.0	0.0	0.0	0.0	
white egret sp.	0.0	0.0	0.0	0.0	0.0	0.0	0.0	0.0	0.0	0.0	0.0	0.0	0.0	0.0	0.0	0.0	0.0031414	0.0014205	0.0	0.0016447	0.0	0.0	0.0	0.005814	0.0	0.0	0.0	0.0	0.0	0.0	0.0	0.0	0.0	0.0	0.0	0.0	0.0	0.0	0.0	0.0	0.0	0.0	0.0	0.0	0.0	0.0	0.0	0.0	
Green Heron	0.0	0.0	0.0	0.0	0.0	0.0	0.0	0.0	0.0	0.0	0.0	0.0	0.0	0.0	0.0039448	0.0390533	0.0492147	0.015625	0.0024661	0.0049342	0.0	0.0015	0.0	0.0	0.0077519	0.0	0.0	0.0053191	0.0	0.011236	0.0066225	0.0215827	0.020979	0.0645161	0.0506024	0.0201835	0.0424354	0.0051282	0.0087719	0.0015	0.0	0.0	0.0	0.0	0.0	0.0	0.0	0.0	
Black-crowned Night-Heron	0.0	0.0032362	0.0	0.0	0.0	0.0	0.0	0.0	0.0	0.0	0.0	0.0232945	0.0677966	0.0432612	0.1282051	0.0970414	0.139267	0.1349432	0.1097411	0.1266447	0.1219512	0.076555	0.1621622	0.1046512	0.0852713	0.0653595	0.0973451	0.1223404	0.127907	0.0337079	0.1721854	0.0935252	0.0699301	0.0769231	0.0554217	0.053211	0.0313653	0.0230769	0.0380117	0.0139165	0.0246154	0.0130435	0.0080321	0.015625	0.0097561	0.0165746	0.0	0.0040161	
Yellow-crowned Night-Heron	0.0	0.0	0.0	0.0	0.0	0.0	0.0	0.0	0.0	0.0	0.0	0.0	0.0	0.0	0.0	0.016568	0.0188482	0.0823864	0.0406905	0.0180921	0.0383275	0.0143541	0.0405405	0.0755814	0.0542636	0.1045752	0.0707965	0.037234	0.0465116	0.0280899	0.013245	0.0071942	0.006993	0.0024814	0.0015	0.0018349	0.0073801	0.0025641	0.002924	0.0079523	0.0061538	0.0130435	0.0040161	0.0	0.004878	0.0	0.0050251	0.0040161	
Black-crowned/Yellow-crowned Night-Heron	0.0	0.0	0.0	0.0	0.0	0.0	0.0	0.0	0.0	0.0	0.0	0.0	0.0	0.0	0.0	0.0	0.0	0.0	0.0	0.0	0.0	0.0	0.0	0.0	0.0	0.0	0.0	0.0	0.0	0.0	0.0	0.0	0.0	0.0	0.0	0.0018349	0.0	0.0	0.0	0.0	0.0	0.0	0.0	0.0	0.0	0.0	0.0	0.0	
Black Vulture	0.0	0.0	0.0	0.0	0.0	0.0	0.0	0.0	0.0	0.0	0.0	0.0016639	0.0	0.0	0.0039448	0.0094675	0.0010471	0.0	0.0015	0.0	0.0015	0.0	0.0	0.005814	0.0	0.0	0.0	0.0	0.0	0.0224719	0.0066225	0.0015	0.0	0.0	0.0015	0.0018349	0.0	0.0	0.0087719	0.0	0.0061538	0.0	0.0	0.0	0.0	0.0	0.0050251	0.0	
Turkey Vulture	0.0042735	0.0064725	0.0103093	0.005618	0.0067797	0.0226244	0.0	0.0	0.0205128	0.024735	0.0033898	0.0199667	0.0411622	0.014975	0.0157791	0.0213018	0.0104712	0.015625	0.0135635	0.0032895	0.0034843	0.0015	0.0067568	0.0232558	0.0	0.0	0.0	0.0	0.0	0.0168539	0.013245	0.0071942	0.006993	0.0024814	0.0072289	0.012844	0.0239852	0.0102564	0.0350877	0.0019881	0.0215385	0.0391304	0.0040161	0.0195313	0.0097561	0.0055249	0.0201005	0.0120482	
new world vulture sp.	0.0	0.0	0.0	0.0	0.0	0.0	0.0	0.0	0.0	0.0	0.0	0.0	0.0	0.0	0.0	0.0	0.0	0.0	0.0	0.0	0.0	0.0	0.0	0.0	0.0	0.0	0.0	0.0	0.0	0.0	0.0	0.0	0.0015	0.0	0.0	0.0	0.0	0.0	0.0	0.0	0.0	0.0	0.0	0.0	0.0	0.0	0.0	0.0	
Osprey	0.0	0.0	0.0	0.0	0.0	0.0	0.0	0.0057143	0.0	0.0	0.0	0.0049917	0.0121065	0.0133111	0.0177515	0.0142012	0.0125654	0.0184659	0.0135635	0.0016447	0.0069686	0.0	0.0337838	0.0116279	0.0	0.0	0.0088496	0.0015	0.005814	0.0224719	0.0198675	0.0215827	0.0524476	0.0620347	0.0771084	0.0477064	0.0221402	0.0128205	0.005848	0.0015	0.0030769	0.0	0.0	0.0	0.0	0.0	0.0	0.0	
Northern Harrier	0.0015	0.0	0.0	0.0	0.0	0.0	0.0	0.0	0.0	0.0	0.0	0.0	0.0	0.0033278	0.0	0.0011834	0.0	0.0	0.0	0.0	0.0	0.0	0.0	0.0	0.0	0.0	0.0	0.0	0.0	0.0	0.0	0.0035971	0.0	0.0	0.0024096	0.0	0.0	0.0025641	0.0146199	0.0	0.0	0.0043478	0.0	0.0078125	0.004878	0.0	0.0015	0.0	
Sharp-shinned Hawk	0.042735	0.0097087	0.0137457	0.0	0.0067797	0.0045249	0.0064516	0.0	0.0	0.0035336	0.0033898	0.0049917	0.0	0.0033278	0.0039448	0.0059172	0.0	0.0	0.0	0.0	0.0	0.0	0.0	0.0	0.0	0.0	0.0	0.0	0.0	0.0	0.0	0.0	0.0	0.0124069	0.0313253	0.0165138	0.0221402	0.0230769	0.0087719	0.0119284	0.0030769	0.0043478	0.0040161	0.0078125	0.004878	0.0	0.0050251	0.0	
Cooper's Hawk	0.2051282	0.1521036	0.1683849	0.1207865	0.1830508	0.1221719	0.1193548	0.1314286	0.1487179	0.1378092	0.0576271	0.0549085	0.0338983	0.0249584	0.0493097	0.0071006	0.0052356	0.0028409	0.0	0.0049342	0.0	0.0	0.0015	0.0	0.0	0.0	0.0088496	0.0	0.005814	0.0	0.0066225	0.057554	0.027972	0.0297767	0.0722892	0.0348624	0.0295203	0.0948718	0.1023392	0.055666	0.1353846	0.1130435	0.1646586	0.1601563	0.102439	0.121547	0.1457286	0.1967871	
Sharp-shinned/Cooper's Hawk	0.0064103	0.0032362	0.0034364	0.0	0.0067797	0.0045249	0.0	0.0	0.0	0.0035336	0.0	0.0049917	0.0	0.0	0.0	0.0	0.0	0.0014205	0.0	0.0	0.0	0.0	0.0	0.0	0.0	0.0	0.0	0.0	0.0	0.0	0.0	0.0035971	0.0	0.0049628	0.0048193	0.0018349	0.001845	0.0051282	0.0	0.0039761	0.0092308	0.0086957	0.0080321	0.0	0.004878	0.0	0.0050251	0.0080321	
Accipiter sp.	0.0	0.0097087	0.0	0.005618	0.0	0.0	0.0	0.0	0.0	0.0015	0.0	0.0	0.0024213	0.0	0.0039448	0.0035503	0.0010471	0.0	0.0	0.0	0.0	0.0	0.0067568	0.0	0.0	0.0	0.0	0.0	0.0	0.0	0.0	0.0	0.0034965	0.0	0.0096386	0.0018349	0.001845	0.0025641	0.005848	0.0019881	0.0061538	0.0043478	0.0040161	0.0078125	0.004878	0.0	0.0	0.0	
Bald Eagle	0.0213675	0.0291262	0.024055	0.005618	0.0237288	0.040724	0.0096774	0.0	0.0307692	0.0035336	0.0271186	0.0116473	0.0	0.0	0.0059172	0.0130178	0.0062827	0.0099432	0.0036991	0.0016447	0.0	0.0	0.0	0.005814	0.0	0.0	0.0	0.0	0.0	0.005618	0.0066225	0.0035971	0.013986	0.0024814	0.0168675	0.012844	0.0110701	0.0051282	0.0116959	0.0139165	0.0276923	0.0173913	0.0040161	0.046875	0.004878	0.0015	0.0351759	0.0120482	
Red-shouldered Hawk	0.0021368	0.012945	0.0206186	0.0	0.0033898	0.0045249	0.0	0.0	0.0	0.0106007	0.0	0.0016639	0.0	0.0	0.0	0.0011834	0.0	0.0014205	0.0	0.0015	0.0	0.0	0.0	0.0	0.0	0.0	0.0	0.0	0.0	0.0	0.0	0.0	0.0034965	0.0	0.0	0.0	0.0	0.0153846	0.005848	0.0	0.0061538	0.0347826	0.0040161	0.0195313	0.004878	0.0	0.0100503	0.0240964	
Broad-winged Hawk	0.0	0.0	0.0	0.0	0.0	0.0	0.0	0.0	0.0	0.0	0.0	0.0	0.0015	0.0	0.0019724	0.0023669	0.0	0.0	0.0	0.0016447	0.0	0.0	0.0	0.0	0.0	0.0	0.0	0.0	0.0	0.0	0.0	0.0015	0.0015	0.0	0.0048193	0.0018349	0.0073801	0.0051282	0.0	0.0	0.0	0.0	0.0	0.0	0.0	0.0	0.0	0.0	
Red-tailed Hawk	0.3867521	0.3106796	0.3986254	0.3426966	0.2915254	0.2850679	0.2580645	0.2971429	0.3230769	0.2968198	0.3355932	0.3311148	0.377724	0.2878536	0.3076923	0.260355	0.2774869	0.2073864	0.215783	0.2253289	0.1358885	0.0478469	0.1216216	0.1395349	0.1085271	0.1045752	0.0973451	0.0531915	0.1395349	0.1853933	0.1192053	0.1906475	0.2167832	0.2332506	0.173494	0.1798165	0.1642066	0.2358974	0.2397661	0.2306163	0.2184615	0.2608696	0.3052209	0.265625	0.2439024	0.1767956	0.3065327	0.3694779	
Buteo sp.	0.0	0.0	0.0	0.0	0.0	0.0045249	0.0	0.0	0.0	0.0	0.0	0.0	0.0	0.0	0.0	0.0011834	0.0	0.0	0.0	0.0	0.0034843	0.0	0.0	0.0	0.0	0.0	0.0	0.0	0.0	0.0	0.0	0.0	0.0	0.0	0.0	0.0	0.0	0.0	0.002924	0.0	0.0	0.0	0.0	0.0	0.0	0.0	0.0	0.0	
hawk sp.	0.0021368	0.0032362	0.0	0.002809	0.0169492	0.0135747	0.0032258	0.0057143	0.0102564	0.0070671	0.0015	0.0116473	0.0024213	0.0016639	0.0	0.0035503	0.0020942	0.0028409	0.0049322	0.0032895	0.0	0.0015	0.0	0.005814	0.0	0.0	0.0	0.0	0.0	0.0	0.0015	0.0	0.0104895	0.0074442	0.0168675	0.0	0.00369	0.0	0.0087719	0.0039761	0.0	0.0086957	0.0120482	0.0039063	0.004878	0.0055249	0.0050251	0.0040161	
eagle sp.	0.0	0.0	0.0034364	0.0	0.0	0.0	0.0	0.0	0.0	0.0	0.0	0.0	0.0	0.0	0.0	0.0	0.0	0.0	0.0	0.0	0.0	0.0	0.0	0.0	0.0	0.0	0.0	0.0	0.0	0.0	0.0	0.0	0.0	0.0	0.0	0.0	0.0	0.0	0.0	0.0	0.0	0.0	0.0	0.0	0.0	0.0	0.0	0.0	
Eastern Screech-Owl	0.0106838	0.0064725	0.0171821	0.011236	0.0067797	0.0090498	0.0064516	0.0057143	0.0051282	0.0	0.0101695	0.0	0.0072639	0.0066556	0.0059172	0.0	0.0	0.0	0.0	0.0	0.0	0.0	0.0	0.0	0.0015	0.0	0.0	0.0	0.005814	0.0	0.013245	0.0015	0.0	0.0	0.0	0.0	0.0	0.0	0.0	0.0	0.0061538	0.026087	0.0080321	0.0273438	0.0	0.0	0.0	0.0200803	
Great Horned Owl	0.1581197	0.1003236	0.1168385	0.0196629	0.0033898	0.0	0.0	0.0	0.0	0.0106007	0.0	0.0	0.0	0.0199667	0.0	0.0011834	0.0020942	0.0	0.0	0.0	0.0	0.0	0.0	0.0	0.0	0.0	0.0	0.0	0.0	0.0	0.0	0.0	0.0	0.0	0.0	0.0	0.0	0.0	0.0	0.0	0.0	0.0	0.0562249	0.0015	0.0	0.0	0.0015	0.0160643	
Barred Owl	0.0512821	0.0097087	0.0515464	0.005618	0.020339	0.0	0.0	0.0	0.0	0.0	0.0	0.0	0.0	0.0	0.0	0.0	0.0	0.0	0.0	0.0	0.0	0.0	0.0	0.0	0.0	0.0	0.0	0.0	0.0	0.0	0.0	0.0	0.0	0.0	0.0	0.0	0.0	0.0015	0.0	0.0	0.0	0.0	0.0	0.0039063	0.0	0.0	0.0	0.0	
Long-eared Owl	0.0	0.0	0.0	0.0	0.0	0.0	0.0	0.0	0.0	0.0015	0.0015	0.0	0.0	0.0	0.0039448	0.0	0.0	0.0	0.0	0.0	0.0	0.0	0.0	0.0	0.0	0.0	0.0	0.0	0.0	0.0	0.0	0.0	0.0	0.0	0.0	0.0	0.0	0.0	0.0	0.0	0.0	0.0043478	0.0	0.0	0.0015	0.0	0.0	0.0361446	
Northern Saw-whet Owl	0.1068376	0.0032362	0.04811	0.0365169	0.0067797	0.0	0.0	0.0	0.0	0.0	0.0	0.0033278	0.0	0.0016639	0.0	0.0	0.0	0.0	0.0	0.0	0.0	0.0	0.0	0.0	0.0	0.0	0.0	0.0	0.0	0.0	0.0	0.0	0.0	0.0	0.0	0.0	0.0	0.0	0.0	0.0	0.0	0.0	0.0	0.0	0.0	0.0	0.0	0.0	
Belted Kingfisher	0.008547	0.0064725	0.0034364	0.002809	0.0	0.0	0.0	0.0	0.0	0.0035336	0.0033898	0.0049917	0.0048426	0.0116473	0.0118343	0.0390533	0.0335079	0.0014205	0.0	0.0032895	0.0	0.0	0.0	0.005814	0.0	0.0	0.0088496	0.0	0.0232558	0.0337079	0.0596026	0.0899281	0.0314685	0.0496278	0.0048193	0.0220183	0.1107011	0.0487179	0.0614035	0.0139165	0.0153846	0.0130435	0.0080321	0.0078125	0.0097561	0.0110497	0.0050251	0.0240964	
Yellow-bellied Sapsucker	0.0918803	0.0550162	0.0515464	0.0589888	0.0474576	0.0271493	0.0290323	0.0171429	0.0205128	0.0106007	0.0271186	0.124792	0.2857143	0.3294509	0.1814596	0.1573964	0.1832461	0.0269886	0.0221948	0.0098684	0.0	0.0	0.0	0.0	0.0	0.0	0.0	0.0	0.0	0.0	0.0	0.0	0.0	0.0	0.0337349	0.2073394	0.3560886	0.4692308	0.4502924	0.3459245	0.2030769	0.1173913	0.0963855	0.1328125	0.1073171	0.0718232	0.1557789	0.0763052	
Red-headed Woodpecker	0.0	0.0	0.0	0.0	0.0	0.0	0.0	0.0	0.0	0.0	0.0	0.0	0.0	0.0	0.0	0.0	0.0010471	0.0	0.0	0.0	0.0	0.0	0.0	0.0	0.0	0.0	0.0	0.0	0.0	0.0	0.0	0.0071942	0.0	0.0	0.0	0.0073394	0.0	0.0051282	0.0	0.0	0.0	0.0	0.0	0.09375	0.0634146	0.0331492	0.0351759	0.0883534	
Red-bellied Woodpecker	0.457265	0.3915858	0.3608247	0.4073034	0.3762712	0.3167421	0.3387097	0.3428571	0.3897436	0.3498233	0.3389831	0.3893511	0.4552058	0.4026622	0.4063116	0.487574	0.5068063	0.3991477	0.3921085	0.3009868	0.1986063	0.1148325	0.1554054	0.127907	0.0852713	0.1111111	0.0707965	0.0851064	0.1802326	0.1966292	0.0860927	0.147482	0.1923077	0.2109181	0.1831325	0.3009174	0.2343173	0.2871795	0.3245614	0.3141153	0.3353846	0.4	0.4257028	0.4179688	0.302439	0.2265193	0.3467337	0.3694779	
Downy Woodpecker	0.224359	0.2135922	0.2268041	0.2331461	0.2237288	0.1719457	0.2096774	0.2457143	0.2153846	0.2014134	0.240678	0.2695507	0.37046	0.3344426	0.3688363	0.3621302	0.3434555	0.2911932	0.2663379	0.2203947	0.1358885	0.0813397	0.1148649	0.0930233	0.1085271	0.0849673	0.0619469	0.0957447	0.0988372	0.1629213	0.1390728	0.1726619	0.1783217	0.2382134	0.226506	0.2348624	0.1531365	0.1641026	0.122807	0.139165	0.1723077	0.2086957	0.1807229	0.2304688	0.2	0.1436464	0.2160804	0.2690763	
Hairy Woodpecker	0.0384615	0.0161812	0.0137457	0.0224719	0.0169492	0.0497738	0.016129	0.0342857	0.0307692	0.0141343	0.0237288	0.0249584	0.0290557	0.0266223	0.0315582	0.0153846	0.0282723	0.0184659	0.0221948	0.0213816	0.0174216	0.0143541	0.0	0.005814	0.0	0.0130719	0.0265487	0.0053191	0.0	0.0224719	0.0	0.0107914	0.0	0.0198511	0.0192771	0.0091743	0.0166052	0.0179487	0.0116959	0.0139165	0.0123077	0.0521739	0.0321285	0.0195313	0.0	0.0110497	0.0251256	0.0321285	
Downy/Hairy Woodpecker	0.0021368	0.0	0.0	0.002809	0.0067797	0.0	0.0	0.0057143	0.0	0.0035336	0.0	0.0066556	0.0072639	0.0049917	0.0059172	0.0047337	0.0041885	0.0015	0.0024661	0.0032895	0.0	0.0	0.0067568	0.0	0.0	0.0065359	0.0	0.0	0.0	0.0	0.0	0.0	0.0	0.0	0.0072289	0.0036697	0.00369	0.0025641	0.0	0.0019881	0.0030769	0.0	0.0040161	0.0	0.0097561	0.0	0.0	0.0040161	
Northern Flicker	0.0534188	0.0323625	0.0274914	0.0393258	0.0101695	0.0361991	0.0225806	0.0285714	0.0307692	0.0459364	0.1084746	0.202995	0.4382567	0.4925125	0.4299803	0.3775148	0.3267016	0.2329545	0.2342787	0.1513158	0.1637631	0.1148325	0.1824324	0.1569767	0.0930233	0.1111111	0.0884956	0.1276596	0.0988372	0.2640449	0.1788079	0.2517986	0.2727273	0.3151365	0.4674699	0.4568807	0.3357934	0.3410256	0.2426901	0.250497	0.1076923	0.1130435	0.0803213	0.0625	0.0731707	0.0497238	0.0552764	0.0682731	
woodpecker sp.	0.0021368	0.0	0.0	0.0	0.0	0.0	0.0	0.0	0.0	0.0141343	0.0033898	0.0116473	0.0096852	0.0033278	0.0059172	0.0035503	0.0031414	0.0014205	0.0024661	0.0016447	0.0139373	0.0	0.0	0.0232558	0.0077519	0.0	0.0	0.0	0.005814	0.0	0.0066225	0.0	0.0	0.0	0.0024096	0.0018349	0.001845	0.0051282	0.0	0.0059642	0.0030769	0.0130435	0.0	0.0039063	0.0	0.0	0.0	0.0015	
American Kestrel	0.0555556	0.0194175	0.04811	0.0337079	0.0271186	0.0180995	0.0516129	0.0228571	0.0769231	0.0176678	0.0338983	0.0482529	0.0338983	0.0249584	0.0374753	0.0319527	0.0314136	0.0298295	0.027127	0.0115132	0.0209059	0.0143541	0.0202703	0.0290698	0.0310078	0.0653595	0.0442478	0.0691489	0.0872093	0.0842697	0.0794702	0.0683453	0.0664336	0.0942928	0.053012	0.0587156	0.0553506	0.0794872	0.0818713	0.1153082	0.0369231	0.0652174	0.0441767	0.078125	0.0341463	0.0883978	0.0603015	0.0401606	
Merlin	0.0042735	0.0226537	0.0068729	0.0337079	0.0169492	0.0090498	0.0064516	0.0057143	0.0153846	0.0106007	0.0033898	0.0049917	0.0015	0.0	0.0019724	0.0023669	0.0052356	0.0056818	0.0	0.0	0.0	0.0	0.0	0.0	0.0	0.0	0.0	0.0	0.0	0.0	0.0066225	0.0	0.0034965	0.0015	0.0048193	0.0	0.0092251	0.0076923	0.005848	0.0178926	0.0123077	0.0173913	0.0040161	0.0117188	0.004878	0.0	0.0050251	0.0015	
Peregrine Falcon	0.1132479	0.1035599	0.1202749	0.0589888	0.0440678	0.040724	0.0709677	0.04	0.0564103	0.0318021	0.0305085	0.0332779	0.0338983	0.014975	0.0276134	0.0201183	0.0251309	0.0213068	0.0160296	0.0180921	0.0348432	0.0047847	0.0337838	0.0174419	0.0310078	0.0065359	0.0088496	0.0212766	0.0116279	0.011236	0.0331126	0.0179856	0.034965	0.0471464	0.026506	0.0385321	0.0295203	0.0333333	0.0292398	0.0377734	0.0215385	0.0478261	0.0361446	0.015625	0.0487805	0.0220994	0.0452261	0.064257	
small falcon sp.	0.0	0.0	0.0	0.0	0.0	0.0	0.0	0.0	0.0	0.0	0.0	0.0	0.0	0.0	0.0	0.0	0.0	0.0014205	0.0	0.0	0.0	0.0	0.0	0.0	0.0	0.0	0.0	0.0	0.0	0.0	0.0	0.0	0.0	0.0	0.0	0.0	0.0	0.0	0.0	0.0	0.0	0.0	0.0	0.0	0.0	0.0	0.0	0.0	
falcon sp.	0.0042735	0.0	0.0	0.0015	0.0	0.0	0.0	0.0	0.0	0.0	0.0	0.0	0.0	0.0	0.0	0.0023669	0.0	0.0014205	0.001233	0.0	0.0	0.0	0.0	0.0	0.0	0.0	0.0	0.0	0.0	0.0	0.0	0.0	0.0	0.0024814	0.0024096	0.0036697	0.0	0.0	0.002924	0.0	0.0	0.0	0.0	0.0	0.0	0.0	0.0	0.0	
diurnal raptor sp.	0.0	0.0	0.0	0.0	0.0	0.0	0.0	0.0	0.0	0.0	0.0033898	0.0	0.0	0.0016639	0.0	0.0	0.0010471	0.0	0.0	0.0	0.0	0.0	0.0067568	0.0	0.0	0.0	0.0	0.0053191	0.0	0.0	0.0	0.0	0.0	0.0	0.0	0.0	0.001845	0.0025641	0.002924	0.0019881	0.0	0.0	0.0040161	0.0	0.0	0.0	0.0	0.0	
Monk Parakeet	0.0	0.0	0.0	0.0	0.0	0.0	0.0	0.0	0.0	0.0	0.0	0.0	0.0	0.0	0.0	0.0015	0.0	0.0	0.0	0.0016447	0.0	0.0	0.0	0.0	0.0	0.0	0.0	0.0	0.0	0.011236	0.0	0.0015	0.013986	0.0	0.0015	0.0015	0.001845	0.0015	0.0015	0.0059642	0.0	0.0	0.0	0.0	0.0	0.0	0.0050251	0.0	
Olive-sided Flycatcher	0.0	0.0	0.0	0.0	0.0	0.0	0.0	0.0	0.0	0.0	0.0	0.0	0.0	0.0	0.0	0.0	0.0	0.0	0.0036991	0.0460526	0.010453	0.0	0.0	0.0	0.0	0.0	0.0	0.0	0.0	0.0	0.0	0.0035971	0.0174825	0.0620347	0.0048193	0.0018349	0.0	0.0	0.0	0.0	0.0	0.0	0.0	0.0	0.0	0.0	0.0	0.0	
Eastern Wood-Pewee	0.0	0.0	0.0	0.0	0.0	0.0	0.0	0.0	0.0	0.0	0.0	0.0	0.0	0.0	0.0	0.0	0.0324607	0.0738636	0.1750925	0.2894737	0.1428571	0.0526316	0.0337838	0.005814	0.0	0.0	0.0	0.0	0.0116279	0.005618	0.0066225	0.0935252	0.2307692	0.235732	0.2072289	0.2788991	0.2103321	0.0641026	0.0204678	0.0059642	0.0	0.0	0.0	0.0	0.0	0.0	0.0	0.0	
Yellow-bellied Flycatcher	0.0	0.0	0.0	0.0	0.0	0.0	0.0	0.0	0.0	0.0	0.0	0.0	0.0	0.0	0.0	0.0	0.0	0.0028409	0.0061652	0.0773026	0.0731707	0.0	0.0	0.0	0.0	0.0	0.0	0.0	0.0	0.0	0.0	0.0179856	0.0314685	0.0496278	0.0024096	0.0036697	0.0110701	0.0	0.0	0.0	0.0	0.0	0.0	0.0	0.0	0.0	0.0	0.0	
Acadian Flycatcher	0.0	0.0	0.0	0.0	0.0	0.0	0.0	0.0	0.0	0.0	0.0	0.0	0.0	0.0	0.0	0.0	0.0	0.0028409	0.001233	0.0575658	0.0139373	0.0	0.0	0.0	0.0	0.0	0.0	0.0	0.0	0.0	0.0	0.0	0.0034965	0.0	0.0	0.0	0.001845	0.0	0.0	0.0	0.0	0.0	0.0	0.0	0.0	0.0	0.0	0.0	
Alder Flycatcher	0.0	0.0	0.0	0.0	0.0	0.0	0.0	0.0	0.0	0.0	0.0	0.0	0.0	0.0	0.0	0.0	0.0	0.0	0.0	0.0082237	0.0034843	0.0	0.0	0.0	0.0	0.0	0.0	0.0	0.0	0.0	0.0	0.0035971	0.0	0.0049628	0.0	0.0	0.0	0.0	0.0	0.0	0.0	0.0	0.0	0.0	0.0	0.0	0.0	0.0	
Willow Flycatcher	0.0	0.0	0.0	0.0	0.0	0.0	0.0	0.0	0.0	0.0	0.0	0.0	0.0	0.0	0.0	0.0	0.0	0.0	0.0098644	0.0213816	0.0	0.0	0.0	0.0	0.0	0.0	0.0	0.0	0.0	0.005618	0.0	0.0	0.0	0.0	0.0	0.0	0.0	0.0	0.0	0.0	0.0	0.0	0.0	0.0	0.0	0.0	0.0	0.0	
Alder/Willow Flycatcher (Traill's Flycatcher)	0.0	0.0	0.0	0.0	0.0	0.0	0.0	0.0	0.0	0.0	0.0	0.0	0.0	0.0	0.0	0.0	0.0	0.0	0.0024661	0.0263158	0.0	0.0	0.0	0.0	0.0	0.0	0.0	0.0	0.0	0.005618	0.0	0.0035971	0.013986	0.0024814	0.0	0.0	0.001845	0.0	0.0	0.0	0.0	0.0	0.0	0.0	0.0	0.0	0.0	0.0	
Least Flycatcher	0.0	0.0	0.0	0.0	0.0	0.0	0.0	0.0	0.0	0.0	0.0	0.0	0.0	0.0	0.0	0.0106509	0.1277487	0.0440341	0.0690506	0.0263158	0.0034843	0.0	0.0	0.0	0.0	0.0	0.0	0.0	0.005814	0.0224719	0.0	0.0107914	0.0454545	0.0248139	0.0048193	0.0073394	0.0092251	0.0	0.0	0.0	0.0015	0.0	0.0	0.0	0.0	0.0	0.0	0.0	
Empidonax sp.	0.0	0.0	0.0	0.0	0.0	0.0	0.0	0.0	0.0	0.0	0.0	0.0	0.0	0.0	0.0	0.0	0.0251309	0.015625	0.0357583	0.1085526	0.0139373	0.0	0.0	0.0	0.0	0.0	0.0	0.0	0.005814	0.0224719	0.0198675	0.0359712	0.0979021	0.0719603	0.0240964	0.0366972	0.0055351	0.0051282	0.0	0.0	0.0	0.0	0.0	0.0	0.0	0.0	0.0	0.0	
Eastern Phoebe	0.0192308	0.0032362	0.0	0.0	0.0	0.0	0.0	0.0	0.0	0.0035336	0.1288136	0.1913478	0.3268765	0.2579035	0.035503	0.0142012	0.008377	0.0113636	0.0049322	0.0065789	0.0034843	0.0	0.0	0.0	0.0	0.0	0.0	0.0	0.0232558	0.011236	0.0066225	0.0071942	0.013986	0.0297767	0.0554217	0.2146789	0.3339483	0.2948718	0.248538	0.2485089	0.1138462	0.0652174	0.0	0.0	0.0	0.0	0.0	0.0	
Great Crested Flycatcher	0.0	0.0	0.0	0.0	0.0	0.0	0.0	0.0	0.0	0.0	0.0	0.0	0.0	0.0	0.0	0.016568	0.2544503	0.1775568	0.1948212	0.2138158	0.1428571	0.0669856	0.0472973	0.0232558	0.0310078	0.0065359	0.0	0.0	0.0406977	0.0168539	0.0066225	0.1043165	0.1853147	0.17866	0.0216867	0.0110092	0.0	0.0	0.002924	0.0	0.0	0.0	0.0	0.0	0.0	0.0	0.0	0.0	
Eastern Kingbird	0.0	0.0	0.0	0.0	0.0	0.0	0.0	0.0	0.0	0.0	0.0	0.0	0.0	0.0	0.0	0.0142012	0.0596859	0.2159091	0.1837238	0.1348684	0.1184669	0.1244019	0.1283784	0.1395349	0.1085271	0.1372549	0.0707965	0.1170213	0.1569767	0.1629213	0.0596026	0.0863309	0.0034965	0.0024814	0.0024096	0.0055046	0.00369	0.0	0.0	0.0	0.0	0.0	0.0	0.0	0.0	0.0	0.0	0.0	
flycatcher sp. (Tyrannidae sp.)	0.0	0.0	0.0	0.0	0.0	0.0	0.0	0.0	0.0	0.0	0.0	0.0	0.0	0.0016639	0.0	0.0	0.0	0.0	0.0036991	0.0049342	0.0	0.0	0.0	0.0	0.0	0.0	0.0	0.0	0.0	0.0	0.0	0.0071942	0.0174825	0.0099256	0.0048193	0.0036697	0.0055351	0.0	0.0	0.0019881	0.0	0.0	0.0	0.0	0.0	0.0	0.0	0.0	
White-eyed Vireo	0.0	0.0	0.0	0.0	0.0	0.0	0.0	0.0	0.0	0.0	0.0	0.0	0.0	0.0	0.0039448	0.0272189	0.0450262	0.0340909	0.0024661	0.0	0.0	0.0	0.0	0.0	0.0	0.0	0.0	0.0	0.0	0.0	0.0	0.0	0.0	0.0099256	0.0	0.0	0.001845	0.0025641	0.0	0.0	0.0	0.0	0.0	0.0	0.0	0.0	0.0	0.0	
Yellow-throated Vireo	0.0	0.0	0.0	0.0	0.0	0.0	0.0	0.0	0.0	0.0	0.0	0.0	0.0	0.0	0.0039448	0.008284	0.121466	0.0809659	0.0665845	0.0082237	0.0	0.0	0.0	0.0	0.0	0.0	0.0	0.0	0.0	0.0	0.0	0.0	0.0034965	0.0	0.0048193	0.0036697	0.001845	0.0	0.0	0.0	0.0	0.0	0.0	0.0	0.0	0.0	0.0	0.0	
Blue-headed Vireo	0.0	0.0	0.0	0.0	0.0	0.0	0.0	0.0	0.0	0.0	0.0	0.0	0.0	0.0199667	0.0749507	0.216568	0.3643979	0.1974432	0.0974106	0.0115132	0.0	0.0	0.0	0.0	0.0	0.0	0.0	0.0	0.0	0.0	0.0	0.0	0.0	0.0024814	0.0240964	0.0366972	0.1199262	0.1641026	0.119883	0.0755467	0.0246154	0.0043478	0.0040161	0.0	0.0	0.0	0.0	0.0	
Philadelphia Vireo	0.0	0.0	0.0	0.0	0.0	0.0	0.0	0.0	0.0	0.0	0.0	0.0	0.0	0.0	0.0	0.0	0.0	0.0	0.0024661	0.0	0.0	0.0	0.0	0.0	0.0	0.0	0.0	0.0	0.0	0.005618	0.0	0.0035971	0.0	0.0024814	0.0	0.0015	0.001845	0.0	0.0	0.0	0.0	0.0	0.0	0.0	0.0	0.0	0.0	0.0	
Warbling Vireo	0.0	0.0	0.0	0.0	0.0	0.0	0.0	0.0	0.0	0.0	0.0	0.0	0.0	0.0	0.0	0.0923077	0.3319372	0.296875	0.3341554	0.3667763	0.28223	0.2009569	0.2162162	0.1744186	0.1317829	0.0718954	0.079646	0.0797872	0.0872093	0.0617978	0.0927152	0.1007194	0.0734266	0.1166253	0.0385542	0.0073394	0.001845	0.0025641	0.0	0.0	0.0	0.0	0.0	0.0	0.0	0.0	0.0	0.0	
Philadelphia/Warbling Vireo	0.0	0.0	0.0	0.0	0.0	0.0	0.0	0.0	0.0	0.0	0.0	0.0	0.0	0.0	0.0	0.0	0.0010471	0.0014205	0.0024661	0.0	0.0	0.0	0.0	0.0	0.0	0.0	0.0	0.0	0.0	0.0	0.0	0.0	0.0	0.0024814	0.0048193	0.0036697	0.0	0.0	0.0	0.0	0.0	0.0	0.0	0.0	0.0	0.0	0.0	0.0	
Red-eyed Vireo	0.0	0.0	0.0	0.0	0.0	0.0	0.0	0.0	0.0	0.0	0.0	0.0	0.0	0.0	0.0	0.0011834	0.1623037	0.1974432	0.2059186	0.2384868	0.1045296	0.0287081	0.0405405	0.005814	0.0	0.0065359	0.0	0.0106383	0.0174419	0.0280899	0.0264901	0.1007194	0.2692308	0.2630273	0.2554217	0.2715596	0.1273063	0.0487179	0.0263158	0.0	0.0061538	0.0	0.0	0.0	0.0	0.0	0.0	0.0	
vireo sp.	0.0	0.0	0.0	0.0	0.0	0.0	0.0	0.0	0.0	0.0	0.0	0.0	0.0	0.0	0.0	0.0011834	0.0010471	0.0028409	0.0	0.0	0.0	0.0	0.0	0.0	0.0	0.0	0.0	0.0	0.0	0.0	0.0	0.0	0.0	0.0024814	0.0	0.0	0.0	0.0	0.0	0.0	0.0	0.0	0.0	0.0	0.0	0.0	0.0	0.0	
Blue Jay	0.6346154	0.6148867	0.5635739	0.6320225	0.620339	0.5067873	0.5677419	0.6171429	0.6205128	0.5971731	0.5322034	0.6622296	0.6949153	0.7138103	0.6686391	0.747929	0.7267016	0.6590909	0.6547472	0.6003289	0.4808362	0.3301435	0.5135135	0.4302326	0.4186047	0.3594771	0.4070796	0.4893617	0.5755814	0.6011236	0.6291391	0.6294964	0.6328671	0.6674938	0.6795181	0.6422018	0.6162362	0.6205128	0.5935673	0.5586481	0.5938462	0.6173913	0.5542169	0.5625	0.502439	0.3701657	0.5226131	0.5823293	
American Crow	0.1452991	0.1585761	0.1237113	0.1067416	0.1220339	0.1402715	0.1258065	0.1542857	0.1589744	0.1378092	0.0949153	0.1364393	0.1113801	0.1131448	0.0453649	0.0757396	0.0753927	0.0667614	0.053021	0.0493421	0.0592334	0.0909091	0.0810811	0.0930233	0.0465116	0.0392157	0.0442478	0.0744681	0.0581395	0.0730337	0.1125828	0.0719424	0.0629371	0.0719603	0.0746988	0.1045872	0.1254613	0.1410256	0.1403509	0.1630219	0.1876923	0.1304348	0.1365462	0.1210938	0.1170732	0.1381215	0.1356784	0.1566265	
Fish Crow	0.0064103	0.0032362	0.0068729	0.005618	0.0169492	0.0	0.0	0.0	0.0153846	0.0070671	0.0067797	0.0199667	0.0217918	0.0249584	0.0138067	0.0189349	0.0481675	0.0284091	0.0382244	0.0279605	0.0522648	0.0334928	0.0337838	0.1162791	0.0775194	0.1372549	0.0707965	0.0478723	0.0581395	0.0505618	0.0397351	0.0143885	0.0034965	0.0024814	0.0015	0.0	0.0	0.0051282	0.005848	0.0039761	0.0	0.0043478	0.0	0.0	0.004878	0.0055249	0.0251256	0.0160643	
American/Fish Crow	0.0	0.0	0.0	0.0	0.0	0.0	0.0	0.0	0.0	0.0	0.0	0.0	0.0	0.0	0.0	0.0	0.0	0.0	0.0	0.0	0.0	0.0015	0.0	0.0	0.0	0.0	0.0	0.0	0.0	0.0	0.0	0.0	0.0	0.0	0.0	0.0	0.0	0.0	0.0	0.0	0.0	0.0	0.0	0.0	0.0	0.0	0.0	0.0	
crow sp.	0.008547	0.0032362	0.0068729	0.0	0.0067797	0.0045249	0.0032258	0.0	0.0051282	0.0035336	0.0	0.0116473	0.0169492	0.0083195	0.0118343	0.0094675	0.0157068	0.0099432	0.0123305	0.0148026	0.0209059	0.0095694	0.0135135	0.005814	0.0232558	0.0196078	0.0088496	0.0053191	0.0116279	0.0168539	0.0066225	0.0035971	0.0034965	0.0024814	0.0024096	0.0055046	0.0073801	0.0051282	0.0087719	0.0079523	0.0030769	0.0043478	0.0040161	0.0039063	0.004878	0.0055249	0.0150754	0.0080321	
Common Raven	0.008547	0.0032362	0.0206186	0.0140449	0.0015	0.0015	0.0032258	0.0057143	0.0102564	0.0035336	0.0033898	0.0066556	0.0169492	0.0049917	0.0197239	0.0071006	0.0115183	0.0071023	0.0061652	0.0032895	0.0069686	0.0	0.0	0.0116279	0.0155039	0.0	0.0	0.0015	0.0	0.0168539	0.013245	0.0035971	0.0104895	0.0173697	0.0168675	0.0091743	0.0276753	0.0205128	0.005848	0.0258449	0.0123077	0.0130435	0.0080321	0.0273438	0.0097561	0.0110497	0.0251256	0.0200803	
crow/raven sp.	0.0	0.0	0.0	0.0	0.0	0.0	0.0	0.0	0.0	0.0	0.0	0.0	0.0	0.0	0.0	0.0	0.0	0.0	0.0	0.0	0.0	0.0095694	0.0	0.0	0.0	0.0	0.0	0.0	0.0	0.0	0.0	0.0	0.0	0.0	0.0	0.0	0.0	0.0	0.0	0.0	0.0	0.0	0.0	0.0	0.0	0.0	0.0	0.0	
Black-capped Chickadee	0.2799145	0.236246	0.2199313	0.25	0.2508475	0.2217195	0.2806452	0.2685714	0.2871795	0.2720848	0.2745763	0.3011647	0.3510896	0.1813644	0.1301775	0.0295858	0.026178	0.015625	0.0135635	0.0049342	0.010453	0.0	0.0067568	0.0	0.0	0.0065359	0.0	0.0106383	0.0174419	0.0168539	0.0	0.0071942	0.0	0.0049628	0.0015	0.0036697	0.0055351	0.0051282	0.0087719	0.0059642	0.0153846	0.0086957	0.0160643	0.0117188	0.004878	0.0165746	0.0	0.0120482	
Tufted Titmouse	0.5811966	0.5242718	0.5154639	0.508427	0.4745763	0.438914	0.4612903	0.48	0.4615385	0.4381625	0.4508475	0.4858569	0.5714286	0.5008319	0.3885602	0.2390533	0.1413613	0.0198864	0.0209618	0.0493421	0.0766551	0.0047847	0.0	0.0116279	0.0	0.0	0.0088496	0.0053191	0.0232558	0.011236	0.0	0.0071942	0.0034965	0.0124069	0.0072289	0.0036697	0.001845	0.0128205	0.0	0.0	0.0030769	0.026087	0.0080321	0.0039063	0.0	0.0110497	0.0251256	0.0200803	
Horned Lark	0.0	0.0	0.0	0.0	0.0	0.0	0.0	0.0	0.0	0.0	0.0	0.0	0.0	0.0	0.0	0.0023669	0.0	0.0	0.0	0.0	0.0	0.0	0.0	0.0	0.0	0.0	0.0	0.0	0.0	0.0	0.0	0.0	0.0	0.0	0.0	0.0	0.0	0.0025641	0.0	0.0	0.0030769	0.0043478	0.0	0.0	0.0	0.0	0.0	0.0	
Northern Rough-winged Swallow	0.0	0.0	0.0	0.0	0.0	0.0	0.0	0.0	0.0	0.0	0.0	0.0	0.0	0.0083195	0.0138067	0.0177515	0.034555	0.0227273	0.0172626	0.0328947	0.0243902	0.0334928	0.0472973	0.0639535	0.0155039	0.0196078	0.0088496	0.0159574	0.005814	0.005618	0.0	0.0035971	0.0	0.0	0.0	0.0	0.0	0.0	0.0	0.0	0.0	0.0	0.0	0.0	0.0	0.0	0.0	0.0	
Purple Martin	0.0	0.0	0.0	0.0	0.0	0.0	0.0	0.0	0.0	0.0	0.0	0.0	0.0	0.0	0.0	0.0015	0.0	0.0	0.0	0.0015	0.0	0.0	0.0	0.005814	0.0	0.0	0.0	0.0	0.0	0.0	0.0	0.0	0.0	0.0	0.0	0.0	0.0	0.0	0.0	0.0	0.0	0.0	0.0	0.0	0.0	0.0	0.0	0.0	
Tree Swallow	0.0	0.0	0.0	0.0	0.0	0.0	0.0	0.0	0.0	0.0	0.0	0.0049917	0.0024213	0.0133111	0.0118343	0.0118343	0.0293194	0.0284091	0.0431566	0.0542763	0.0418118	0.1052632	0.1148649	0.1104651	0.0542636	0.0392157	0.0353982	0.0053191	0.0290698	0.0280899	0.0198675	0.0143885	0.0	0.0049628	0.0	0.0	0.001845	0.0	0.0116959	0.0	0.0	0.0	0.0	0.0	0.0	0.0	0.0	0.0	
Bank Swallow	0.0	0.0	0.0	0.0	0.0	0.0	0.0	0.0	0.0	0.0	0.0	0.0	0.0	0.0	0.0	0.0011834	0.0	0.0	0.0	0.0	0.0	0.0	0.0	0.0	0.0	0.0	0.0	0.0	0.0	0.0	0.0	0.0035971	0.0	0.0	0.0	0.0	0.0	0.0	0.0	0.0	0.0	0.0	0.0	0.0	0.0	0.0	0.0	0.0	
Barn Swallow	0.0	0.0	0.0	0.0	0.0	0.0	0.0	0.0	0.0	0.0	0.0	0.0	0.0	0.0083195	0.0236686	0.0319527	0.0732984	0.1193182	0.1048089	0.1266447	0.1777003	0.1052632	0.2027027	0.255814	0.1705426	0.2352941	0.3185841	0.1595745	0.2093023	0.3089888	0.1655629	0.1115108	0.020979	0.0049628	0.0024096	0.0036697	0.001845	0.0025641	0.0	0.0	0.0	0.0	0.0	0.0	0.0	0.0	0.0	0.0	
Cliff Swallow	0.0	0.0	0.0	0.0	0.0	0.0	0.0	0.0	0.0	0.0	0.0	0.0	0.0	0.0	0.0	0.0	0.0010471	0.0	0.0	0.0	0.0	0.0	0.0	0.0	0.0	0.0	0.0	0.0	0.0	0.0	0.0	0.0	0.0	0.0	0.0	0.0	0.0	0.0	0.0	0.0	0.0	0.0	0.0	0.0	0.0	0.0	0.0	0.0	
swallow sp.	0.0	0.0	0.0	0.0	0.0	0.0	0.0	0.0	0.0	0.0	0.0	0.0	0.0	0.0033278	0.0059172	0.008284	0.008377	0.0028409	0.0061652	0.0082237	0.010453	0.0095694	0.0202703	0.005814	0.0077519	0.0	0.0176991	0.0	0.0116279	0.005618	0.0066225	0.0143885	0.006993	0.0024814	0.0024096	0.0	0.001845	0.0	0.002924	0.0	0.0	0.0	0.0	0.0	0.0	0.0	0.0	0.0	
Ruby-crowned Kinglet	0.0021368	0.0	0.0137457	0.0168539	0.0033898	0.0	0.0032258	0.0	0.0	0.0035336	0.0033898	0.0016639	0.0871671	0.3410982	0.3648915	0.3928994	0.4879581	0.0752841	0.0147965	0.0032895	0.0034843	0.0	0.0	0.0	0.0	0.0	0.0	0.0	0.0	0.0	0.0	0.0	0.0	0.0	0.0144578	0.0954128	0.1568266	0.3282051	0.4766082	0.554672	0.3384615	0.2043478	0.0843373	0.0546875	0.0243902	0.0220994	0.0552764	0.0160643	
Golden-crowned Kinglet	0.0	0.0	0.0034364	0.0	0.0	0.0045249	0.0	0.0057143	0.0	0.0	0.0101695	0.0881864	0.125908	0.2312812	0.025641	0.0059172	0.0020942	0.0	0.0	0.0	0.0	0.0	0.0	0.0	0.0	0.0	0.0	0.0	0.0	0.0	0.0	0.0	0.0	0.0	0.0	0.0036697	0.0332103	0.0564103	0.1783626	0.1968191	0.1261538	0.1130435	0.0722892	0.03125	0.0195122	0.0110497	0.0100503	0.0040161	
Ruby-crowned/Golden-crowned Kinglet	0.0	0.0	0.0	0.0	0.0	0.0	0.0	0.0	0.0	0.0	0.0	0.0	0.0	0.0	0.0	0.0	0.0	0.0	0.0	0.0	0.0	0.0	0.0	0.0	0.0	0.0	0.0	0.0	0.0	0.0	0.0	0.0	0.0	0.0	0.0	0.0	0.0	0.0	0.0	0.0019881	0.0	0.0043478	0.0040161	0.0	0.0	0.0	0.0	0.0	
Red-breasted Nuthatch	0.0384615	0.0064725	0.0137457	0.0308989	0.0576271	0.0316742	0.0354839	0.0285714	0.0461538	0.0353357	0.0372881	0.0249584	0.0460048	0.046589	0.0552268	0.1029586	0.1602094	0.0923295	0.0394575	0.0032895	0.0	0.0	0.0	0.005814	0.0	0.0	0.0	0.0	0.0	0.0	0.0	0.0	0.0	0.0	0.0	0.0	0.001845	0.0076923	0.0	0.0019881	0.0	0.0043478	0.0	0.0	0.0	0.0	0.0	0.0	
White-breasted Nuthatch	0.3888889	0.3398058	0.3161512	0.2977528	0.2949153	0.2986425	0.3258065	0.3371429	0.3794872	0.3639576	0.3050847	0.3494176	0.4188862	0.3178037	0.2071006	0.1431953	0.1204188	0.0752841	0.0579531	0.0263158	0.0139373	0.0	0.0067568	0.0465116	0.0542636	0.0522876	0.0176991	0.0159574	0.0116279	0.0449438	0.0397351	0.0179856	0.0244755	0.0421836	0.0337349	0.0366972	0.0184502	0.025641	0.0321637	0.0178926	0.0307692	0.0565217	0.0562249	0.0898438	0.0829268	0.038674	0.0954774	0.0923695	
Brown Creeper	0.0534188	0.012945	0.0171821	0.011236	0.0067797	0.0090498	0.0032258	0.0228571	0.0102564	0.0106007	0.0135593	0.0748752	0.1743341	0.2562396	0.2800789	0.0733728	0.0167539	0.0	0.001233	0.0	0.0	0.0	0.0	0.0	0.0	0.0	0.0	0.0	0.0	0.0	0.0	0.0	0.0	0.0	0.0024096	0.0055046	0.0295203	0.0410256	0.0438596	0.055666	0.0492308	0.0217391	0.0120482	0.0507813	0.0536585	0.0110497	0.080402	0.0160643	
Blue-gray Gnatcatcher	0.0	0.0	0.0	0.0	0.0	0.0	0.0	0.0	0.0	0.0	0.0	0.0033278	0.0169492	0.093178	0.1715976	0.216568	0.1874346	0.0525568	0.0234279	0.0082237	0.0	0.0	0.0	0.0	0.0	0.0	0.0	0.0	0.0116279	0.0730337	0.0662252	0.1294964	0.0594406	0.0372208	0.026506	0.0055046	0.001845	0.0	0.0	0.0	0.0	0.0	0.0	0.0	0.0	0.0	0.0	0.0	
House Wren	0.0	0.0	0.0	0.0	0.0	0.0	0.0	0.0	0.0	0.0	0.0	0.0	0.0015	0.0133111	0.025641	0.0781065	0.1413613	0.0724432	0.0579531	0.0592105	0.0348432	0.0095694	0.0135135	0.0174419	0.0077519	0.0261438	0.0	0.0319149	0.0290698	0.0224719	0.013245	0.028777	0.0804196	0.1116625	0.1590361	0.1577982	0.1531365	0.1589744	0.0584795	0.0298211	0.0123077	0.0	0.0	0.0	0.0	0.0	0.0	0.0	
Winter Wren	0.0149573	0.012945	0.0171821	0.0224719	0.0033898	0.0090498	0.0064516	0.0	0.0153846	0.0212014	0.020339	0.0648918	0.0556901	0.0831947	0.0433925	0.0213018	0.0146597	0.0014205	0.0	0.0	0.0	0.0	0.0	0.0	0.0	0.0	0.0	0.0	0.0	0.0	0.0	0.0	0.0	0.0024814	0.0096386	0.0954128	0.1642066	0.2153846	0.1725146	0.1709742	0.1107692	0.0913043	0.0522088	0.0234375	0.0	0.0	0.0150754	0.0120482	
Marsh Wren	0.0	0.0	0.0	0.0	0.0	0.0	0.0	0.0	0.0	0.0	0.0	0.0	0.0	0.0	0.0118343	0.0	0.0010471	0.0014205	0.0	0.0	0.0	0.0	0.0067568	0.0	0.0	0.0	0.0	0.0	0.0	0.0	0.0	0.0	0.0	0.0074442	0.0	0.0055046	0.0184502	0.0	0.0087719	0.0019881	0.0	0.0	0.0	0.0	0.0	0.0	0.0	0.0	
Carolina Wren	0.0405983	0.0517799	0.0343643	0.0337079	0.0237288	0.0497738	0.0516129	0.0342857	0.0358974	0.0459364	0.0271186	0.0232945	0.0411622	0.0332779	0.0335306	0.0402367	0.0397906	0.0355114	0.0320592	0.0427632	0.0313589	0.0191388	0.027027	0.0406977	0.0542636	0.0849673	0.0530973	0.0425532	0.122093	0.1573034	0.1059603	0.1258993	0.1328671	0.1861042	0.1325301	0.1577982	0.0848708	0.1410256	0.0847953	0.1033797	0.0984615	0.1043478	0.060241	0.0859375	0.0829268	0.0497238	0.0753769	0.064257	
wren sp.	0.0	0.0	0.0	0.0	0.0	0.0	0.0	0.0	0.0	0.0	0.0	0.0	0.0	0.0	0.0	0.0	0.0	0.0014205	0.0	0.0	0.0	0.0	0.0	0.0	0.0	0.0	0.0	0.0	0.0	0.0	0.0	0.0	0.0	0.0024814	0.0	0.0	0.0	0.0	0.0	0.0	0.0	0.0	0.0	0.0	0.0	0.0	0.0	0.0	
European Starling	0.3995726	0.394822	0.4226804	0.3792135	0.4711864	0.3574661	0.416129	0.4514286	0.4410256	0.4699647	0.5084746	0.6206323	0.7070218	0.7637271	0.739645	0.7360947	0.7895288	0.7869318	0.7595561	0.8026316	0.7421603	0.7129187	0.777027	0.7790698	0.751938	0.6339869	0.6548673	0.6648936	0.7034884	0.6741573	0.6423841	0.6151079	0.6538462	0.5980149	0.5638554	0.612844	0.5793358	0.5230769	0.5935673	0.5685885	0.4676923	0.5304348	0.4176707	0.453125	0.4243902	0.5082873	0.4924623	0.5180723	
Gray Catbird	0.0576923	0.0744337	0.04811	0.0252809	0.020339	0.0271493	0.016129	0.0171429	0.0102564	0.0424028	0.0440678	0.014975	0.0096852	0.0166389	0.0197239	0.3609467	0.7926702	0.7926136	0.7262639	0.6513158	0.5888502	0.3971292	0.4662162	0.3837209	0.3023256	0.2941176	0.3185841	0.4202128	0.4709302	0.5224719	0.5430464	0.5431655	0.6048951	0.6079404	0.6433735	0.6220183	0.6420664	0.574359	0.4853801	0.3300199	0.2123077	0.1434783	0.1445783	0.1132813	0.1268293	0.121547	0.080402	0.0441767	
Brown Thrasher	0.008547	0.0097087	0.0103093	0.0140449	0.0	0.0180995	0.0064516	0.0057143	0.0205128	0.0176678	0.0237288	0.0216306	0.0484262	0.0715474	0.0276134	0.0449704	0.034555	0.0042614	0.0073983	0.0032895	0.0	0.0	0.0	0.0	0.0	0.0065359	0.0015	0.0	0.0	0.0	0.0	0.0	0.0	0.0347395	0.1349398	0.2844037	0.2398524	0.1666667	0.0584795	0.0695825	0.0430769	0.0217391	0.0160643	0.015625	0.004878	0.0	0.0100503	0.0040161	
Northern Mockingbird	0.1282051	0.1035599	0.0996564	0.0870787	0.1118644	0.1628959	0.1129032	0.0742857	0.1128205	0.1201413	0.1186441	0.1148087	0.1307506	0.1031614	0.1045365	0.1147929	0.104712	0.0852273	0.108508	0.0789474	0.1184669	0.1339713	0.1689189	0.2151163	0.1705426	0.2026144	0.2123894	0.2021277	0.3081395	0.247191	0.2317881	0.205036	0.1993007	0.1414392	0.1012048	0.1779817	0.204797	0.2333333	0.1959064	0.2067594	0.1569231	0.1869565	0.1445783	0.1523438	0.1609756	0.1270718	0.1457286	0.2088353	
Eastern Bluebird	0.0015	0.0	0.0	0.0	0.0	0.0	0.0	0.0	0.0	0.0	0.0	0.0	0.0	0.0	0.0	0.0015	0.0	0.0	0.0	0.0	0.0	0.0	0.0	0.0	0.0	0.0	0.0	0.0	0.0	0.0	0.0	0.0	0.0	0.0	0.0	0.0	0.0	0.0	0.0015	0.0	0.0030769	0.0173913	0.0722892	0.0039063	0.004878	0.0110497	0.0	0.0	
Veery	0.0	0.0	0.0	0.0	0.0	0.0	0.0	0.0	0.0	0.0	0.0	0.0	0.0	0.0	0.0019724	0.0390533	0.391623	0.3053977	0.2342787	0.03125	0.0139373	0.0047847	0.0	0.0	0.0	0.0	0.0	0.0053191	0.0	0.0	0.013245	0.0395683	0.3111888	0.2605459	0.1325301	0.0678899	0.0276753	0.0076923	0.0204678	0.0019881	0.0092308	0.0130435	0.0040161	0.0	0.0146341	0.0	0.0015	0.0	
Gray-cheeked Thrush	0.0	0.0	0.0	0.0	0.0	0.0	0.0	0.0	0.0	0.0	0.0	0.0	0.0	0.0	0.0	0.0	0.0073298	0.0227273	0.1011097	0.1217105	0.0	0.0	0.0	0.0	0.0	0.0	0.0	0.0	0.0	0.0	0.0	0.0	0.0034965	0.0024814	0.0	0.0348624	0.0110701	0.0051282	0.0087719	0.0019881	0.0	0.0	0.0	0.0	0.0	0.0	0.0	0.0	
Bicknell's Thrush	0.0	0.0	0.0	0.0	0.0	0.0	0.0	0.0	0.0	0.0	0.0	0.0	0.0	0.0	0.0	0.0	0.0	0.0	0.0	0.0197368	0.0	0.0	0.0	0.0	0.0	0.0	0.0	0.0	0.0	0.0	0.0	0.0	0.0	0.0	0.0	0.0	0.0	0.0	0.0	0.0	0.0	0.0	0.0	0.0	0.0	0.0	0.0	0.0	
Gray-cheeked/Bicknell's Thrush	0.0	0.0	0.0	0.0	0.0	0.0	0.0	0.0	0.0	0.0	0.0	0.0	0.0	0.0	0.0	0.0	0.0	0.0	0.0036991	0.0065789	0.0	0.0	0.0	0.0	0.0	0.0	0.0	0.0	0.0	0.0	0.0	0.0	0.0	0.0	0.0024096	0.0018349	0.001845	0.0	0.0	0.0	0.0	0.0	0.0	0.0	0.0	0.0	0.0	0.0	
Swainson's Thrush	0.0	0.0	0.0	0.0	0.0	0.0	0.0	0.0	0.0	0.0	0.0	0.0	0.0	0.0	0.0	0.0023669	0.2439791	0.375	0.4192355	0.3042763	0.0383275	0.0	0.0	0.0	0.0	0.0	0.0	0.0	0.0	0.0	0.0066225	0.0071942	0.0524476	0.0794045	0.1783133	0.2642202	0.1549815	0.1512821	0.0526316	0.0119284	0.0061538	0.0	0.0	0.0	0.0	0.0	0.0	0.0	
Hermit Thrush	0.034188	0.0323625	0.0378007	0.0308989	0.0271186	0.0135747	0.0225806	0.0342857	0.0205128	0.0176678	0.0135593	0.0449251	0.1234867	0.4808652	0.3175542	0.4319527	0.4691099	0.1292614	0.0517879	0.0016447	0.0	0.0	0.0	0.0	0.0	0.0	0.0	0.0	0.0	0.0	0.0	0.0	0.0104895	0.0024814	0.0024096	0.0055046	0.0701107	0.3487179	0.4152047	0.554672	0.4184615	0.3565217	0.3172691	0.171875	0.1512195	0.0552486	0.0904523	0.0120482	
Catharus sp.	0.0	0.0	0.0	0.0	0.0	0.0	0.0	0.0	0.0	0.0	0.0	0.0	0.0024213	0.0	0.0	0.0035503	0.0073298	0.0198864	0.0295931	0.0197368	0.0	0.0	0.0	0.0	0.0	0.0	0.0	0.0	0.0	0.0	0.0	0.0	0.006993	0.0074442	0.0072289	0.0201835	0.0073801	0.0153846	0.0087719	0.0059642	0.0	0.0	0.0	0.0	0.0	0.0	0.0	0.0	
Wood Thrush	0.0	0.0	0.0	0.0	0.0	0.0	0.0	0.0	0.0	0.0	0.0	0.0	0.0	0.0016639	0.0216963	0.1005917	0.3801047	0.2613636	0.2638718	0.2434211	0.2473868	0.1004785	0.1554054	0.0581395	0.0465116	0.0392157	0.0442478	0.0425532	0.0406977	0.0449438	0.0331126	0.0107914	0.0384615	0.0818859	0.053012	0.1119266	0.0738007	0.0589744	0.0438596	0.0159046	0.0184615	0.0086957	0.0321285	0.0078125	0.0195122	0.0110497	0.0	0.0	
American Robin	0.3568376	0.3495146	0.2749141	0.2752809	0.2847458	0.2760181	0.2741935	0.2628571	0.3384615	0.4416961	0.6101695	0.7454243	0.8135593	0.8336106	0.816568	0.8201183	0.8136126	0.7926136	0.8224414	0.8305921	0.7003484	0.6842105	0.7297297	0.6860465	0.7209302	0.6928105	0.6637168	0.7234043	0.6569767	0.6179775	0.6688742	0.6438849	0.7097902	0.7047146	0.7180723	0.6825688	0.6217712	0.6230769	0.5789474	0.5506958	0.4738462	0.4956522	0.5100402	0.3984375	0.2926829	0.2596685	0.281407	0.2971888	
thrush sp.	0.0	0.0	0.0	0.0	0.0	0.0	0.0	0.0	0.0	0.0	0.0	0.0	0.0	0.0	0.0	0.0	0.0	0.0	0.0	0.0015	0.0	0.0	0.0	0.0	0.0	0.0	0.0	0.0	0.0	0.0	0.0	0.0	0.0	0.0	0.0024096	0.0	0.0	0.0	0.0	0.0	0.0	0.0	0.0	0.0	0.0	0.0	0.0	0.0	
Cedar Waxwing	0.0064103	0.0032362	0.0034364	0.0	0.0033898	0.0	0.0	0.0	0.0051282	0.0	0.0	0.0015	0.0	0.0015	0.0	0.0	0.0073298	0.0340909	0.3267571	0.4769737	0.3728223	0.2822967	0.2837838	0.2383721	0.124031	0.124183	0.1150442	0.0851064	0.0639535	0.1067416	0.0596026	0.0755396	0.1363636	0.1215881	0.1349398	0.1357798	0.0627306	0.0564103	0.0555556	0.0218688	0.0246154	0.0217391	0.0481928	0.0546875	0.0	0.0055249	0.0050251	0.0	
House Sparrow	0.6517094	0.7443366	0.6872852	0.6516854	0.7355932	0.6877828	0.6677419	0.76	0.7794872	0.8021201	0.7694915	0.7787022	0.7990315	0.8069884	0.8086785	0.835503	0.8565445	0.8465909	0.8483354	0.8618421	0.8815331	0.861244	0.9121622	0.8662791	0.8372093	0.8169935	0.920354	0.9308511	0.872093	0.9325843	0.794702	0.7841727	0.7727273	0.7444169	0.7542169	0.7376147	0.7103321	0.7871795	0.7660819	0.8091451	0.7353846	0.7652174	0.746988	0.7265625	0.7756098	0.7237569	0.7537688	0.6666667	
American Pipit	0.0	0.0	0.0	0.0	0.0	0.0	0.0	0.0	0.0	0.0	0.0	0.0	0.0	0.0	0.0	0.0	0.0	0.0	0.0	0.0	0.0	0.0	0.0	0.0	0.0	0.0	0.0	0.0	0.0	0.0	0.0	0.0	0.0	0.0	0.0	0.0	0.0	0.0025641	0.0	0.0	0.0030769	0.0086957	0.0040161	0.0	0.0	0.0015	0.0	0.0	
Evening Grosbeak	0.0769231	0.0485437	0.0206186	0.0561798	0.0610169	0.0135747	0.0387097	0.0342857	0.0102564	0.0	0.0015	0.0116473	0.0024213	0.0	0.0	0.0	0.0	0.0340909	0.001233	0.0	0.0	0.0	0.0	0.0	0.0	0.0	0.0	0.0	0.0	0.0	0.0	0.0	0.0	0.0	0.0	0.0	0.0	0.0	0.0	0.0	0.0	0.0	0.0	0.0	0.0	0.0	0.0	0.0	
House Finch	0.1709402	0.1035599	0.1030928	0.0842697	0.0779661	0.0769231	0.1064516	0.1142857	0.0871795	0.0671378	0.0949153	0.0732113	0.1113801	0.1647255	0.2840237	0.3218935	0.2293194	0.1931818	0.1837238	0.1513158	0.1811847	0.138756	0.1824324	0.1337209	0.1550388	0.0849673	0.0619469	0.1010638	0.0988372	0.1629213	0.1390728	0.1582734	0.1153846	0.1538462	0.1084337	0.1908257	0.1900369	0.1615385	0.1725146	0.1610338	0.1569231	0.1391304	0.124498	0.1757813	0.1609756	0.1104972	0.1859296	0.1606426	
Purple Finch	0.008547	0.0194175	0.0034364	0.011236	0.0	0.0	0.0064516	0.0	0.0	0.0	0.0	0.0	0.0	0.0	0.0015	0.0011834	0.0115183	0.0	0.0098644	0.0016447	0.0	0.0	0.0	0.0	0.0	0.0	0.0	0.0	0.0	0.0	0.0	0.0	0.0	0.0049628	0.0024096	0.0036697	0.0015	0.0102564	0.005848	0.0	0.0092308	0.0086957	0.0	0.0039063	0.0	0.0	0.0	0.0	
Common Redpoll	0.0	0.0	0.0103093	0.0	0.0	0.0	0.0	0.0	0.0	0.0	0.0	0.0	0.0	0.0	0.0	0.0	0.0	0.0	0.0	0.0	0.0	0.0	0.0	0.0	0.0	0.0	0.0	0.0	0.0	0.0	0.0	0.0	0.0	0.0	0.0	0.0	0.0	0.0	0.0	0.0	0.0	0.0	0.0	0.0	0.0	0.0	0.0	0.0	
European Goldfinch	0.0	0.0	0.0	0.0	0.0	0.0	0.0	0.0	0.0	0.0	0.0	0.0	0.0	0.0	0.0	0.0	0.0	0.0	0.0	0.0	0.0	0.0	0.0	0.0	0.0	0.0	0.0	0.0	0.0	0.0	0.0	0.0	0.0	0.0	0.0	0.0	0.0	0.0	0.0	0.0019881	0.0	0.0	0.0	0.0	0.0	0.0	0.0	0.0	
Pine Siskin	0.0	0.0	0.0	0.0	0.0	0.0	0.0	0.0	0.0	0.0	0.0	0.0	0.0	0.0	0.0	0.0	0.0502618	0.0056818	0.0024661	0.0049342	0.0	0.0	0.0	0.0	0.0	0.0	0.0	0.0	0.0	0.0	0.0	0.0	0.0	0.0	0.0	0.0	0.0	0.0	0.0	0.0	0.0	0.0	0.0	0.0	0.0	0.0	0.0	0.0	
American Goldfinch	0.1816239	0.1747573	0.137457	0.1235955	0.1491525	0.1402715	0.1612903	0.1542857	0.1846154	0.1837456	0.1627119	0.1813644	0.2905569	0.2479201	0.2919132	0.3313609	0.3193717	0.1463068	0.0764488	0.0411184	0.0243902	0.0239234	0.0202703	0.0116279	0.0	0.0326797	0.0619469	0.0691489	0.122093	0.1011236	0.1390728	0.1402878	0.0804196	0.0794045	0.0481928	0.1137615	0.1309963	0.0846154	0.0497076	0.0695825	0.0676923	0.0956522	0.1084337	0.1289063	0.1073171	0.0552486	0.1055276	0.0883534	
finch sp.	0.0	0.0	0.0	0.0	0.0	0.0	0.0	0.0057143	0.0	0.0	0.0	0.0	0.0	0.0	0.0	0.0	0.0	0.0	0.0	0.0	0.0	0.0	0.0	0.0	0.0	0.0	0.0	0.0	0.0	0.0	0.0	0.0	0.0	0.0	0.0	0.0	0.001845	0.0	0.0	0.0	0.0	0.0	0.0	0.0	0.0	0.0	0.0	0.0	
Snow Bunting	0.0	0.0	0.0	0.0	0.0	0.0	0.0	0.0	0.0	0.0035336	0.0	0.0	0.0	0.0	0.0	0.0	0.0	0.0	0.0	0.0	0.0	0.0	0.0	0.0	0.0	0.0	0.0	0.0	0.0	0.0	0.0	0.0	0.0	0.0	0.0	0.0	0.0	0.0	0.0	0.0	0.0	0.0	0.0	0.0039063	0.004878	0.0	0.0	0.0	
Grasshopper Sparrow	0.0	0.0	0.0	0.0	0.0	0.0	0.0	0.0	0.0	0.0	0.0	0.0	0.0	0.0	0.0	0.0	0.0	0.0	0.0	0.0	0.0	0.0	0.0	0.0	0.0	0.0	0.0	0.0	0.0	0.0	0.0	0.0	0.0	0.0	0.0	0.0	0.0	0.0	0.0409357	0.0	0.0	0.0	0.0	0.0	0.0	0.0	0.0	0.0	
Chipping Sparrow	0.0021368	0.0291262	0.0171821	0.0337079	0.0338983	0.0271493	0.0032258	0.0228571	0.0205128	0.0282686	0.0169492	0.0848586	0.2445521	0.3943428	0.4358974	0.4449704	0.408377	0.1008523	0.0431566	0.0246711	0.0139373	0.0095694	0.0135135	0.0	0.0	0.0	0.0	0.0	0.005814	0.0	0.0	0.0035971	0.0034965	0.0173697	0.0048193	0.0201835	0.1476015	0.1948718	0.2339181	0.3220676	0.1538462	0.1652174	0.1164659	0.09375	0.1268293	0.0220994	0.0552764	0.0401606	
Clay-colored Sparrow	0.0	0.0	0.0	0.0	0.0	0.0	0.0	0.0	0.0	0.0	0.0	0.0	0.0	0.0	0.0	0.0	0.0	0.0	0.0	0.0	0.0	0.0	0.0	0.0	0.0	0.0	0.0	0.0	0.0	0.0	0.0	0.0	0.0	0.0	0.0	0.0110092	0.0110701	0.0	0.0	0.0	0.0	0.0	0.0	0.0	0.0	0.0	0.0	0.0	
Field Sparrow	0.0042735	0.0	0.0	0.0	0.0	0.0	0.016129	0.0057143	0.0	0.0106007	0.0	0.0549085	0.0387409	0.1597338	0.1380671	0.0970414	0.0732984	0.0284091	0.0024661	0.0	0.0069686	0.0	0.0	0.0	0.0	0.0	0.0	0.0	0.0	0.0	0.0	0.0	0.0	0.0	0.0048193	0.0036697	0.0110701	0.0666667	0.1549708	0.1749503	0.0861538	0.0521739	0.0281124	0.0	0.0	0.0055249	0.0	0.0	
Spizella sp.	0.0	0.0	0.0	0.0	0.0	0.0	0.0	0.0	0.0	0.0	0.0	0.0	0.0	0.0	0.0	0.0	0.0	0.0	0.0	0.0	0.0	0.0	0.0	0.0	0.0	0.0	0.0	0.0	0.0	0.0	0.0	0.0	0.0	0.0	0.0	0.0	0.0015	0.0	0.0	0.0	0.0	0.0	0.0	0.0039063	0.0	0.0	0.0	0.0	
Lark Sparrow	0.0	0.0	0.0	0.0	0.0	0.0	0.0	0.0	0.0	0.0	0.0	0.0	0.0	0.0	0.0	0.0	0.0	0.0	0.0	0.0	0.0	0.0	0.0	0.0	0.0	0.0	0.0	0.0	0.0	0.0	0.0	0.0	0.0	0.0	0.0	0.0	0.0	0.0	0.0	0.0437376	0.0	0.0	0.0	0.0	0.0	0.0	0.0	0.0	
American Tree Sparrow	0.0042735	0.0	0.0015	0.0	0.0	0.0	0.0	0.0	0.0	0.0	0.0	0.0	0.0	0.0	0.0	0.0	0.0	0.0	0.0	0.0	0.0	0.0	0.0	0.0	0.0	0.0	0.0	0.0	0.0	0.0	0.0	0.0	0.0	0.0	0.0	0.0	0.0	0.0	0.0	0.0	0.0	0.0086957	0.0	0.0	0.0146341	0.0	0.0	0.0	
Spizella sp./American Tree Sparrow	0.0	0.0	0.0	0.0	0.0	0.0	0.0	0.0	0.0	0.0	0.0	0.0	0.0	0.0	0.0	0.0	0.0	0.0	0.0	0.0	0.0	0.0	0.0	0.0	0.0	0.0	0.0	0.0	0.0	0.0	0.0	0.0	0.0	0.0	0.0	0.0	0.0	0.0	0.0	0.0	0.0030769	0.0	0.0	0.0	0.0	0.0	0.0	0.0	
Fox Sparrow	0.0854701	0.0420712	0.0206186	0.0955056	0.0542373	0.0588235	0.0451613	0.08	0.0820513	0.1272085	0.1932203	0.171381	0.1113801	0.1164725	0.0335306	0.0	0.0	0.0	0.0	0.0	0.0	0.0	0.0	0.0	0.0	0.0	0.0	0.0	0.0	0.0	0.0	0.0	0.0	0.0	0.0	0.0	0.00369	0.0	0.0	0.0039761	0.0276923	0.0956522	0.1526104	0.1523438	0.1707317	0.038674	0.080402	0.0441767	
Dark-eyed Junco	0.0790598	0.0841424	0.0584192	0.0955056	0.0576271	0.0859729	0.0741935	0.0628571	0.1179487	0.2261484	0.3186441	0.4009983	0.4479419	0.4708819	0.2287968	0.0508876	0.0167539	0.0028409	0.0	0.0	0.0	0.0	0.0	0.0	0.0	0.0	0.0	0.0	0.0	0.0	0.0	0.0	0.0	0.0	0.0	0.0036697	0.0221402	0.1615385	0.1812865	0.304175	0.2830769	0.3391304	0.4738956	0.3984375	0.302439	0.1657459	0.2311558	0.1807229	
White-crowned Sparrow	0.0	0.0194175	0.0068729	0.008427	0.0	0.0	0.0	0.0	0.0	0.0	0.0	0.0	0.0	0.0	0.0	0.0	0.060733	0.0397727	0.0567201	0.0016447	0.0	0.0	0.0	0.0	0.0	0.0	0.0	0.0	0.0	0.0	0.0	0.0	0.0	0.0	0.0	0.012844	0.0756458	0.0641026	0.0730994	0.0516899	0.0246154	0.0304348	0.0080321	0.0015	0.0146341	0.0165746	0.0	0.0	
White-throated Sparrow	0.6688034	0.6925566	0.6357388	0.6825843	0.6474576	0.6470588	0.5870968	0.6628571	0.6358974	0.6537102	0.6813559	0.6921797	0.7917676	0.7853577	0.8027613	0.7905325	0.8157068	0.5852273	0.404439	0.1447368	0.1777003	0.0430622	0.0608108	0.0290698	0.0077519	0.0130719	0.0176991	0.0053191	0.0174419	0.0280899	0.0	0.0071942	0.0314685	0.057072	0.0506024	0.1559633	0.4132841	0.674359	0.6695906	0.833002	0.7507692	0.8	0.7871486	0.6953125	0.6487805	0.6574586	0.6984925	0.6305221	
Vesper Sparrow	0.0	0.0	0.0	0.0	0.0	0.0	0.0	0.0	0.0	0.0	0.0	0.0	0.0	0.0	0.0	0.0	0.0	0.0	0.0	0.0	0.0	0.0	0.0	0.0	0.0	0.0	0.0	0.0	0.0	0.0	0.0	0.0	0.0	0.0	0.0	0.0	0.0	0.0	0.0015	0.0258449	0.0061538	0.0043478	0.0	0.0	0.0	0.0	0.0	0.0	
Nelson's Sparrow	0.0	0.0	0.0	0.0	0.0	0.0	0.0	0.0	0.0	0.0	0.0	0.0	0.0	0.0	0.0	0.0	0.0	0.0	0.0	0.0	0.0	0.0	0.0	0.0	0.0	0.0	0.0	0.0	0.0	0.0	0.0	0.0	0.0	0.0	0.0	0.0015	0.0092251	0.0205128	0.0175439	0.0	0.0184615	0.0	0.0	0.0	0.0	0.0	0.0	0.0	
Saltmarsh Sparrow	0.0	0.0	0.0	0.0	0.0	0.0	0.0	0.0	0.0	0.0	0.0	0.0	0.0	0.0	0.0	0.0	0.0	0.0	0.0	0.0	0.0	0.0	0.0	0.0	0.0	0.0	0.0	0.0	0.0	0.0	0.0	0.0	0.0	0.0	0.0	0.0	0.0	0.0	0.0146199	0.1192843	0.0061538	0.0	0.0	0.0	0.0	0.0	0.0	0.0	
Nelson's/Saltmarsh Sparrow (Sharp-tailed Sparrow)	0.0	0.0	0.0	0.0	0.0	0.0	0.0	0.0	0.0	0.0	0.0	0.0	0.0	0.0	0.0	0.0	0.0	0.0	0.0	0.0	0.0	0.0	0.0	0.0	0.0	0.0	0.0	0.0	0.0	0.0	0.0	0.0	0.0	0.0	0.0	0.0	0.0015	0.0	0.0	0.0	0.0	0.0	0.0	0.0	0.0	0.0	0.0	0.0	
Savannah Sparrow	0.0	0.0	0.0	0.0	0.0	0.0	0.0	0.0	0.0051282	0.0	0.0033898	0.0	0.0072639	0.046589	0.0315582	0.0177515	0.0670157	0.0028409	0.0049322	0.0	0.0	0.0	0.0	0.0	0.0	0.0	0.0	0.0	0.0	0.0	0.0	0.0	0.0	0.0	0.0	0.0073394	0.0147601	0.0564103	0.0438596	0.0397614	0.0153846	0.0086957	0.0040161	0.0	0.0	0.0	0.0050251	0.0	
Song Sparrow	0.0897436	0.1553398	0.1168385	0.1404494	0.1322034	0.1131222	0.1	0.1085714	0.1589744	0.2014134	0.4779661	0.4975042	0.4552058	0.4575707	0.2978304	0.1798817	0.1696335	0.1235795	0.1159063	0.1036184	0.1149826	0.1196172	0.1013514	0.2151163	0.1472868	0.248366	0.2831858	0.2021277	0.1686047	0.1573034	0.1192053	0.0899281	0.0769231	0.0744417	0.053012	0.1211009	0.2822878	0.5666667	0.497076	0.5924453	0.4830769	0.3608696	0.3493976	0.25	0.1804878	0.1436464	0.2060302	0.1606426	
Lincoln's Sparrow	0.0	0.0	0.0	0.0	0.0	0.0	0.0	0.0	0.0	0.0	0.0	0.0016639	0.0	0.0	0.0019724	0.0	0.0136126	0.0085227	0.0912454	0.0065789	0.0069686	0.0	0.0	0.0	0.0	0.0	0.0	0.0	0.0	0.0	0.0	0.0	0.0	0.0024814	0.0	0.0623853	0.0479705	0.0769231	0.0467836	0.027833	0.0369231	0.0043478	0.0040161	0.0039063	0.0097561	0.0	0.0	0.0	
Swamp Sparrow	0.0405983	0.0485437	0.0206186	0.0140449	0.0101695	0.0226244	0.0064516	0.0171429	0.0102564	0.0176678	0.0305085	0.0881864	0.1815981	0.3161398	0.1617357	0.104142	0.234555	0.0852273	0.0567201	0.0115132	0.0348432	0.0239234	0.0	0.0	0.0	0.0	0.0	0.0	0.0	0.0	0.0	0.0	0.0	0.0024814	0.0	0.053211	0.1402214	0.325641	0.2602339	0.2206759	0.1815385	0.1478261	0.1204819	0.0976563	0.0829268	0.0718232	0.0653266	0.0200803	
Lincoln's/Swamp Sparrow	0.0	0.0	0.0	0.0	0.0	0.0	0.0	0.0	0.0	0.0	0.0	0.0	0.0	0.0	0.0	0.0	0.0	0.0	0.0	0.0	0.0	0.0	0.0	0.0	0.0	0.0	0.0	0.0	0.0	0.0	0.0	0.0	0.0	0.0024814	0.0	0.0	0.001845	0.0	0.002924	0.0	0.0	0.0	0.0	0.0	0.0	0.0	0.0	0.0	
Eastern Towhee	0.034188	0.038835	0.0618557	0.0674157	0.0305085	0.0452489	0.016129	0.0171429	0.0564103	0.0282686	0.0305085	0.046589	0.0774818	0.1763727	0.2465483	0.3053254	0.2910995	0.1107955	0.0431566	0.0098684	0.0069686	0.0191388	0.0	0.0116279	0.0	0.0	0.0	0.0053191	0.0	0.0	0.0066225	0.0	0.013986	0.0049628	0.0	0.040367	0.2398524	0.3487179	0.2865497	0.3121272	0.1569231	0.0913043	0.0883534	0.0625	0.0682927	0.0773481	0.1306533	0.0682731	
sparrow sp.	0.0021368	0.0	0.0068729	0.008427	0.0169492	0.0090498	0.0129032	0.0	0.0051282	0.0035336	0.0067797	0.0049917	0.0072639	0.0066556	0.0059172	0.0035503	0.0031414	0.0042614	0.0024661	0.0032895	0.0034843	0.0	0.0	0.005814	0.0077519	0.0065359	0.0	0.0015	0.005814	0.005618	0.0	0.0	0.0034965	0.0024814	0.0048193	0.0073394	0.0055351	0.0307692	0.0233918	0.0258449	0.0123077	0.0304348	0.0080321	0.0	0.0	0.0110497	0.0050251	0.0200803	
Yellow-breasted Chat	0.0	0.0	0.0	0.0	0.0	0.0	0.0	0.0	0.0	0.0	0.0	0.0	0.0	0.0	0.0	0.0	0.0	0.0	0.0024661	0.0016447	0.0	0.0	0.0	0.0	0.0	0.0	0.0	0.0	0.0	0.0	0.0	0.0035971	0.0384615	0.0024814	0.0	0.0055046	0.0129151	0.0025641	0.005848	0.0	0.0092308	0.0086957	0.0	0.0	0.0	0.0	0.0	0.0	
Bobolink	0.0	0.0	0.0	0.0	0.0	0.0	0.0	0.0	0.0	0.0	0.0	0.0	0.0	0.0	0.0	0.0	0.008377	0.0015	0.001233	0.0	0.0	0.0	0.0	0.0	0.0	0.0	0.0	0.0	0.0	0.0	0.0066225	0.0035971	0.0	0.0049628	0.0015	0.0	0.0	0.0	0.005848	0.0	0.0	0.0	0.0	0.0	0.0	0.0	0.0	0.0	
Eastern Meadowlark	0.0	0.0	0.0	0.0	0.0	0.0	0.0	0.0	0.0	0.0	0.0	0.0	0.0	0.0	0.0	0.0	0.0	0.0	0.0	0.0	0.0	0.0	0.0	0.0	0.0	0.0	0.0	0.0	0.0	0.0	0.0	0.0	0.0	0.0	0.0	0.0	0.0	0.0	0.0	0.0178926	0.0	0.0086957	0.0	0.0	0.0	0.0	0.0	0.0	
Orchard Oriole	0.0	0.0	0.0	0.0	0.0	0.0	0.0	0.0	0.0	0.0	0.0	0.0	0.0	0.0	0.0019724	0.0224852	0.0816754	0.0596591	0.0468557	0.0065789	0.0034843	0.0	0.0135135	0.0174419	0.0	0.0	0.0	0.0	0.0	0.005618	0.0	0.0035971	0.0	0.0	0.0	0.0	0.0	0.0	0.0	0.0	0.0	0.0	0.0	0.0	0.0	0.0	0.0	0.0	
Baltimore Oriole	0.0021368	0.0	0.0034364	0.0	0.0	0.0	0.0	0.0	0.0	0.0	0.0	0.0	0.0	0.0	0.0	0.0497041	0.5172775	0.4275568	0.4747226	0.3898026	0.2334495	0.1722488	0.25	0.1802326	0.0620155	0.0130719	0.0265487	0.0478723	0.0639535	0.1460674	0.1721854	0.176259	0.1783217	0.0794045	0.0120482	0.0183486	0.0147601	0.0051282	0.0	0.0039761	0.0	0.0	0.0	0.0039063	0.0	0.0	0.0	0.0	
Red-winged Blackbird	0.0064103	0.0097087	0.0171821	0.002809	0.0033898	0.040724	0.0516129	0.0857143	0.0923077	0.1837456	0.2610169	0.2995008	0.4164649	0.3627288	0.4161736	0.4840237	0.478534	0.4971591	0.4414303	0.4868421	0.3623693	0.2727273	0.3108108	0.3953488	0.2325581	0.2679739	0.300885	0.2446809	0.2209302	0.1011236	0.0993377	0.0359712	0.027972	0.0124069	0.0024096	0.0018349	0.0073801	0.0179487	0.0584795	0.0616302	0.0338462	0.0782609	0.0682731	0.0625	0.0585366	0.0110497	0.0	0.0120482	
Brown-headed Cowbird	0.0	0.0	0.0	0.0224719	0.0237288	0.0135747	0.0032258	0.0	0.0	0.0	0.020339	0.0515807	0.0823245	0.0981697	0.1459566	0.2213018	0.182199	0.1207386	0.0863132	0.0526316	0.0522648	0.0239234	0.0135135	0.0523256	0.0387597	0.0457516	0.0530973	0.0319149	0.0348837	0.0337079	0.0596026	0.028777	0.0104895	0.0223325	0.0024096	0.0220183	0.0645756	0.0512821	0.0467836	0.0397614	0.0184615	0.0304348	0.0441767	0.0117188	0.0	0.0	0.0050251	0.0	
Rusty Blackbird	0.0	0.0064725	0.0034364	0.0393258	0.0	0.0	0.0015	0.0	0.0051282	0.0176678	0.0305085	0.0083195	0.0072639	0.0	0.0078895	0.0023669	0.0010471	0.0014205	0.0	0.0	0.0	0.0	0.0	0.0	0.0	0.0	0.0	0.0	0.0	0.0	0.0	0.0	0.0	0.0	0.0	0.0	0.0	0.0	0.002924	0.0019881	0.0030769	0.0043478	0.0	0.0117188	0.0439024	0.0276243	0.0201005	0.0	
Common Grackle	0.1944444	0.1553398	0.1786942	0.1853933	0.1898305	0.1493213	0.1516129	0.2114286	0.3025641	0.254417	0.3084746	0.3693844	0.5084746	0.4326123	0.4773176	0.5147929	0.5675393	0.5568182	0.6165228	0.5838816	0.456446	0.4114833	0.4256757	0.4418605	0.4496124	0.3660131	0.3628319	0.3882979	0.3197674	0.3820225	0.3907285	0.3884892	0.3776224	0.369727	0.3228916	0.3853211	0.3450185	0.2666667	0.2748538	0.2425447	0.1723077	0.173913	0.1526104	0.0546875	0.0487805	0.0497238	0.0703518	0.1405622	
Boat-tailed Grackle	0.0	0.0	0.0	0.0	0.0	0.0	0.0	0.0	0.0	0.0	0.0	0.0	0.0	0.0	0.0	0.0	0.0	0.0	0.0	0.0	0.0	0.0	0.0	0.0	0.0	0.0	0.0	0.0	0.0	0.0	0.0	0.0	0.0	0.0	0.0	0.0	0.0	0.0	0.0	0.0	0.0	0.0	0.0	0.0	0.0	0.0	0.0	0.0040161	
blackbird sp.	0.0	0.0	0.0	0.0	0.0	0.0	0.0	0.0	0.0	0.0035336	0.0	0.0	0.0	0.0033278	0.0	0.0011834	0.0010471	0.0028409	0.001233	0.0	0.0034843	0.0	0.0	0.0	0.0	0.0065359	0.0	0.0	0.005814	0.011236	0.0066225	0.0035971	0.0034965	0.0	0.0	0.0	0.0	0.0025641	0.002924	0.0039761	0.0123077	0.0347826	0.0160643	0.0	0.0097561	0.0110497	0.0100503	0.0	
Ovenbird	0.0128205	0.0226537	0.0034364	0.005618	0.0	0.0	0.0	0.0	0.0	0.0	0.0	0.0	0.0	0.0	0.0059172	0.1668639	0.6303665	0.6164773	0.487053	0.15625	0.0243902	0.0	0.0067568	0.0	0.0	0.0	0.0	0.0	0.0	0.0168539	0.0331126	0.0935252	0.1818182	0.1637717	0.1277108	0.212844	0.2324723	0.2179487	0.1491228	0.0715706	0.08	0.0782609	0.0562249	0.03125	0.0487805	0.0276243	0.0	0.0	
Worm-eating Warbler	0.0	0.0	0.0	0.0	0.0	0.0	0.0	0.0	0.0	0.0	0.0	0.0	0.0	0.0	0.0	0.0852071	0.1277487	0.0965909	0.0690506	0.0065789	0.0	0.0	0.0	0.0	0.0	0.0	0.0	0.0	0.0	0.0	0.0198675	0.0143885	0.0384615	0.0124069	0.0	0.0	0.0	0.0	0.0	0.0	0.0	0.0	0.0	0.0	0.0	0.0	0.0	0.0	
Louisiana Waterthrush	0.0	0.0	0.0	0.0	0.0	0.0	0.0	0.0	0.0	0.0	0.0	0.0	0.0387409	0.0981697	0.0986193	0.0366864	0.0366492	0.0326705	0.0147965	0.0	0.0	0.0	0.0	0.0	0.0	0.0	0.0088496	0.0053191	0.0290698	0.011236	0.013245	0.0035971	0.0	0.0024814	0.0	0.0	0.0	0.0	0.0	0.0	0.0	0.0	0.0	0.0	0.0	0.0	0.0	0.0	
Northern Waterthrush	0.0	0.0	0.0	0.0	0.0	0.0	0.0	0.0	0.0	0.0	0.0	0.0	0.0	0.0016639	0.0197239	0.1088757	0.3947644	0.2855114	0.2749692	0.1282895	0.0	0.0	0.0	0.0	0.0	0.0	0.0	0.0265957	0.0988372	0.1573034	0.1258278	0.1007194	0.1468531	0.2431762	0.1662651	0.1155963	0.0774908	0.0538462	0.002924	0.0	0.0	0.0	0.0	0.0	0.0	0.0	0.0	0.0	
Louisiana/Northern Waterthrush	0.0	0.0	0.0	0.0	0.0	0.0	0.0	0.0	0.0	0.0	0.0	0.0	0.0	0.0	0.0	0.0094675	0.0157068	0.0056818	0.0147965	0.0	0.0	0.0	0.0	0.0	0.0	0.0	0.0	0.0	0.005814	0.011236	0.0	0.0071942	0.0	0.0049628	0.0	0.0018349	0.0	0.0	0.0	0.0	0.0	0.0	0.0	0.0	0.0	0.0	0.0	0.0	
Golden-winged Warbler	0.0	0.0	0.0	0.0	0.0	0.0	0.0	0.0	0.0	0.0	0.0	0.0	0.0	0.0	0.0	0.0177515	0.0188482	0.0	0.0	0.0	0.0	0.0	0.0	0.0	0.0	0.0	0.0	0.0	0.0	0.0	0.0	0.0	0.0034965	0.0	0.0	0.0	0.0	0.0	0.0	0.0	0.0	0.0	0.0	0.0	0.0	0.0	0.0	0.0	
Blue-winged Warbler	0.0	0.0	0.0	0.0	0.0	0.0	0.0	0.0	0.0	0.0	0.0	0.0	0.0	0.0	0.0	0.1727811	0.3068063	0.0411932	0.0036991	0.0016447	0.0	0.0	0.0	0.0	0.0	0.0	0.0	0.0	0.005814	0.011236	0.0794702	0.0611511	0.0524476	0.0223325	0.0048193	0.0	0.0	0.0	0.0	0.0	0.0	0.0	0.0	0.0	0.0	0.0	0.0	0.0	
Golden-winged x Blue-winged Warbler (hybrid)	0.0	0.0	0.0	0.0	0.0	0.0	0.0	0.0	0.0	0.0	0.0	0.0	0.0	0.0	0.0	0.0	0.0020942	0.0	0.0	0.0	0.0	0.0	0.0	0.0	0.0	0.0	0.0	0.0	0.0	0.0	0.0	0.0035971	0.0	0.0	0.0	0.0	0.0	0.0	0.0	0.0	0.0	0.0	0.0	0.0	0.0	0.0	0.0	0.0	
Black-and-white Warbler	0.0	0.0	0.0	0.0	0.0	0.0	0.0	0.0	0.0	0.0	0.0	0.0016639	0.0	0.0	0.1163708	0.3786982	0.7109948	0.578125	0.3908755	0.1085526	0.0348432	0.0	0.0135135	0.0	0.0	0.0	0.0	0.0	0.0348837	0.0842697	0.1456954	0.2841727	0.3671329	0.4441687	0.3156627	0.3688073	0.298893	0.1179487	0.0438596	0.0019881	0.0	0.0086957	0.0	0.0	0.0	0.0	0.0	0.0	
Prothonotary Warbler	0.0	0.0	0.0	0.0	0.0	0.0	0.0	0.0	0.0	0.0	0.0	0.0	0.0	0.0	0.0	0.0094675	0.0010471	0.0042614	0.0	0.0822368	0.0	0.0	0.0	0.0	0.0	0.0	0.0	0.0	0.0	0.0	0.0463576	0.0	0.0	0.0	0.0	0.0	0.0	0.0487179	0.0	0.0	0.0	0.0	0.0	0.0	0.0	0.0	0.0	0.0	
Swainson's Warbler	0.0	0.0	0.0	0.0	0.0	0.0	0.0	0.0	0.0	0.0	0.0	0.0	0.0	0.0	0.0	0.0	0.0	0.0	0.0727497	0.0	0.0	0.0	0.0	0.0	0.0	0.0	0.0	0.0	0.0	0.0	0.0	0.0	0.0	0.0	0.0	0.0	0.0	0.0	0.0	0.0	0.0	0.0	0.0	0.0	0.0	0.0	0.0	0.0	
Tennessee Warbler	0.0	0.0	0.0	0.0	0.0	0.0	0.0	0.0	0.0	0.0	0.0	0.0	0.0	0.0	0.0	0.0023669	0.0094241	0.0255682	0.0912454	0.0641447	0.0	0.0	0.0	0.0	0.0	0.0	0.0	0.0	0.0	0.0	0.0	0.0035971	0.006993	0.0372208	0.0698795	0.1137615	0.0387454	0.0051282	0.0204678	0.0119284	0.0	0.0	0.0	0.0	0.0	0.0	0.0	0.0	
Orange-crowned Warbler	0.0128205	0.0032362	0.0	0.0	0.0	0.0	0.0	0.0	0.0	0.0	0.0	0.0	0.0	0.0	0.0	0.0	0.0	0.0	0.001233	0.0	0.0	0.0	0.0	0.0	0.0	0.0	0.0	0.0	0.0	0.0	0.0	0.0	0.0	0.0	0.0	0.0	0.001845	0.0	0.0	0.0	0.0	0.0	0.0	0.0	0.0	0.0	0.0	0.0	
Nashville Warbler	0.0	0.0	0.0	0.0	0.0	0.0	0.0	0.0	0.0	0.0	0.0	0.0	0.0	0.0	0.0019724	0.0319527	0.191623	0.0497159	0.0295931	0.0	0.0015	0.0	0.0	0.0	0.0	0.0	0.0	0.0	0.0	0.0	0.0	0.0035971	0.0015	0.0223325	0.026506	0.0293578	0.0424354	0.0076923	0.0116959	0.0139165	0.0	0.0	0.0080321	0.0039063	0.0	0.0	0.0201005	0.0	
Connecticut Warbler	0.0	0.0	0.0	0.0	0.0	0.0	0.0	0.0	0.0	0.0	0.0	0.0	0.0	0.0	0.0	0.0	0.0	0.0	0.0	0.0	0.0	0.0	0.0	0.0	0.0	0.0	0.0	0.0	0.0	0.0	0.0	0.0	0.0	0.0024814	0.0120482	0.0015	0.0	0.0	0.0	0.0	0.0	0.0	0.0	0.0	0.0	0.0	0.0	0.0	
Mourning Warbler	0.0	0.0	0.0	0.0	0.0	0.0	0.0	0.0	0.0	0.0	0.0	0.0	0.0	0.0	0.0	0.0	0.0010471	0.0	0.0110974	0.1891447	0.1393728	0.0717703	0.0405405	0.0	0.0	0.0	0.0	0.0	0.0	0.0	0.0	0.0	0.0	0.0049628	0.0	0.0	0.0	0.0	0.0	0.0218688	0.0	0.0	0.0	0.0	0.0	0.0	0.0	0.0	
Kentucky Warbler	0.0	0.0	0.0	0.0	0.0	0.0	0.0	0.0	0.0	0.0	0.0	0.0	0.0	0.0	0.0	0.0	0.0010471	0.0042614	0.001233	0.0	0.0	0.0	0.0	0.0	0.0	0.0	0.0	0.0	0.0	0.0	0.0	0.0	0.0	0.0	0.0	0.0	0.0	0.0	0.0	0.0	0.0	0.0	0.0	0.0	0.0	0.0	0.0	0.0	
Common Yellowthroat	0.008547	0.0161812	0.0137457	0.005618	0.0033898	0.0090498	0.016129	0.0114286	0.0102564	0.0015	0.0033898	0.0	0.0	0.0	0.0019724	0.0532544	0.5717277	0.6789773	0.5795314	0.3157895	0.1010453	0.0287081	0.027027	0.0290698	0.0	0.0196078	0.0	0.0159574	0.005814	0.0224719	0.0198675	0.1438849	0.3776224	0.471464	0.4915663	0.5688073	0.4188192	0.4230769	0.2923977	0.1192843	0.1138462	0.0956522	0.0240964	0.0273438	0.0097561	0.0110497	0.0	0.0080321	
Hooded Warbler	0.0	0.0	0.0	0.0	0.0	0.0	0.0	0.0	0.0	0.0	0.0	0.0	0.0	0.014975	0.0039448	0.0934911	0.1486911	0.0823864	0.0147965	0.0	0.0	0.0	0.0	0.0	0.0	0.0	0.0	0.0	0.0	0.011236	0.013245	0.0179856	0.0	0.0074442	0.0120482	0.0018349	0.0110701	0.0051282	0.0116959	0.0	0.0	0.0	0.0	0.0	0.0	0.0	0.0	0.0	
American Redstart	0.0	0.0	0.0	0.0	0.0	0.0	0.0	0.0	0.0	0.0	0.0	0.0	0.0	0.0	0.0	0.0094675	0.4376963	0.6008523	0.6177559	0.5213816	0.1811847	0.0	0.0067568	0.005814	0.0077519	0.0	0.0	0.0053191	0.1104651	0.2359551	0.2384106	0.4316547	0.541958	0.5558313	0.4795181	0.4422018	0.2822878	0.1974359	0.0789474	0.0039761	0.0015	0.0	0.0	0.0	0.0	0.0	0.0	0.0	
Cape May Warbler	0.0128205	0.0032362	0.0	0.0	0.0	0.0	0.0	0.0	0.0	0.0	0.0	0.0	0.0	0.0	0.0	0.0	0.0900524	0.09375	0.1454994	0.0164474	0.0	0.0	0.0	0.0	0.0	0.0	0.0	0.0	0.0	0.0	0.0	0.0035971	0.0034965	0.0545906	0.0289157	0.1357798	0.0498155	0.0487179	0.0204678	0.0019881	0.0	0.0	0.0	0.0	0.0	0.0	0.0	0.0	
Cerulean Warbler	0.0	0.0	0.0	0.0	0.0	0.0	0.0	0.0	0.0	0.0	0.0	0.0	0.0	0.0	0.0	0.0	0.0167539	0.0014205	0.0	0.0	0.0	0.0	0.0	0.0	0.0	0.0	0.0	0.0015	0.0015	0.0	0.0	0.0	0.0	0.0	0.0	0.0	0.0	0.0	0.0	0.0	0.0	0.0	0.0	0.0	0.0	0.0	0.0	0.0	
Northern Parula	0.0	0.0	0.0	0.0	0.0	0.0	0.0	0.0	0.0	0.0	0.0	0.0	0.0	0.0216306	0.0453649	0.2106509	0.5581152	0.5610795	0.4747226	0.1496711	0.0348432	0.0095694	0.0135135	0.0116279	0.0	0.0	0.0	0.0	0.005814	0.0168539	0.0066225	0.0215827	0.0314685	0.1712159	0.2024096	0.2917431	0.201107	0.1384615	0.0438596	0.0397614	0.0092308	0.0043478	0.0	0.0	0.0	0.0	0.0	0.0	
Magnolia Warbler	0.0	0.0	0.0	0.0	0.0	0.0	0.0	0.0	0.0	0.0	0.0	0.0	0.0	0.0	0.0	0.0	0.3329843	0.4715909	0.4759556	0.3963816	0.0452962	0.0	0.0	0.0	0.0	0.0	0.0	0.0	0.005814	0.0	0.0	0.0539568	0.1328671	0.1985112	0.1951807	0.3376147	0.1162362	0.025641	0.0233918	0.0	0.0	0.0	0.0	0.0	0.0	0.0	0.0	0.0	
Bay-breasted Warbler	0.0	0.0	0.0	0.0	0.0	0.0	0.0	0.0	0.0	0.0	0.0	0.0	0.0	0.0	0.0	0.0	0.0272251	0.0610795	0.1861899	0.0904605	0.0034843	0.0	0.0	0.0	0.0	0.0	0.0	0.0	0.0	0.0	0.0	0.0035971	0.006993	0.0099256	0.0072289	0.0256881	0.00369	0.0025641	0.0116959	0.0015	0.0	0.0	0.0	0.0	0.0	0.0	0.0	0.0	
Blackburnian Warbler	0.0	0.0	0.0	0.0	0.0	0.0	0.0	0.0	0.0	0.0	0.0	0.0	0.0	0.0	0.0	0.0071006	0.1591623	0.046875	0.0443896	0.0328947	0.0348432	0.0	0.0	0.0	0.0	0.0	0.0	0.0	0.0	0.0	0.0	0.0035971	0.048951	0.0074442	0.0120482	0.0275229	0.0	0.0	0.0	0.0	0.0	0.0	0.0	0.0	0.0	0.0	0.0	0.0	
Yellow Warbler	0.0	0.0	0.0	0.0	0.0	0.0	0.0	0.0	0.0	0.0	0.0	0.0	0.0	0.0	0.0	0.1443787	0.5151832	0.2727273	0.1935882	0.1578947	0.0278746	0.0015	0.0202703	0.0116279	0.0	0.0130719	0.0265487	0.0425532	0.127907	0.0955056	0.0728477	0.0719424	0.0559441	0.0620347	0.0650602	0.0348624	0.0092251	0.0025641	0.002924	0.0	0.0	0.0	0.0	0.0	0.0	0.0	0.0	0.0	
Chestnut-sided Warbler	0.0	0.0	0.0	0.0	0.0	0.0	0.0	0.0	0.0	0.0	0.0	0.0	0.0	0.0	0.0	0.0015	0.2052356	0.2940341	0.2022195	0.0773026	0.0348432	0.0047847	0.0	0.0	0.0	0.0065359	0.0	0.0	0.0	0.0	0.0066225	0.1007194	0.1783217	0.0992556	0.086747	0.093578	0.0239852	0.0025641	0.0	0.0	0.0	0.0	0.0	0.0	0.0	0.0	0.0	0.0	
Blackpoll Warbler	0.0	0.0	0.0	0.0	0.0	0.0	0.0	0.0	0.0	0.0	0.0	0.0	0.0	0.0	0.0	0.0011834	0.0198953	0.2017045	0.405672	0.4375	0.0696864	0.0	0.0067568	0.0	0.0	0.0	0.0	0.0	0.0	0.0	0.0	0.0	0.0	0.0124069	0.0385542	0.0880734	0.0645756	0.0051282	0.0409357	0.0079523	0.0092308	0.0	0.0	0.0	0.0	0.0	0.0	0.0	
Bay-breasted/Blackpoll Warbler	0.0	0.0	0.0	0.0	0.0	0.0	0.0	0.0	0.0	0.0	0.0	0.0	0.0	0.0	0.0	0.0	0.0	0.0	0.0	0.0	0.0	0.0	0.0	0.0	0.0	0.0	0.0	0.0	0.0	0.0	0.0	0.0	0.0	0.0	0.0024096	0.0073394	0.00369	0.0	0.005848	0.0	0.0	0.0	0.0	0.0	0.0	0.0	0.0	0.0	
Black-throated Blue Warbler	0.0	0.0	0.0	0.0	0.0	0.0	0.0	0.0	0.0	0.0	0.0	0.0	0.0	0.0	0.0	0.0047337	0.4554974	0.4801136	0.405672	0.0805921	0.0	0.0	0.0	0.0	0.0	0.0	0.0	0.0	0.0	0.0	0.0	0.0791367	0.1503497	0.1488834	0.113253	0.2587156	0.2177122	0.2205128	0.1608187	0.0755467	0.0123077	0.0	0.0040161	0.0078125	0.004878	0.0	0.0	0.0	
Palm Warbler	0.0	0.0	0.0	0.0	0.0	0.0	0.0	0.0	0.0	0.0	0.0	0.0083195	0.1016949	0.3610649	0.2919132	0.139645	0.0816754	0.0028409	0.0	0.0	0.0	0.0	0.0	0.0	0.0	0.0	0.0	0.0	0.0	0.0	0.0	0.0	0.0	0.0074442	0.0240964	0.1045872	0.2177122	0.3589744	0.1637427	0.1252485	0.0153846	0.0347826	0.0040161	0.0039063	0.0	0.0	0.0	0.0	
Pine Warbler	0.0	0.0	0.0	0.0	0.0	0.0	0.0	0.0	0.0	0.0	0.0033898	0.0582363	0.0217918	0.1946755	0.0946746	0.0272189	0.0136126	0.0056818	0.0024661	0.0	0.0	0.0047847	0.0	0.0	0.0	0.0	0.0	0.0	0.0	0.0	0.0	0.0035971	0.0034965	0.0074442	0.026506	0.0605505	0.0793358	0.0692308	0.0438596	0.0397614	0.0123077	0.0086957	0.0	0.0039063	0.0097561	0.0	0.0	0.0	
Yellow-rumped Warbler	0.0021368	0.0064725	0.0034364	0.005618	0.0067797	0.0045249	0.0032258	0.0	0.0	0.0	0.0067797	0.0049917	0.0121065	0.0948419	0.1755424	0.3822485	0.5361257	0.2400568	0.1060419	0.0164474	0.0069686	0.0	0.0	0.0	0.0	0.0	0.0	0.0	0.0	0.0	0.0	0.0	0.0	0.0074442	0.0	0.0440367	0.0498155	0.1538462	0.2046784	0.2206759	0.1015385	0.1304348	0.0361446	0.0234375	0.004878	0.0	0.0015	0.0040161	
Yellow-throated Warbler	0.0	0.0	0.0	0.0	0.0	0.0	0.0	0.0	0.0	0.0	0.0	0.0	0.0	0.0	0.035503	0.0	0.0324607	0.0028409	0.0	0.0	0.0	0.0	0.0	0.0	0.0	0.0	0.0	0.0	0.0	0.0	0.0	0.0	0.0	0.0	0.0	0.0	0.0	0.0	0.0	0.0	0.0	0.0	0.0	0.0	0.0	0.0	0.0	0.0	
Prairie Warbler	0.0	0.0	0.0	0.0	0.0	0.0	0.0	0.0	0.0	0.0	0.0	0.0	0.0	0.0	0.0059172	0.0142012	0.2890052	0.1264205	0.0505549	0.0	0.0	0.0	0.0	0.0	0.0	0.0	0.0	0.0	0.0	0.0	0.0331126	0.0215827	0.0454545	0.057072	0.0481928	0.0220183	0.0073801	0.0025641	0.0146199	0.0019881	0.0	0.0	0.0	0.0	0.0	0.0	0.0	0.0	
Black-throated Green Warbler	0.0	0.0	0.0	0.0	0.0	0.0	0.0	0.0	0.0	0.0	0.0	0.0	0.0	0.0	0.0	0.0319527	0.2774869	0.1065341	0.0739827	0.0427632	0.0	0.0	0.0	0.0	0.0	0.0	0.0	0.0	0.0	0.005618	0.0	0.0071942	0.0454545	0.0272953	0.053012	0.0862385	0.0461255	0.025641	0.0409357	0.0059642	0.0030769	0.0	0.0	0.0	0.0	0.0	0.0	0.0	
Canada Warbler	0.0	0.0	0.0	0.0	0.0	0.0	0.0	0.0	0.0	0.0	0.0	0.0	0.0	0.0	0.0	0.0011834	0.0649215	0.0440341	0.1676942	0.2384868	0.010453	0.0	0.0	0.0	0.0	0.0	0.0	0.0	0.0	0.0280899	0.0596026	0.2014388	0.2237762	0.0992556	0.0192771	0.0073394	0.00369	0.0	0.0	0.0	0.0	0.0	0.0	0.0	0.0	0.0	0.0	0.0	
Wilson's Warbler	0.0	0.0	0.0	0.0	0.0	0.0	0.0	0.0	0.0	0.0	0.0	0.0	0.0	0.0	0.0	0.0	0.0198953	0.0823864	0.2034525	0.0756579	0.0	0.0	0.0	0.0	0.0	0.0	0.0	0.0	0.0	0.0	0.0	0.0107914	0.013986	0.057072	0.0192771	0.0366972	0.0073801	0.0025641	0.0	0.0	0.0	0.0	0.0	0.0	0.0	0.0	0.0	0.0	
warbler sp. (Parulidae sp.)	0.0	0.0	0.0	0.0	0.0	0.0	0.0	0.0	0.0	0.0	0.0	0.0	0.0	0.0033278	0.0	0.0094675	0.017801	0.0255682	0.0234279	0.0328947	0.0174216	0.0	0.0	0.0	0.0	0.0	0.0	0.0053191	0.0174419	0.0224719	0.013245	0.0539568	0.041958	0.0620347	0.053012	0.040367	0.0313653	0.0282051	0.0146199	0.0099404	0.0061538	0.0	0.0	0.0	0.0	0.0	0.0	0.0	
Summer Tanager	0.0	0.0	0.0	0.0	0.0	0.0	0.0	0.0	0.0	0.0	0.0	0.0	0.0	0.0	0.0	0.0142012	0.0837696	0.0056818	0.0160296	0.0049342	0.0069686	0.0	0.0	0.0	0.0	0.0	0.0	0.0	0.0	0.0	0.0	0.0	0.0015	0.0	0.0	0.0	0.00369	0.0025641	0.0	0.0	0.0	0.0	0.0040161	0.0	0.0	0.0	0.0	0.0	
Scarlet Tanager	0.0	0.0	0.0	0.0	0.0	0.0	0.0	0.0	0.0	0.0	0.0	0.0	0.0	0.0	0.0	0.0142012	0.2942408	0.2443182	0.2872996	0.0822368	0.0034843	0.0047847	0.0067568	0.0	0.0077519	0.0	0.0	0.0	0.0	0.0	0.0066225	0.0	0.0454545	0.0694789	0.0819277	0.1926606	0.1771218	0.0974359	0.0409357	0.0019881	0.0015	0.0	0.0	0.0	0.0	0.0	0.0	0.0	
Northern Cardinal	0.4487179	0.4012945	0.4089347	0.3960674	0.3966102	0.3484163	0.4548387	0.4857143	0.5230769	0.5088339	0.4474576	0.5274542	0.6416465	0.6123128	0.617357	0.6591716	0.6858639	0.6448864	0.6436498	0.65625	0.4843206	0.3827751	0.5067568	0.4709302	0.4573643	0.4901961	0.3716814	0.537234	0.505814	0.5786517	0.589404	0.5971223	0.5559441	0.5880893	0.5493976	0.546789	0.4538745	0.4666667	0.4269006	0.4194831	0.3538462	0.326087	0.4096386	0.3671875	0.3560976	0.2872928	0.361809	0.4497992	
Rose-breasted Grosbeak	0.0	0.0	0.0	0.0	0.0	0.0	0.0	0.0	0.0	0.0	0.0	0.0	0.0	0.0	0.0039448	0.0473373	0.3790576	0.2386364	0.1874229	0.0164474	0.0034843	0.0	0.0	0.0174419	0.0077519	0.0	0.0088496	0.0	0.0	0.005618	0.0066225	0.0143885	0.0944056	0.146402	0.1783133	0.2275229	0.1143911	0.0128205	0.0	0.0	0.0	0.0	0.0	0.0	0.0	0.0	0.0	0.0	
Blue Grosbeak	0.0	0.0	0.0	0.0	0.0	0.0	0.0	0.0	0.0	0.0	0.0	0.0	0.0	0.0	0.0	0.016568	0.0408377	0.0127841	0.001233	0.0	0.0	0.0	0.0	0.0	0.0	0.0	0.0	0.0	0.0	0.0	0.0	0.0	0.0	0.0	0.0	0.0	0.0	0.0	0.0	0.0	0.0	0.0	0.0	0.0	0.0	0.0	0.0	0.0	
Indigo Bunting	0.0	0.0	0.0	0.0	0.0	0.0	0.0	0.0	0.0	0.0	0.0	0.0	0.0	0.0	0.0019724	0.0745562	0.2481675	0.2230114	0.1602959	0.0296053	0.0313589	0.0	0.0	0.0	0.0	0.0	0.0	0.0106383	0.0	0.0	0.0	0.0035971	0.0	0.0099256	0.0048193	0.0311927	0.0387454	0.0564103	0.0087719	0.0	0.0	0.0	0.0040161	0.0	0.0	0.0	0.0	0.0	
Dickcissel	0.0	0.0	0.0	0.0	0.0	0.0	0.0	0.0	0.0	0.0	0.0	0.0	0.0	0.0	0.0	0.0	0.0	0.0	0.001233	0.0	0.0	0.0	0.0	0.0	0.0	0.0	0.0	0.0	0.0	0.0	0.0	0.0	0.0	0.0024814	0.0	0.0015	0.0442804	0.0	0.0	0.0	0.0	0.0	0.0	0.0	0.0	0.0	0.0	0.0	
passerine sp.	0.008547	0.0032362	0.0	0.002809	0.0033898	0.0	0.0	0.0	0.0	0.0	0.0	0.0033278	0.0	0.0049917	0.0019724	0.0035503	0.008377	0.0142045	0.0061652	0.0164474	0.0	0.0095694	0.0	0.0	0.0077519	0.0	0.0	0.0	0.005814	0.0224719	0.013245	0.0251799	0.0174825	0.044665	0.0144578	0.0018349	0.0184502	0.0230769	0.0233918	0.0039761	0.0123077	0.0043478	0.0080321	0.0039063	0.0097561	0.0015	0.0050251	0.0	
bird sp.	0.0	0.0032362	0.0	0.0	0.0	0.0	0.0032258	0.0	0.0015	0.0	0.0033898	0.0	0.0024213	0.0	0.0019724	0.0	0.0010471	0.0014205	0.001233	0.0065789	0.0	0.0	0.0	0.0	0.0	0.0	0.0	0.0053191	0.005814	0.0	0.0	0.0035971	0.0	0.0074442	0.0	0.0073394	0.0055351	0.0076923	0.0	0.0	0.0	0.0	0.0	0.0078125	0.0	0.0	0.0050251	0.0	

