Sample Size:	7.0	9.0	5.0	54.0	12.0	8.0	11.0	10.0	12.0	11.0	4.0	40.0	11.0	22.0	17.0	27.0	29.0	30.0	24.0	30.0	12.0	6.0	5.0	12.0	15.0	4.0	3.0	4.0	4.0	3.0	4.0	12.0	13.0	18.0	15.0	16.0	26.0	20.0	16.0	14.0	5.0	19.0	8.0	9.0	5.0	9.0	6.0	17.0	
Snow Goose	0.0	0.0	0.0	0.0	0.0	0.0	0.0	0.0	0.0	0.0	0.0	0.0	0.0	0.0	0.0	0.0	0.0	0.0	0.0	0.0	0.0	0.0	0.0	0.0	0.0	0.0	0.0	0.0	0.0	0.0	0.0	0.0	0.0	0.0	0.0	0.0	0.1153846	0.0	0.0625	0.1428571	0.0	0.0	0.0	0.0	0.0	0.0	0.0	0.0	
Brant	0.0	0.1111111	0.0	0.0	0.0	0.0	0.0	0.1	0.0833333	0.0	0.0	0.0015	0.0	0.1363636	0.0588235	0.037037	0.0	0.1333333	0.125	0.0333333	0.0	0.0	0.0	0.0	0.0	0.0	0.0	0.0	0.0	0.0	0.0	0.0	0.0	0.0	0.0	0.0	0.0769231	0.0	0.0625	0.1428571	0.0	0.0	0.125	0.0	0.4	0.1111111	0.0	0.1176471	
Canada Goose	0.1428571	0.6666667	0.2	0.0740741	0.5	0.25	0.4545455	0.4	0.4166667	0.4545455	0.0	0.5	0.1818182	0.5454545	0.6470588	0.5555556	0.3103448	0.4	0.625	0.5666667	0.3333333	0.5	0.2	0.25	0.4	0.25	0.0	0.75	0.75	0.3333333	0.5	0.5	0.1538462	0.3888889	0.2	0.25	0.4230769	0.3	0.25	0.4285714	0.8	0.1052632	0.125	0.4444444	0.8	0.8888889	0.6666667	0.8235294	
Mute Swan	0.0	0.1111111	0.0	0.0	0.0015	0.0	0.0	0.0	0.0	0.2727273	0.0	0.0	0.0	0.0	0.0	0.0740741	0.0	0.0	0.0	0.0	0.0	0.0	0.0	0.0	0.0	0.0	0.0	0.0	0.0	0.0	0.0	0.0833333	0.0769231	0.0555556	0.0	0.0	0.0384615	0.0	0.0	0.0714286	0.2	0.0	0.0	0.1111111	0.4	0.3333333	0.0	0.1176471	
Wood Duck	0.0	0.0	0.0	0.0	0.0	0.0	0.0909091	0.1	0.0833333	0.0	0.0	0.025	0.0	0.0	0.0	0.0	0.0	0.0	0.0	0.0333333	0.0	0.0	0.0	0.0	0.0666667	0.25	0.0	0.0	0.0	0.3333333	0.0	0.0	0.0	0.1111111	0.0	0.0	0.0384615	0.1	0.0625	0.2142857	0.0	0.0	0.0	0.1111111	0.4	0.2222222	0.1666667	0.1176471	
Blue-winged Teal	0.0	0.0	0.0	0.0	0.0	0.0	0.0	0.0	0.0	0.0	0.0	0.0	0.0	0.0	0.0	0.0	0.0	0.0	0.0	0.0	0.0	0.0	0.0	0.0	0.0	0.0	0.0	0.0	0.25	0.0	0.0	0.0	0.0	0.0	0.0	0.0	0.0	0.0	0.0	0.0	0.0	0.0	0.0	0.0	0.0	0.0	0.0	0.0	
Northern Shoveler	0.2857143	0.6666667	0.0015	0.0	0.4166667	0.125	0.1818182	0.2	0.25	0.1818182	0.0015	0.375	0.0015	0.2727273	0.1176471	0.1111111	0.0	0.0	0.0	0.0	0.0	0.0	0.0	0.0	0.0	0.0	0.0	0.0	0.0	0.0	0.0	0.0833333	0.0	0.0555556	0.0	0.0	0.0384615	0.05	0.0	0.3571429	0.2	0.0526316	0.375	0.4444444	0.4	0.4444444	0.3333333	0.4117647	
Gadwall	0.0	0.2222222	0.0	0.0	0.0	0.0	0.1818182	0.1	0.0833333	0.0	0.0	0.0	0.0	0.0	0.2352941	0.0	0.0344828	0.1333333	0.125	0.1666667	0.0	0.1666667	0.0	0.0	0.0	0.25	0.0	0.0	0.0	0.0015	0.0	0.0015	0.1538462	0.0555556	0.4666667	0.25	0.2692308	0.35	0.25	0.3571429	0.4	0.0	0.125	0.3333333	0.4	0.4444444	0.1666667	0.2941176	
American Wigeon	0.0	0.0	0.0	0.0	0.0	0.0	0.0	0.0	0.0	0.0	0.0	0.0	0.0	0.0	0.0	0.0	0.0	0.0	0.0	0.0	0.0	0.0	0.0	0.0	0.0	0.0	0.0	0.0	0.0	0.0	0.0	0.0	0.0	0.0	0.0	0.0	0.0	0.0	0.0	0.0714286	0.0	0.0	0.0	0.0	0.0	0.1111111	0.0	0.0	
Mallard	0.4285714	0.8888889	0.8	0.0740741	0.5	0.25	0.4545455	0.3	0.5833333	0.6363636	0.0015	0.675	0.3636364	0.6363636	0.5882353	0.6666667	0.5862069	0.6666667	0.8333333	0.7	0.5833333	0.6666667	1.0	0.75	0.8666667	1.0	0.0	0.5	0.75	0.6666667	0.5	0.4166667	0.6923077	0.6111111	0.6666667	0.5625	0.6923077	0.6	0.4375	0.8571429	0.8	0.4210526	0.375	0.7777778	0.6	1.0	0.5	0.8823529	
Mallard (Domestic type)	0.0	0.0	0.0	0.0	0.0	0.0	0.0	0.0	0.0	0.0	0.0	0.0	0.0	0.0	0.0	0.0	0.0	0.0	0.0	0.0	0.0	0.0	0.0	0.0	0.0	0.0	0.0	0.0	0.0	0.3333333	0.0	0.0	0.0	0.0	0.0	0.0	0.0	0.0	0.0	0.0	0.0	0.0	0.0	0.0	0.0	0.0	0.0	0.0	
American Black Duck	0.1428571	0.6666667	0.2	0.0185185	0.1666667	0.125	0.1818182	0.2	0.0	0.0909091	0.0	0.05	0.0909091	0.0909091	0.1176471	0.0	0.0	0.0	0.0416667	0.0666667	0.0833333	0.0	0.0	0.0	0.0	0.0	0.0	0.0	0.0	0.0	0.0	0.0833333	0.0	0.0555556	0.0	0.0625	0.0769231	0.05	0.0	0.0	0.2	0.0	0.25	0.4444444	0.4	0.5555556	0.5	0.4117647	
Mallard x American Black Duck (hybrid)	0.0	0.0	0.0	0.0	0.0	0.0	0.0	0.0	0.0	0.0	0.0	0.0	0.0	0.0	0.0	0.0	0.0	0.0	0.0	0.0	0.0	0.0	0.0	0.0	0.0	0.0	0.0	0.0	0.0	0.0	0.0	0.0	0.0	0.0	0.0	0.0	0.0	0.0	0.0	0.0714286	0.0	0.0	0.0	0.0	0.2	0.1111111	0.0	0.0588235	
Northern Pintail	0.0	0.0	0.0	0.0	0.0	0.0	0.0	0.0	0.0	0.0	0.0	0.0	0.0	0.0	0.0	0.0	0.0	0.0	0.0	0.0	0.0	0.0	0.0	0.0	0.0	0.0	0.0	0.0	0.0	0.0	0.0	0.0	0.0	0.0	0.0	0.0	0.0	0.0	0.0625	0.0	0.0	0.0	0.0	0.0	0.0	0.0	0.0	0.0	
Green-winged Teal	0.0	0.0	0.0	0.0	0.0	0.0	0.0	0.0	0.0	0.0	0.0	0.0	0.0	0.0	0.0	0.0	0.0	0.0	0.0	0.0	0.0	0.0	0.0	0.0	0.0	0.0	0.0	0.0	0.0	0.0	0.0	0.0	0.0	0.0	0.0	0.0	0.0384615	0.0	0.0	0.0	0.0	0.0	0.0	0.0	0.0	0.0	0.0	0.0	
Canvasback	0.0	0.1111111	0.2	0.0185185	0.0	0.0	0.0	0.1	0.0	0.0	0.0	0.0	0.0	0.0	0.0	0.0	0.0	0.0	0.0	0.0	0.0	0.0	0.0	0.0	0.0	0.0	0.0	0.0	0.0	0.0	0.0	0.0	0.0	0.0	0.0	0.0	0.0	0.0	0.0	0.0	0.0	0.0	0.0	0.0	0.0	0.0	0.0	0.0	
Ring-necked Duck	0.0	0.0	0.0	0.0	0.0	0.0	0.0015	0.0	0.0	0.0	0.0	0.0	0.0	0.0	0.0	0.0	0.0	0.0	0.0	0.0	0.0	0.0	0.0	0.0	0.0	0.0	0.0	0.0	0.0	0.0	0.0	0.0	0.0	0.0	0.0	0.0	0.0	0.0	0.0	0.0	0.0	0.0	0.0	0.0	0.0	0.0	0.0	0.0	
Lesser Scaup	0.0015	0.0	0.0	0.0	0.0	0.0	0.0	0.0	0.0	0.0	0.0	0.0	0.0	0.0454545	0.0	0.0	0.0	0.0	0.0	0.0	0.0	0.0	0.0	0.0	0.0	0.0	0.0	0.0	0.0	0.0	0.0	0.0	0.0	0.0	0.0	0.0	0.0	0.0	0.0	0.0	0.0	0.0	0.0	0.0	0.0	0.0	0.0	0.0588235	
Greater/Lesser Scaup	0.0	0.0	0.0	0.0	0.0	0.0	0.0	0.0	0.0	0.0	0.0	0.0	0.0	0.0	0.0	0.0	0.0	0.0	0.0	0.0	0.0	0.0	0.0	0.0	0.0	0.0	0.0	0.0	0.0	0.0	0.0	0.0	0.0	0.0	0.0	0.0	0.0	0.0	0.0	0.1428571	0.0	0.0	0.0	0.0	0.0	0.0	0.0	0.0	
Surf/Black Scoter	0.0	0.0	0.0	0.0	0.0	0.0	0.0	0.0	0.0	0.0	0.0	0.0	0.0	0.0	0.0	0.0	0.0	0.0	0.0	0.0	0.0	0.0	0.0	0.0	0.0	0.0	0.0	0.0	0.0	0.0	0.0	0.0	0.0	0.0	0.0	0.0	0.0384615	0.0	0.0	0.0714286	0.0	0.0	0.125	0.0	0.0	0.0	0.0	0.0	
Bufflehead	0.1428571	0.4444444	0.2	0.0185185	0.3333333	0.0	0.2727273	0.2	0.3333333	0.0909091	0.25	0.475	0.0909091	0.2272727	0.2352941	0.1481481	0.0	0.0	0.0	0.0	0.0	0.0	0.0	0.0	0.0	0.0	0.0	0.0	0.0	0.0	0.0	0.0	0.0	0.0	0.0	0.0	0.0	0.0	0.0	0.0	0.2	0.0526316	0.25	0.3333333	0.4	0.5555556	0.1666667	0.7058824	
Common Goldeneye	0.0	0.0	0.2	0.0	0.0	0.0	0.0	0.0	0.0	0.0	0.0	0.0	0.0	0.0	0.0	0.0	0.0	0.0	0.0	0.0	0.0	0.0	0.0	0.0	0.0	0.0	0.0	0.0	0.0	0.0	0.0	0.0	0.0	0.0	0.0	0.0	0.0	0.0	0.0	0.0	0.0	0.0	0.0	0.0	0.0	0.0	0.0	0.0	
Hooded Merganser	0.2857143	0.5555556	0.0	0.037037	0.3333333	0.125	0.1818182	0.1	0.3333333	0.0909091	0.0	0.075	0.0	0.0454545	0.0	0.0	0.0	0.0333333	0.0	0.1	0.0	0.1666667	0.0	0.0	0.0	0.0	0.0	0.0	0.0	0.0	0.25	0.0	0.0	0.0	0.0	0.0	0.0	0.0	0.0	0.0	0.0	0.0	0.25	0.3333333	0.4	0.4444444	0.3333333	0.6470588	
Red-breasted Merganser	0.0	0.0	0.0	0.0	0.0	0.0	0.0	0.0	0.0	0.0	0.0	0.025	0.0909091	0.0	0.0	0.0	0.0	0.0	0.0	0.0	0.0	0.0	0.0	0.0	0.0	0.0	0.0	0.0	0.0	0.0	0.0	0.0	0.0	0.0	0.0	0.0	0.0	0.0	0.0	0.0	0.0	0.0	0.0	0.0	0.0	0.0	0.0	0.0588235	
Ruddy Duck	0.1428571	0.4444444	0.0015	0.0555556	0.3333333	0.125	0.3636364	0.2	0.3333333	0.3636364	0.25	0.375	0.0909091	0.2727273	0.1764706	0.1481481	0.0	0.0333333	0.0	0.0	0.0	0.0	0.0	0.0	0.0	0.0	0.0	0.0	0.0	0.0	0.0	0.0	0.0	0.0	0.0	0.0	0.0384615	0.15	0.0625	0.1428571	0.2	0.1052632	0.25	0.4444444	0.4	0.3333333	0.3333333	0.6470588	
duck sp.	0.0	0.0	0.0	0.0	0.0	0.0	0.0	0.0	0.0	0.0	0.0	0.0	0.0	0.0	0.0	0.0	0.0	0.0	0.0	0.0	0.0	0.0	0.0	0.0	0.0	0.0	0.0	0.0	0.0	0.0	0.0	0.0	0.0	0.0555556	0.0	0.0	0.0384615	0.0	0.0625	0.0	0.0	0.0	0.0	0.0	0.0	0.0	0.0	0.0	
Wild Turkey	0.0	0.0015	0.0015	0.0	0.0	0.0	0.0015	0.0	0.0015	0.0015	0.0	0.0015	0.0	0.0	0.0	0.0	0.1034483	0.0	0.0	0.0	0.0	0.1666667	0.0	0.0833333	0.1333333	0.25	0.3333333	0.0	0.0	0.0	0.0	0.0	0.0769231	0.2777778	0.2666667	0.1875	0.2692308	0.05	0.125	0.2142857	0.0015	0.0526316	0.0	0.0	0.4	0.0015	0.0	0.0588235	
Pied-billed Grebe	0.1428571	0.1111111	0.0	0.0	0.0833333	0.0	0.0909091	0.1	0.0	0.0	0.0	0.025	0.0909091	0.0	0.0	0.0	0.0	0.0	0.0	0.0	0.0	0.0	0.0	0.0	0.0	0.0	0.0	0.0	0.0	0.0	0.0	0.0	0.0	0.0	0.0	0.0	0.0384615	0.15	0.125	0.0	0.0	0.0	0.125	0.3333333	0.4	0.3333333	0.3333333	0.4117647	
Rock Pigeon	0.7142857	0.8888889	0.4	0.7777778	0.9166667	0.625	0.6363636	0.3	0.8333333	0.8181818	0.5	0.725	0.8181818	0.9090909	0.9411765	0.8888889	0.6896552	0.7	0.9583333	0.7333333	0.75	0.5	0.8	0.8333333	0.8	0.75	1.0	0.5	0.5	1.0	0.75	0.75	1.0	0.7222222	0.8666667	0.6875	0.8846154	0.8	0.875	0.9285714	1.0	0.0526316	0.875	0.7777778	1.0	1.0	0.6666667	0.8235294	
Mourning Dove	0.4285714	0.6666667	0.2	0.1111111	0.3333333	0.25	0.2727273	0.3	0.6666667	0.6363636	0.5	0.6	0.7272727	0.6363636	0.8235294	0.7777778	0.5517241	0.5666667	0.875	0.8	0.6666667	0.8333333	1.0	0.75	0.5333333	1.0	0.3333333	0.5	0.25	0.6666667	0.75	0.75	0.6923077	0.5555556	0.8666667	0.625	0.8846154	0.55	0.5	0.7142857	0.4	0.0526316	0.25	0.4444444	0.6	0.6666667	0.5	0.3529412	
Yellow-billed Cuckoo	0.0	0.0	0.0	0.0	0.0	0.0	0.0	0.0	0.0	0.0	0.0	0.0	0.0	0.0	0.0	0.0	0.0	0.0666667	0.0	0.0	0.0	0.0	0.0	0.0	0.0	0.0	0.0	0.0	0.0	0.0	0.0	0.0	0.0	0.0555556	0.0	0.0	0.0	0.0	0.0	0.0	0.0	0.0	0.0	0.0	0.0	0.0	0.0	0.0	
Black-billed Cuckoo	0.0	0.0	0.0	0.0	0.0	0.0	0.0	0.0	0.0	0.0	0.0	0.0	0.0	0.0	0.0	0.0	0.0	0.0	0.0	0.0	0.0	0.0	0.0	0.0	0.0	0.0	0.0	0.0	0.0	0.0	0.0	0.0	0.0	0.1111111	0.0	0.0	0.0	0.0	0.0	0.0	0.0	0.0	0.0	0.0	0.0	0.0	0.0	0.0	
Yellow-billed/Black-billed Cuckoo	0.0	0.0	0.0	0.0	0.0	0.0	0.0	0.0	0.0	0.0	0.0	0.0	0.0	0.0	0.0	0.0	0.0	0.0	0.0	0.0	0.0	0.0	0.0	0.0	0.0	0.0	0.0	0.0	0.0	0.0	0.0	0.0	0.0	0.0555556	0.0	0.0	0.0	0.0	0.0	0.0	0.0	0.0	0.0	0.0	0.0	0.0	0.0	0.0	
Common Nighthawk	0.0	0.0	0.0	0.0	0.0	0.0	0.0	0.0	0.0	0.0	0.0	0.0	0.0	0.0	0.0	0.0	0.0	0.0333333	0.0833333	0.1	0.0833333	0.0	0.0	0.0	0.0	0.0	0.0	0.0	0.0	0.0	0.0	0.0833333	0.0769231	0.2777778	0.0	0.0	0.0	0.0	0.0	0.0	0.0	0.0	0.0	0.0	0.0	0.0	0.0	0.0	
Chuck-will's-widow	0.0	0.0	0.0	0.0	0.0	0.0	0.0	0.0	0.0	0.0	0.0	0.0	0.0	0.0	0.0	0.0	0.0	0.0333333	0.0	0.0	0.0	0.0	0.0	0.0	0.0	0.0	0.0	0.0	0.0	0.0	0.0	0.0	0.0	0.0	0.0	0.0	0.0	0.0	0.0	0.0	0.0	0.0	0.0	0.0	0.0	0.0	0.0	0.0	
Chimney Swift	0.0	0.0	0.0	0.0	0.0	0.0	0.0	0.0	0.0	0.0	0.0	0.0	0.0	0.0454545	0.0588235	0.1111111	0.137931	0.2333333	0.4583333	0.4333333	0.5	0.6666667	0.2	0.1666667	0.2666667	0.25	0.0	0.5	0.25	0.6666667	0.25	0.3333333	0.2307692	0.5	0.2	0.0	0.0769231	0.05	0.0	0.0	0.0	0.0	0.0	0.0	0.0	0.0	0.0	0.0	
Ruby-throated Hummingbird	0.0	0.0	0.0	0.0	0.0	0.0	0.0	0.0	0.0	0.0	0.0	0.0	0.0	0.0	0.0	0.0	0.0344828	0.0015	0.125	0.1333333	0.0	0.0	0.0	0.0	0.0	0.0	0.0	0.0	0.0	0.0	0.0	0.1666667	0.3846154	0.4444444	0.6666667	0.375	0.1923077	0.05	0.0	0.0	0.0	0.0	0.0	0.0	0.0	0.0	0.0	0.0	
Virginia Rail	0.0	0.0	0.0	0.0	0.0	0.0	0.0	0.0	0.0	0.0	0.0	0.0	0.0	0.0	0.0	0.0	0.0	0.0	0.0	0.0	0.0	0.0	0.0	0.0	0.0	0.0	0.0	0.0	0.0	0.0	0.0	0.0	0.0	0.0555556	0.0	0.0	0.0384615	0.0	0.0	0.0	0.0	0.0	0.0	0.0	0.0	0.0	0.0	0.0	
Sora	0.0	0.0	0.0	0.0	0.0	0.0	0.0	0.0	0.0	0.0	0.0	0.0	0.0	0.0	0.0	0.0	0.0	0.0	0.0	0.0	0.0	0.0	0.0	0.0	0.0	0.0	0.0	0.0	0.0	0.0	0.0	0.0	0.0	0.0	0.0	0.0	0.0384615	0.0	0.0	0.0	0.0	0.0	0.0	0.0	0.0	0.0	0.0	0.0	
American Coot	0.1428571	0.3333333	0.2	0.0185185	0.0833333	0.0	0.2727273	0.2	0.0833333	0.2727273	0.25	0.275	0.0	0.1818182	0.0	0.0	0.0	0.0	0.0	0.0	0.0	0.0	0.0	0.0	0.0	0.0	0.0	0.0	0.0	0.0	0.0	0.0	0.0	0.0	0.0	0.0	0.0	0.0	0.0625	0.0714286	0.0	0.0	0.0	0.2222222	0.4	0.2222222	0.1666667	0.3529412	
Black-bellied Plover	0.0	0.0	0.0	0.0	0.0	0.0	0.0	0.0	0.0	0.0	0.0	0.0	0.0	0.0	0.0	0.0	0.0	0.0	0.0	0.0	0.0	0.0	0.0	0.0	0.0	0.0	0.0	0.0	0.0	0.0	0.0	0.0	0.0	0.0555556	0.0	0.0	0.0	0.0	0.0	0.0714286	0.0	0.0	0.0	0.0	0.0	0.0	0.0	0.0	
Killdeer	0.0	0.0	0.0	0.0	0.0	0.0	0.0	0.0	0.0	0.0	0.0	0.0	0.0	0.0454545	0.1176471	0.0	0.0	0.0333333	0.0416667	0.0333333	0.1666667	0.1666667	0.0	0.0	0.0	0.0	0.0	0.0	0.0	0.0	0.0	0.0833333	0.0769231	0.1666667	0.0666667	0.0	0.0384615	0.0	0.0	0.0	0.0	0.0	0.0	0.0	0.0	0.0	0.0	0.0	
Ruddy Turnstone	0.0	0.0	0.0	0.0	0.0	0.0	0.0	0.0	0.0	0.0	0.0	0.0	0.0	0.0	0.0	0.0	0.0	0.0	0.0	0.0	0.0	0.0	0.0	0.0	0.0	0.0	0.0	0.0	0.0	0.0	0.0	0.0833333	0.0	0.0	0.0	0.0	0.0	0.0	0.0	0.0	0.0	0.0	0.0	0.0	0.0	0.0	0.0	0.0	
Red Knot	0.0	0.0	0.0	0.0	0.0	0.0	0.0	0.0	0.0	0.0	0.0	0.0	0.0	0.0	0.0	0.0	0.0	0.0	0.0	0.0	0.0	0.0	0.0	0.0	0.0	0.0	0.0	0.0	0.0	0.0	0.0	0.0833333	0.0	0.0	0.0	0.0	0.0	0.0	0.0	0.0	0.0	0.0	0.0	0.0	0.0	0.0	0.0	0.0	
Sanderling	0.0	0.0	0.0	0.0	0.0	0.0	0.0	0.0	0.0	0.0	0.0	0.0	0.0	0.0	0.0	0.0	0.0	0.0	0.0	0.0	0.0	0.0	0.0	0.0	0.0	0.0	0.0	0.0	0.0	0.0	0.0	0.0833333	0.0	0.0	0.0	0.0	0.0	0.0	0.0	0.0	0.0	0.0	0.0	0.0	0.0	0.0	0.0	0.0	
Least Sandpiper	0.0	0.0	0.0	0.0	0.0	0.0	0.0	0.0	0.0	0.0	0.0	0.0	0.0	0.0	0.0	0.0	0.0	0.0666667	0.0	0.0	0.0	0.0	0.0	0.0	0.0	0.0	0.0	0.0	0.0	0.0	0.0015	0.0	0.0	0.0	0.0	0.0	0.0	0.0	0.0	0.0	0.0	0.0	0.0	0.0	0.0	0.0	0.0	0.0	
Semipalmated Sandpiper	0.0	0.0	0.0	0.0	0.0	0.0	0.0	0.0	0.0	0.0	0.0	0.0	0.0	0.0	0.0	0.0	0.0	0.0	0.0	0.0	0.0	0.0	0.0	0.0	0.0	0.0	0.0	0.0	0.0	0.0	0.25	0.0833333	0.0769231	0.0555556	0.0	0.0	0.0	0.0	0.0	0.0	0.0	0.0	0.0	0.0	0.0	0.0	0.0	0.0	
American Woodcock	0.0	0.0	0.0	0.0	0.0	0.0	0.0	0.0	0.0	0.0	0.0	0.025	0.0	0.0	0.0	0.0	0.0	0.0	0.0	0.0	0.0	0.0	0.0	0.0	0.0	0.0	0.0	0.0	0.0	0.0	0.0	0.0	0.0	0.0	0.0	0.0	0.0	0.0	0.125	0.0	0.0	0.0	0.0	0.0	0.0	0.0	0.0	0.0	
Spotted Sandpiper	0.0	0.0	0.0	0.0	0.0	0.0	0.0	0.0	0.0	0.0	0.0	0.0	0.0	0.0	0.0	0.0	0.0344828	0.2333333	0.375	0.2333333	0.0	0.0	0.0	0.0	0.0	0.0	0.0	0.5	0.0	0.3333333	0.0015	0.0	0.0769231	0.0555556	0.0	0.0	0.0	0.0	0.0	0.0	0.0	0.0	0.0	0.0	0.0	0.0	0.0	0.0	
Solitary Sandpiper	0.0	0.0	0.0	0.0	0.0	0.0	0.0	0.0	0.0	0.0	0.0	0.0	0.0	0.0	0.0	0.0	0.0344828	0.0666667	0.0416667	0.1	0.0	0.0	0.0	0.0	0.0	0.0	0.0	0.0	0.0	0.0	0.0	0.0	0.0	0.0	0.0	0.0	0.0	0.0	0.0	0.0	0.0	0.0	0.0	0.0	0.0	0.0	0.0	0.0	
Greater Yellowlegs	0.0	0.0	0.0	0.0	0.0	0.0	0.0	0.0	0.0	0.0	0.0	0.0	0.0	0.0	0.0	0.0	0.0	0.0	0.0416667	0.0	0.0	0.0	0.0	0.0	0.0	0.0	0.0	0.0	0.0	0.0	0.0015	0.0	0.0	0.1111111	0.0	0.0	0.0	0.0	0.0	0.0	0.0	0.0	0.0	0.0	0.0	0.0	0.0	0.0	
Lesser Yellowlegs	0.0	0.0	0.0	0.0	0.0	0.0	0.0	0.0	0.0	0.0	0.0	0.0	0.0	0.0	0.0	0.0	0.0	0.0	0.0	0.0	0.0	0.0	0.0	0.0	0.0	0.0	0.0	0.0	0.0	0.0	0.25	0.0	0.0	0.0	0.0	0.0	0.0	0.0	0.0	0.0	0.0	0.0	0.0	0.0	0.0	0.0	0.0	0.0	
large shorebird sp.	0.0	0.0	0.0	0.0	0.0	0.0	0.0	0.0	0.0	0.0	0.0	0.0	0.0	0.0	0.0	0.0	0.0	0.0	0.0	0.0	0.0	0.0	0.0	0.0	0.0	0.0	0.0	0.0	0.0	0.0	0.0	0.0	0.0	0.0	0.0	0.0	0.0	0.0	0.0625	0.0	0.0	0.0	0.0	0.0	0.0	0.0	0.0	0.0	
shorebird sp.	0.0	0.0	0.0	0.0	0.0	0.0	0.0	0.0	0.0	0.0	0.0	0.0	0.0	0.0	0.0	0.0	0.0	0.0	0.0	0.0	0.0	0.0	0.0	0.0	0.0	0.0	0.0	0.0	0.0	0.0	0.0	0.0	0.0	0.1111111	0.0	0.0	0.0	0.0	0.0625	0.0	0.0	0.0	0.0	0.0	0.0	0.0	0.0	0.0	
Bonaparte's Gull	0.0	0.0	0.0	0.0	0.0	0.0	0.0	0.0	0.0	0.0	0.0	0.0	0.0	0.0	0.0	0.0	0.0	0.0	0.0	0.0	0.0	0.0	0.0	0.0	0.0	0.0	0.0	0.0	0.0	0.0	0.0	0.0	0.0	0.0555556	0.0	0.0	0.0	0.0	0.0	0.0	0.0	0.0	0.0	0.0	0.0	0.0	0.0	0.0	
Laughing Gull	0.0	0.0	0.0	0.0	0.0	0.0	0.0	0.0	0.0	0.0	0.0	0.0	0.0	0.0909091	0.0588235	0.037037	0.0344828	0.0333333	0.0833333	0.0666667	0.0833333	0.0	0.0015	0.0	0.0	0.0015	0.3333333	0.0	0.25	0.3333333	0.0	0.3333333	0.0769231	0.2777778	0.0666667	0.0625	0.1923077	0.1	0.125	0.2142857	0.0	0.0	0.125	0.0	0.0	0.0	0.0	0.0	
Ring-billed Gull	0.5714286	0.7777778	0.4	0.1296296	0.3333333	0.125	0.3636364	0.5	0.5833333	0.5454545	0.0	0.3	0.4545455	0.2727273	0.3529412	0.1851852	0.2413793	0.2	0.3333333	0.2666667	0.1666667	0.1666667	0.0	0.0833333	0.0666667	0.25	0.3333333	0.75	0.5	0.6666667	0.25	0.5	0.2307692	0.3888889	0.3333333	0.25	0.4230769	0.4	0.6875	0.5	1.0	0.2105263	0.75	0.7777778	1.0	0.7777778	0.5	0.8235294	
Herring Gull	0.1428571	0.5555556	0.0	0.0740741	0.1666667	0.125	0.3636364	0.1	0.3333333	0.3636364	0.0	0.475	0.2727273	0.3181818	0.5294118	0.2962963	0.2758621	0.4	0.375	0.6	0.4166667	0.5	0.0	0.4166667	0.6666667	0.25	0.3333333	0.75	0.5	0.6666667	0.5	0.5833333	0.4615385	0.6111111	0.4	0.375	0.3846154	0.55	0.4375	0.3571429	0.2	0.0526316	0.875	0.3333333	1.0	0.8888889	0.6666667	0.7058824	
Great Black-backed Gull	0.2857143	0.5555556	0.0	0.0925926	0.25	0.25	0.5454545	0.2	0.25	0.2727273	0.0	0.35	0.0909091	0.2727273	0.4705882	0.1481481	0.137931	0.3	0.25	0.4	0.3333333	0.5	0.0	0.0	0.3333333	0.25	0.3333333	0.0	0.0	0.6666667	0.25	0.5833333	0.1538462	0.3333333	0.2666667	0.1875	0.3461538	0.4	0.4375	0.5	0.4	0.2105263	0.75	0.5555556	0.8	0.4444444	0.6666667	0.5882353	
Larus sp.	0.0	0.0	0.0	0.0	0.0	0.0	0.0	0.0	0.0	0.0	0.0	0.0	0.0	0.0	0.0	0.0	0.0	0.0	0.0	0.0	0.0	0.0	0.0	0.0	0.0	0.0	0.0	0.0	0.0	0.0	0.0	0.0	0.0	0.0555556	0.0	0.0	0.0	0.0	0.0	0.0	0.0	0.0	0.0	0.0	0.0	0.0	0.0	0.0	
gull sp.	0.0	0.0	0.0	0.0185185	0.0	0.0	0.0	0.0	0.0	0.0	0.0	0.0	0.0	0.0	0.0	0.0	0.0	0.0	0.0	0.0	0.0	0.0	0.0	0.0	0.0	0.0	0.0	0.0	0.0	0.0	0.0	0.0	0.0	0.0	0.0	0.0	0.0384615	0.0	0.0625	0.0	0.0	0.0	0.0	0.0	0.0	0.0	0.0	0.0	
Caspian Tern	0.0	0.0	0.0	0.0	0.0	0.0	0.0	0.0	0.0	0.0	0.0	0.0	0.0	0.0	0.0	0.0	0.0	0.0	0.0	0.0	0.0	0.0	0.0	0.0	0.0	0.0	0.0	0.0	0.0	0.0	0.0	0.0	0.0	0.0	0.0	0.0	0.0	0.0	0.0625	0.0	0.0	0.0	0.0	0.0	0.0	0.0	0.0	0.0	
Black Tern	0.0	0.0	0.0	0.0	0.0	0.0	0.0	0.0	0.0	0.0	0.0	0.0	0.0	0.0	0.0	0.0	0.0	0.0	0.0	0.0	0.0	0.0	0.0	0.0	0.0	0.0	0.0	0.0	0.0	0.0	0.0	0.0	0.0	0.0555556	0.0	0.0	0.0	0.0	0.0	0.0	0.0	0.0	0.0	0.0	0.0	0.0	0.0	0.0	
Common Tern	0.0	0.0	0.0	0.0	0.0	0.0	0.0	0.0	0.0	0.0	0.0	0.0	0.0	0.0	0.0	0.0	0.0	0.0	0.0416667	0.0333333	0.0833333	0.1666667	0.0	0.0	0.0	0.0	0.3333333	0.25	0.0	0.3333333	0.0	0.0	0.0769231	0.1666667	0.0	0.0	0.0	0.0	0.0	0.0	0.0	0.0	0.0	0.0	0.0	0.0	0.0	0.0	
Sterna sp.	0.0	0.0	0.0	0.0	0.0	0.0	0.0	0.0	0.0	0.0	0.0	0.0	0.0	0.0	0.0	0.0	0.0	0.0	0.0	0.0	0.0	0.0	0.0	0.0	0.0	0.0	0.0	0.0	0.0	0.0	0.0	0.0833333	0.0	0.0	0.0	0.0	0.0	0.0	0.0	0.0	0.0	0.0	0.0	0.0	0.0	0.0	0.0	0.0	
Black Skimmer	0.0	0.0	0.0	0.0	0.0	0.0	0.0	0.0	0.0	0.0	0.0	0.0	0.0	0.0	0.0	0.0	0.0	0.0	0.0	0.0	0.0	0.0	0.0	0.0	0.0	0.0	0.0015	0.0	0.0	0.0	0.0	0.0	0.0	0.0555556	0.0	0.0	0.0	0.0	0.0	0.0	0.0	0.0	0.0	0.0	0.0	0.0	0.0	0.0	
Common Loon	0.0	0.0	0.0	0.0	0.0	0.0	0.0	0.0	0.0	0.0	0.0	0.05	0.0015	0.2272727	0.1176471	0.0740741	0.0689655	0.0	0.0	0.0	0.0	0.0	0.0	0.0	0.0	0.0	0.0	0.0	0.0	0.0	0.0	0.0	0.0	0.1111111	0.0	0.0	0.1153846	0.05	0.0625	0.2142857	0.0	0.0	0.0	0.0	0.0	0.0	0.0	0.3529412	
Great Cormorant	0.0	0.0	0.0	0.0185185	0.0	0.0	0.0909091	0.0	0.0	0.0	0.0	0.0	0.0	0.0	0.0	0.0	0.0	0.0	0.0	0.0	0.0	0.0	0.0	0.0	0.0	0.0	0.0	0.0	0.0	0.0	0.0	0.0	0.0	0.0	0.0	0.0	0.0	0.05	0.0	0.0	0.0	0.0	0.0	0.0	0.0	0.0	0.0	0.0	
Double-crested Cormorant	0.0015	0.1111111	0.4	0.0015	0.0	0.0	0.0909091	0.0	0.0	0.0	0.0	0.225	0.1818182	0.3181818	0.6470588	0.6296296	0.4827586	0.5333333	0.5416667	0.6333333	0.5833333	0.5	0.0	0.3333333	0.7333333	0.25	0.3333333	0.25	0.25	0.0015	0.5	0.4166667	0.2307692	0.2777778	0.2	0.25	0.3076923	0.35	0.375	0.2142857	0.4	0.0	0.5	0.2222222	0.0	0.0	0.0	0.1764706	
cormorant sp.	0.0	0.0	0.0	0.0	0.0	0.0	0.0	0.0	0.0	0.0	0.0	0.0	0.0	0.0	0.0	0.0	0.0	0.0333333	0.0	0.0	0.0	0.0	0.0	0.0	0.0	0.0	0.0	0.0	0.0	0.0	0.0	0.0	0.0	0.0	0.0	0.0	0.0	0.0	0.0	0.0	0.0	0.0	0.0	0.0	0.0	0.0	0.0	0.0	
Great Blue Heron	0.0	0.1111111	0.0	0.0185185	0.0	0.125	0.0909091	0.0	0.0833333	0.0909091	0.0	0.075	0.0	0.1818182	0.2352941	0.1481481	0.0	0.0333333	0.0	0.0666667	0.0	0.0	0.0	0.0	0.0666667	0.0	0.0	0.0	0.0	0.0	0.0	0.0833333	0.0	0.2222222	0.0	0.0625	0.2307692	0.1	0.125	0.1428571	0.2	0.0526316	0.0	0.3333333	0.2	0.2222222	0.0	0.0	
Great Egret	0.0	0.0	0.0	0.0	0.0	0.0	0.0	0.0	0.0	0.0	0.0	0.025	0.0	0.0909091	0.3529412	0.4074074	0.1034483	0.4333333	0.5416667	0.4333333	0.0833333	0.3333333	0.4	0.0833333	0.4	0.5	0.0	0.5	0.5	0.3333333	0.25	0.25	0.0769231	0.1666667	0.1333333	0.0625	0.0769231	0.05	0.0	0.0714286	0.2	0.0526316	0.0	0.0	0.0	0.0	0.0	0.0	
Snowy Egret	0.0	0.0	0.0	0.0	0.0	0.0	0.0	0.0	0.0	0.0	0.0	0.0	0.0	0.0	0.0	0.0	0.0	0.0	0.0	0.0	0.0	0.1666667	0.0	0.0	0.0	0.25	0.0	0.0	0.25	0.0	0.0	0.0833333	0.0	0.0	0.0	0.0	0.0	0.0	0.0	0.0	0.0	0.0	0.0	0.0	0.0	0.0	0.0	0.0	
Little Blue Heron	0.0	0.0	0.0	0.0	0.0	0.0	0.0	0.0	0.0	0.0	0.0	0.0	0.0	0.0	0.0	0.0	0.0	0.0	0.0	0.0	0.0	0.0	0.0	0.0	0.0	0.0	0.0	0.0	0.0	0.0	0.0	0.0833333	0.0	0.0	0.0	0.0	0.0	0.0	0.0	0.0	0.0	0.0	0.0	0.0	0.0	0.0	0.0	0.0	
Green Heron	0.0	0.0	0.0	0.0	0.0	0.0	0.0	0.0	0.0	0.0	0.0	0.0	0.0	0.0	0.0015	0.1481481	0.0689655	0.2	0.0833333	0.0	0.0	0.1666667	0.0	0.0	0.1333333	0.0	0.0	0.0	0.0	0.0	0.0	0.25	0.0769231	0.1666667	0.1333333	0.0625	0.0	0.0	0.0	0.0	0.0	0.0	0.0	0.0	0.0	0.0	0.0	0.0	
Black-crowned Night-Heron	0.0	0.0	0.0	0.0	0.0	0.0	0.0	0.0	0.0	0.0	0.0	0.0015	0.0909091	0.1818182	0.3529412	0.1111111	0.1034483	0.1333333	0.2083333	0.4333333	0.25	0.3333333	0.2	0.8333333	0.9333333	0.25	0.0	0.25	0.5	0.3333333	0.25	0.25	0.4615385	0.3888889	0.6666667	0.3125	0.1923077	0.05	0.0625	0.0714286	0.2	0.0526316	0.0	0.3333333	0.0	0.1111111	0.0	0.0	
Yellow-crowned Night-Heron	0.0	0.0	0.0	0.0	0.0	0.0	0.0	0.0	0.0	0.0	0.0	0.0	0.0	0.0	0.0015	0.0	0.0	0.0	0.0	0.0	0.0	0.0	0.0	0.0	0.0	0.0	0.0	0.0	0.0	0.0	0.0	0.0	0.0769231	0.0	0.0	0.0	0.0	0.0	0.0	0.0	0.0	0.0	0.0	0.0	0.0	0.0	0.0	0.0	
heron sp.	0.0	0.0	0.0	0.0	0.0	0.0	0.0	0.0	0.0	0.0	0.0	0.0	0.0	0.0	0.0	0.0	0.0	0.0	0.0	0.0	0.0	0.0	0.0	0.0	0.0	0.0	0.0	0.0	0.0	0.0	0.0	0.0	0.0	0.0	0.0	0.0	0.0	0.0	0.0625	0.0	0.0	0.0	0.0	0.0	0.0	0.0	0.0	0.0	
Glossy Ibis	0.0	0.0	0.0	0.0	0.0	0.0	0.0	0.0	0.0	0.0	0.0	0.0	0.0	0.0	0.0	0.0	0.0	0.0	0.0	0.0	0.0	0.0	0.0	0.0	0.0	0.0	0.0	0.0	0.0	0.0	0.0	0.0833333	0.0	0.0	0.0	0.0	0.0	0.0	0.0	0.0	0.0	0.0	0.0	0.0	0.0	0.0	0.0	0.0	
Turkey Vulture	0.0	0.0	0.0	0.0	0.0	0.0	0.0	0.0	0.0	0.0909091	0.0	0.0	0.0	0.0	0.0	0.0	0.0	0.0015	0.0416667	0.0333333	0.0015	0.0	0.0	0.0	0.0	0.0	0.0	0.0	0.0	0.0	0.0	0.0833333	0.0	0.0	0.0	0.0625	0.0769231	0.0	0.0	0.0714286	0.0	0.0	0.0	0.1111111	0.0	0.0	0.0	0.0	
Osprey	0.0	0.0	0.0	0.0	0.0	0.0	0.0	0.0	0.0	0.0	0.0	0.0	0.0909091	0.0454545	0.0588235	0.0	0.0689655	0.0333333	0.0015	0.0	0.0	0.0	0.0	0.0833333	0.0666667	0.0	0.0	0.0	0.0	0.0	0.0015	0.25	0.1538462	0.2777778	0.4	0.1875	0.3076923	0.1	0.0625	0.2142857	0.0	0.0	0.0	0.0	0.0	0.0	0.0	0.0	
Mississippi Kite	0.0	0.0	0.0	0.0	0.0	0.0	0.0	0.0	0.0	0.0	0.0	0.0	0.0	0.0	0.0	0.0	0.0	0.0	0.0	0.0015	0.0	0.1666667	0.0	0.0	0.0	0.0	0.0	0.0	0.0	0.0	0.0	0.0	0.0	0.0	0.0	0.0	0.0	0.0	0.0	0.0	0.0	0.0	0.0	0.0	0.0	0.0	0.0	0.0	
Northern Harrier	0.0	0.0	0.0	0.0	0.0	0.0	0.0	0.0	0.0	0.0	0.0	0.0	0.0	0.0	0.0	0.0	0.0	0.0	0.0	0.0	0.0	0.0	0.0	0.0	0.0	0.0	0.0	0.0	0.0	0.0	0.0	0.0833333	0.0	0.0555556	0.0	0.0	0.0384615	0.0	0.0625	0.0714286	0.0	0.0	0.0	0.0	0.0	0.0	0.0	0.0588235	
Sharp-shinned Hawk	0.1428571	0.1111111	0.0015	0.037037	0.0833333	0.0	0.0	0.0015	0.0	0.0	0.0	0.0	0.0	0.0454545	0.0	0.0	0.0015	0.0	0.0	0.0	0.0	0.0	0.0	0.0	0.0	0.0	0.0	0.0	0.0	0.0	0.0	0.0	0.0	0.1111111	0.0666667	0.0625	0.2692308	0.25	0.0625	0.1428571	0.0	0.0	0.25	0.0	0.2	0.2222222	0.0	0.0	
Cooper's Hawk	0.2857143	0.0	0.4	0.1111111	0.0833333	0.0015	0.0909091	0.2	0.0833333	0.0909091	0.0015	0.05	0.0909091	0.0909091	0.0	0.037037	0.0	0.0	0.0	0.0	0.0	0.0	0.0	0.0	0.0	0.0	0.0	0.0	0.0	0.0015	0.0	0.0	0.0	0.0555556	0.0015	0.25	0.1923077	0.05	0.1875	0.2142857	0.0	0.0015	0.0015	0.2222222	0.2	0.3333333	0.1666667	0.1764706	
Accipiter sp.	0.0	0.0	0.0	0.0	0.0	0.0	0.0	0.0	0.0	0.0	0.0	0.0	0.0	0.0	0.0	0.0	0.0	0.0	0.0	0.0	0.0	0.0	0.0	0.0	0.0	0.0	0.0	0.0	0.0	0.0	0.0	0.0	0.0	0.0	0.0	0.0	0.0384615	0.0	0.0	0.0	0.0	0.0	0.0	0.0	0.0	0.0	0.0	0.0	
Bald Eagle	0.0	0.0	0.0015	0.0	0.0	0.0	0.0	0.0	0.0	0.0	0.0	0.0	0.0	0.0	0.0	0.0	0.0	0.0	0.0	0.0333333	0.0833333	0.0	0.0	0.0	0.0	0.0	0.0	0.0	0.0	0.0	0.0	0.0	0.0	0.0	0.0	0.0	0.0	0.0	0.0	0.0	0.0	0.0	0.125	0.1111111	0.0	0.0	0.0	0.0	
Red-shouldered Hawk	0.0	0.0	0.0	0.0	0.0	0.0	0.0	0.0015	0.0	0.0	0.0	0.0	0.0	0.0	0.0	0.0	0.0	0.0	0.0	0.0	0.0	0.0	0.0	0.0	0.0	0.0	0.0	0.0	0.0	0.0	0.0015	0.0	0.0	0.0	0.0	0.0	0.0	0.0	0.0625	0.0	0.0	0.0	0.0	0.1111111	0.0	0.0	0.0	0.0588235	
Broad-winged Hawk	0.0	0.0	0.0	0.0	0.0	0.0	0.0	0.0	0.0	0.0	0.0	0.0	0.0	0.0	0.0	0.0	0.0	0.0	0.0	0.0	0.0	0.0	0.0	0.0	0.0	0.0	0.0	0.0	0.0	0.0	0.0	0.0	0.0	0.0555556	0.0	0.125	0.0769231	0.0	0.0015	0.0	0.0	0.0	0.0	0.0	0.0	0.0	0.0	0.0	
Red-tailed Hawk	0.1428571	0.7777778	0.4	0.3888889	0.5833333	0.5	0.4545455	0.4	0.5	0.4545455	0.0	0.325	0.6363636	0.3181818	0.3529412	0.3703704	0.2068966	0.2666667	0.125	0.3333333	0.4166667	0.3333333	0.0	0.0833333	0.0666667	0.75	0.3333333	0.5	0.5	0.0	0.0	0.0833333	0.3846154	0.1666667	0.3333333	0.3125	0.2692308	0.25	0.3125	0.5	0.4	0.2631579	0.375	0.6666667	0.6	0.6666667	0.5	0.8235294	
Barn Owl	0.0	0.0	0.0	0.0	0.0	0.0	0.0	0.0	0.0	0.0	0.0	0.0	0.0	0.0	0.0	0.0	0.0	0.0	0.0	0.0	0.0	0.0	0.0	0.0	0.0	0.0	0.0	0.0	0.0	0.0	0.0	0.0	0.0	0.0	0.0666667	0.0	0.0	0.0	0.0	0.0	0.0	0.0	0.0	0.0	0.0	0.0	0.0	0.0	
Eastern Screech-Owl	0.0015	0.6666667	0.2	0.0	0.0015	0.0	0.0	0.0	0.0	0.0	0.0	0.0	0.0	0.0454545	0.0588235	0.1111111	0.0	0.1	0.0	0.0666667	0.0	0.0	0.0	0.0	0.0	0.0	0.0	0.0	0.0	0.0	0.0	0.0	0.0	0.0	0.0	0.0	0.0	0.0	0.0	0.0	0.0	0.0	0.0	0.0	0.0	0.0	0.0	0.0	
Great Horned Owl	0.0	0.0	0.0015	0.0	0.0	0.0	0.0	0.0	0.0	0.0	0.0	0.0	0.0	0.0	0.0	0.0	0.0	0.0	0.0	0.0	0.0	0.0	0.0	0.0	0.0	0.0	0.0	0.0	0.0	0.0	0.0	0.0	0.0	0.0	0.0	0.0	0.0	0.0	0.0	0.0	0.0	0.0	0.0	0.0	0.0	0.0	0.0	0.0	
Long-eared Owl	0.1428571	0.3333333	0.0	0.037037	0.0833333	0.125	0.0	0.0	0.0	0.0	0.0	0.0	0.0	0.0	0.0	0.0	0.0	0.0	0.0	0.0	0.0	0.0	0.0	0.0	0.0	0.0	0.0	0.0	0.0	0.0	0.0	0.0	0.0	0.0	0.0	0.0	0.0	0.0	0.0	0.0	0.0	0.0	0.0	0.0	0.0	0.0	0.0	0.0	
Belted Kingfisher	0.1428571	0.4444444	0.0	0.0	0.0	0.0	0.0	0.0	0.0	0.0909091	0.0	0.0	0.0909091	0.0	0.0588235	0.037037	0.0344828	0.0333333	0.0	0.0333333	0.0	0.0	0.0	0.0	0.0	0.0	0.0	0.25	0.0	0.3333333	0.0	0.1666667	0.0	0.1111111	0.1333333	0.0	0.1538462	0.0	0.0	0.0	0.4	0.0526316	0.0	0.1111111	0.0015	0.0	0.1666667	0.0588235	
Yellow-bellied Sapsucker	0.1428571	0.3333333	0.0	0.6111111	0.6666667	0.125	0.1818182	0.0	0.3333333	0.1818182	0.0	0.325	0.5454545	0.3636364	0.1764706	0.037037	0.0344828	0.0	0.0	0.0015	0.0	0.0	0.0	0.0	0.0	0.0	0.0	0.0	0.0	0.0	0.0	0.0	0.0	0.0	0.0666667	0.4375	0.6538462	0.5	0.25	0.3571429	0.0	0.1052632	0.125	0.1111111	0.4	0.4444444	0.1666667	0.2352941	
Red-headed Woodpecker	0.0	0.0	0.0	0.0	0.0	0.0	0.0	0.0	0.0	0.0	0.0	0.0	0.0	0.0	0.0	0.0	0.0	0.0	0.0	0.0	0.0	0.0	0.0	0.0	0.0	0.0	0.0	0.0	0.0	0.0	0.0	0.0	0.0	0.0	0.0	0.0	0.0	0.0	0.0	0.0	0.0	0.0	0.0	0.0	0.0	0.4444444	0.1666667	0.4117647	
Red-bellied Woodpecker	0.2857143	0.4444444	0.8	0.0740741	0.3333333	0.25	0.1818182	0.2	0.4166667	0.5454545	0.0015	0.375	0.2727273	0.4090909	0.4705882	0.6296296	0.3103448	0.4666667	0.6666667	0.3666667	0.5833333	0.5	0.4	0.25	0.2	0.5	0.0	0.25	0.25	0.3333333	0.5	0.25	0.6153846	0.2777778	0.5333333	0.5	0.5	0.55	0.4375	0.5714286	0.6	0.2105263	0.25	0.4444444	0.8	0.8888889	0.6666667	0.7058824	
Downy Woodpecker	0.4285714	0.6666667	0.2	0.0925926	0.3333333	0.25	0.0909091	0.3	0.5833333	0.6363636	0.0015	0.45	0.5454545	0.5	0.5882353	0.6666667	0.4137931	0.4	0.2916667	0.4333333	0.25	0.6666667	0.0	0.0833333	0.3333333	0.5	0.3333333	0.25	0.25	0.0	0.5	0.3333333	0.6923077	0.2777778	0.6666667	0.5	0.4615385	0.45	0.3125	0.3571429	0.6	0.1052632	0.25	0.6666667	0.6	0.5555556	0.1666667	0.5882353	
Hairy Woodpecker	0.0	0.2222222	0.2	0.0	0.0015	0.125	0.0	0.2	0.0	0.0	0.0	0.05	0.1818182	0.0	0.0588235	0.0	0.0689655	0.0	0.125	0.0333333	0.0	0.0	0.0	0.0	0.0	0.0	0.0	0.0	0.0	0.6666667	0.0	0.0	0.0	0.0	0.0666667	0.0625	0.1153846	0.05	0.125	0.0714286	0.0	0.0	0.0	0.1111111	0.0	0.2222222	0.0	0.1176471	
Northern Flicker	0.1428571	0.1111111	0.0	0.0185185	0.1666667	0.0015	0.0	0.1	0.1666667	0.0909091	0.0	0.275	0.2727273	0.5454545	0.5294118	0.6666667	0.2758621	0.3333333	0.3333333	0.3	0.3333333	0.1666667	0.2	0.3333333	0.4	0.5	0.0	0.25	0.5	0.0015	0.25	0.5833333	0.5384615	0.7777778	0.8	0.625	0.7692308	0.55	0.5	0.5714286	0.2	0.1052632	0.125	0.2222222	0.2	0.3333333	0.0	0.1764706	
American Kestrel	0.0	0.0	0.0	0.1851852	0.0	0.0	0.0015	0.1	0.0833333	0.0	0.0	0.05	0.1818182	0.0909091	0.0588235	0.0740741	0.0344828	0.1	0.0416667	0.0333333	0.0	0.1666667	0.0	0.0	0.0	0.0	0.0	0.25	0.0	0.0	0.25	0.1666667	0.0	0.2777778	0.0666667	0.125	0.1923077	0.15	0.125	0.1428571	0.0015	0.0	0.0	0.0	0.0	0.0	0.1666667	0.0015	
Merlin	0.1428571	0.0	0.0	0.0	0.0833333	0.0	0.0909091	0.0	0.0833333	0.1818182	0.0	0.0	0.0	0.0	0.0	0.0	0.0344828	0.0333333	0.0	0.0	0.0	0.0	0.0	0.0	0.0	0.0	0.0	0.0	0.0	0.0	0.0	0.0	0.0	0.1111111	0.1333333	0.0625	0.1153846	0.0	0.0625	0.0714286	0.0	0.0015	0.0	0.0	0.0	0.0	0.0	0.0	
Peregrine Falcon	0.1428571	0.2222222	0.2	0.0555556	0.0	0.25	0.0	0.0	0.0	0.0015	0.25	0.0	0.0909091	0.0454545	0.1176471	0.0	0.0015	0.0333333	0.0	0.1	0.0	0.0	0.0	0.0833333	0.0	0.0	0.0	0.0	0.0015	0.0	0.0	0.0833333	0.0769231	0.4444444	0.0	0.0625	0.1923077	0.1	0.1875	0.2142857	0.0	0.0	0.0	0.0	0.2	0.0	0.0	0.1176471	
Monk Parakeet	0.0	0.0	0.0	0.0	0.0	0.0	0.0	0.0	0.0	0.0	0.0	0.0	0.0	0.0	0.0	0.037037	0.0	0.0	0.0	0.0	0.0	0.0015	0.2	0.0	0.0	0.0015	0.0	0.0	0.0	0.0	0.0	0.0833333	0.0	0.0	0.0015	0.0	0.0	0.0	0.0	0.0	0.0	0.0	0.0	0.0	0.0	0.0	0.0	0.0	
Olive-sided Flycatcher	0.0	0.0	0.0	0.0	0.0	0.0	0.0	0.0	0.0	0.0	0.0	0.0	0.0	0.0	0.0	0.0	0.0	0.0333333	0.0416667	0.0015	0.0	0.0	0.0	0.0	0.0	0.0	0.0	0.0	0.0	0.0	0.0	0.0833333	0.0	0.0555556	0.0	0.0	0.0	0.0	0.0	0.0	0.0	0.0	0.0	0.0	0.0	0.0	0.0	0.0	
Eastern Wood-Pewee	0.0	0.0	0.0	0.0	0.0	0.0	0.0	0.0	0.0	0.0	0.0	0.0	0.0	0.0	0.0	0.0	0.0	0.0333333	0.3333333	0.4333333	0.3333333	0.6666667	0.0	0.0	0.0	0.0	0.0	0.0	0.0	0.0	0.0	0.0833333	0.4615385	0.2222222	0.2	0.0625	0.1923077	0.0	0.0	0.0	0.0	0.0	0.0	0.0	0.0	0.0	0.0	0.0	
Yellow-bellied Flycatcher	0.0	0.0	0.0	0.0	0.0	0.0	0.0	0.0	0.0	0.0	0.0	0.0	0.0	0.0	0.0	0.0	0.0	0.0	0.0416667	0.0333333	0.0833333	0.0	0.0	0.0	0.0	0.0	0.0	0.0	0.0	0.0	0.0	0.0	0.1538462	0.1111111	0.0666667	0.0	0.0	0.0	0.0	0.0	0.0	0.0	0.0	0.0	0.0	0.0	0.0	0.0	
Acadian Flycatcher	0.0	0.0	0.0	0.0	0.0	0.0	0.0	0.0	0.0	0.0	0.0	0.0	0.0	0.0	0.0	0.0	0.0	0.0	0.0	0.0666667	0.0	0.0	0.0	0.0	0.0	0.0	0.0	0.0	0.0	0.0	0.0	0.0	0.0769231	0.0	0.0	0.0	0.0	0.0	0.0	0.0	0.0	0.0	0.0	0.0	0.0	0.0	0.0	0.0	
Alder Flycatcher	0.0	0.0	0.0	0.0	0.0	0.0	0.0	0.0	0.0	0.0	0.0	0.0	0.0	0.0	0.0	0.0	0.0	0.0	0.0	0.0333333	0.0	0.0	0.0	0.0	0.0	0.0	0.0	0.0	0.0	0.0	0.0	0.0	0.0	0.0	0.0	0.0	0.0	0.0	0.0	0.0	0.0	0.0	0.0	0.0	0.0	0.0	0.0	0.0	
Willow Flycatcher	0.0	0.0	0.0	0.0	0.0	0.0	0.0	0.0	0.0	0.0	0.0	0.0	0.0	0.0	0.0	0.0	0.0	0.0	0.0	0.0	0.0833333	0.0	0.0	0.0	0.0	0.0	0.0	0.0	0.0	0.0	0.0	0.0833333	0.0769231	0.0	0.0	0.0	0.0	0.0	0.0	0.0	0.0	0.0	0.0	0.0	0.0	0.0	0.0	0.0	
Least Flycatcher	0.0	0.0	0.0	0.0	0.0	0.0	0.0	0.0	0.0	0.0	0.0	0.0	0.0	0.0	0.0	0.037037	0.0015	0.0666667	0.1666667	0.0666667	0.0	0.0	0.0	0.0	0.0	0.0	0.0	0.0	0.0	0.0	0.25	0.0833333	0.0769231	0.1666667	0.0666667	0.0	0.0	0.05	0.0	0.0	0.0	0.0	0.0	0.0	0.0	0.0	0.0	0.0	
Empidonax sp.	0.0	0.0	0.0	0.0	0.0	0.0	0.0	0.0	0.0	0.0	0.0	0.0	0.0	0.0	0.0	0.0	0.0	0.0	0.0833333	0.0	0.0	0.0	0.0	0.0	0.0	0.0	0.0	0.0	0.0	0.0	0.0	0.0	0.0	0.2222222	0.0666667	0.125	0.0	0.0	0.0	0.0	0.0	0.0	0.0	0.0	0.0	0.0	0.0	0.0	
Eastern Phoebe	0.0	0.0	0.0	0.0	0.0	0.0	0.0	0.0	0.0	0.0	0.0	0.3	0.7272727	0.3636364	0.0588235	0.0	0.0	0.0666667	0.0	0.0666667	0.0	0.0	0.0	0.0	0.0	0.0	0.0	0.0	0.0	0.0	0.0	0.0833333	0.0	0.0	0.4666667	0.375	0.6538462	0.55	0.125	0.3571429	0.2	0.0	0.0	0.0	0.0	0.0	0.0	0.0	
Great Crested Flycatcher	0.0	0.0	0.0	0.0	0.0	0.0	0.0	0.0	0.0	0.0	0.0	0.0	0.0	0.0	0.0	0.0	0.0689655	0.1333333	0.2916667	0.1666667	0.25	0.0	0.0	0.0833333	0.0015	0.0	0.0	0.0	0.0	0.0	0.0	0.1666667	0.0	0.1666667	0.0666667	0.0	0.0384615	0.0	0.0	0.0	0.0	0.0	0.0	0.0	0.0	0.0	0.0	0.0	
Western Kingbird	0.0	0.0	0.0	0.0	0.0	0.0	0.0	0.0	0.0	0.0	0.0	0.0	0.0	0.0	0.0	0.0	0.0	0.0	0.0	0.0	0.0	0.0	0.0	0.0	0.0	0.0	0.0	0.0	0.0	0.0	0.0	0.0	0.0	0.0	0.0	0.0	0.0384615	0.0	0.0	0.0	0.0	0.0	0.0	0.0	0.0	0.0	0.0	0.0	
Eastern Kingbird	0.0	0.0	0.0	0.0	0.0	0.0	0.0	0.0	0.0	0.0	0.0	0.0	0.0	0.0	0.0015	0.037037	0.1034483	0.3666667	0.5833333	0.4333333	0.3333333	0.3333333	0.2	0.4166667	0.2	0.25	0.0	0.0	0.0	0.0	0.75	0.0015	0.0	0.1111111	0.0	0.0	0.0	0.0	0.0	0.0	0.0	0.0	0.0	0.0	0.0	0.0	0.0	0.0	
White-eyed Vireo	0.0	0.0	0.0	0.0	0.0	0.0	0.0	0.0	0.0	0.0	0.0	0.0	0.0	0.0	0.0	0.0	0.1034483	0.0333333	0.0	0.0	0.0	0.0	0.0	0.0	0.0	0.0	0.0	0.0	0.0	0.0	0.0	0.0	0.0	0.0	0.0	0.0	0.0384615	0.05	0.0	0.0	0.0	0.0	0.0	0.0	0.0	0.0	0.0	0.0	
Yellow-throated Vireo	0.0	0.0	0.0	0.0	0.0	0.0	0.0	0.0	0.0	0.0	0.0	0.0	0.0	0.0	0.0	0.037037	0.0689655	0.0666667	0.0	0.0	0.0	0.0	0.0	0.0	0.0	0.0	0.0	0.0	0.0	0.0	0.0	0.0	0.0	0.0	0.0	0.0	0.0	0.0	0.0	0.0	0.0	0.0	0.0	0.0	0.0	0.0	0.0	0.0	
Blue-headed Vireo	0.0	0.0	0.0	0.0	0.0	0.0	0.0	0.0	0.0	0.0	0.0	0.0	0.0	0.0454545	0.0588235	0.4814815	0.4137931	0.1666667	0.1666667	0.0666667	0.0	0.0	0.0	0.0	0.0	0.0	0.0	0.0	0.0	0.0	0.0	0.0	0.0	0.0	0.0666667	0.125	0.3076923	0.2	0.0	0.0	0.0	0.0	0.0	0.0	0.0	0.0	0.0	0.0	
Warbling Vireo	0.0	0.0	0.0	0.0	0.0	0.0	0.0	0.0	0.0	0.0	0.0	0.0	0.0	0.0	0.0	0.0	0.2068966	0.3666667	0.5	0.4666667	0.3333333	0.1666667	0.2	0.0833333	0.2666667	0.25	0.0	0.0	0.0	0.0	0.0	0.25	0.6153846	0.1111111	0.0666667	0.0	0.0	0.0	0.0	0.0	0.0	0.0	0.0	0.0	0.0	0.0	0.0	0.0	
Red-eyed Vireo	0.0	0.0	0.0	0.0	0.0	0.0	0.0	0.0	0.0	0.0	0.0	0.0	0.0	0.0	0.0	0.0740741	0.2413793	0.1666667	0.2916667	0.3666667	0.1666667	0.0	0.0	0.0	0.0666667	0.0	0.0	0.0	0.0	0.0	0.0	0.25	0.5384615	0.3888889	0.4666667	0.3125	0.1923077	0.1	0.0	0.0	0.0	0.0	0.0	0.0	0.0	0.0	0.0	0.0	
Blue Jay	0.5714286	0.6666667	0.8	0.1111111	0.4166667	0.625	0.3636364	0.3	0.75	0.8181818	0.0015	0.625	0.5454545	0.6818182	0.6470588	0.7037037	0.5172414	0.5666667	0.7083333	0.7333333	0.6666667	0.8333333	0.8	0.8333333	0.3333333	1.0	0.6666667	0.5	0.5	0.3333333	0.75	0.4166667	0.6153846	0.3888889	0.7333333	0.8125	0.8461538	0.7	0.8125	0.8571429	1.0	0.3157895	0.25	0.6666667	0.6	0.8888889	0.6666667	0.8235294	
American Crow	0.2857143	0.1111111	0.0015	0.0925926	0.0833333	0.125	0.0909091	0.1	0.1666667	0.3636364	0.0	0.225	0.1818182	0.0454545	0.2352941	0.2222222	0.2068966	0.2666667	0.1666667	0.2	0.0833333	0.5	0.2	0.0833333	0.0	0.0	0.0	0.25	0.25	0.0015	0.25	0.4166667	0.3076923	0.2777778	0.2	0.1875	0.5	0.35	0.25	0.5714286	0.4	0.0526316	0.25	0.4444444	0.4	0.4444444	0.0	0.2352941	
Fish Crow	0.0	0.0	0.0	0.0015	0.0	0.0	0.0	0.0	0.0	0.0	0.0	0.0	0.0909091	0.0	0.0015	0.0	0.0	0.0333333	0.0	0.0333333	0.0833333	0.0	0.0	0.0833333	0.0	0.0	0.0	0.0	0.0	0.0	0.0	0.0	0.0	0.0	0.0	0.0	0.0384615	0.0	0.0	0.0	0.0	0.0	0.0	0.0	0.0	0.0	0.0	0.0	
Black-capped Chickadee	0.5714286	0.7777778	0.4	0.1296296	0.3333333	0.625	0.4545455	0.5	0.5833333	0.7272727	0.5	0.5	0.7272727	0.5909091	0.4705882	0.1111111	0.0689655	0.1666667	0.0416667	0.1	0.0	0.0	0.0	0.0	0.0666667	0.25	0.0	0.0	0.25	0.3333333	0.25	0.0833333	0.1538462	0.0015	0.0666667	0.1875	0.1538462	0.15	0.125	0.1428571	0.2	0.2105263	0.125	0.5555556	0.6	0.5555556	0.0	0.5882353	
Tufted Titmouse	0.4285714	0.7777778	0.6	0.0925926	0.4166667	0.25	0.1818182	0.4	0.5	0.6363636	0.0015	0.55	0.5454545	0.4090909	0.4117647	0.4814815	0.1724138	0.3	0.1666667	0.2666667	0.0833333	0.0	0.0	0.25	0.2	0.0	0.0	0.0	0.0	0.3333333	0.5	0.3333333	0.3076923	0.1111111	0.2666667	0.125	0.5	0.55	0.5	0.5714286	0.6	0.2631579	0.375	0.5555556	0.6	0.8888889	0.3333333	0.7647059	
Northern Rough-winged Swallow	0.0	0.0	0.0	0.0	0.0	0.0	0.0	0.0	0.0	0.0	0.0	0.0	0.0	0.0454545	0.0588235	0.0740741	0.1034483	0.3333333	0.2916667	0.2333333	0.25	0.1666667	0.4	0.1666667	0.0666667	0.0	0.0	0.0	0.25	0.0	0.25	0.0	0.0	0.0	0.0	0.0	0.0	0.0	0.0	0.0	0.0	0.0	0.0	0.0	0.0	0.0	0.0	0.0	
Purple Martin	0.0	0.0	0.0	0.0	0.0	0.0	0.0	0.0	0.0	0.0	0.0	0.0	0.0	0.0	0.0	0.0	0.0	0.0	0.0	0.0333333	0.0	0.0	0.0	0.0	0.0	0.0	0.0	0.0	0.0	0.0	0.0	0.0	0.0	0.0	0.0	0.0	0.0	0.0	0.0	0.0	0.0	0.0	0.0	0.0	0.0	0.0	0.0	0.0	
Tree Swallow	0.0	0.0	0.0	0.0	0.0	0.0	0.0	0.0	0.0	0.0	0.0	0.0	0.0	0.0	0.0	0.0740741	0.0	0.1333333	0.0833333	0.1333333	0.0	0.1666667	0.4	0.0833333	0.0	0.0	0.0	0.0	0.0	0.0	0.0	0.0833333	0.0	0.0	0.0	0.0	0.0769231	0.0	0.0	0.0	0.2	0.0	0.0	0.0	0.0	0.0	0.0	0.0	
Bank Swallow	0.0	0.0	0.0	0.0	0.0	0.0	0.0	0.0	0.0	0.0	0.0	0.0	0.0	0.0	0.0	0.0	0.0	0.0	0.0416667	0.0	0.0	0.0	0.0	0.0	0.0	0.0	0.0	0.0	0.0	0.0	0.0	0.0	0.0	0.0	0.0	0.0	0.0	0.0	0.0	0.0	0.0	0.0	0.0	0.0	0.0	0.0	0.0	0.0	
Barn Swallow	0.0	0.0	0.0	0.0	0.0	0.0	0.0	0.0	0.0	0.0	0.0	0.0	0.0	0.0909091	0.0588235	0.0740741	0.137931	0.4333333	0.7083333	0.7333333	0.4166667	0.5	0.4	0.6666667	0.3333333	0.5	0.0	0.5	0.5	0.3333333	0.5	0.25	0.1538462	0.1111111	0.1333333	0.0	0.0	0.05	0.0	0.0	0.0	0.0	0.0	0.0	0.0	0.0	0.0	0.0	
Cliff Swallow	0.0	0.0	0.0	0.0	0.0	0.0	0.0	0.0	0.0	0.0	0.0	0.0	0.0	0.0	0.0	0.0	0.0	0.0	0.0416667	0.0	0.0	0.0	0.0	0.0	0.0	0.0	0.0	0.0	0.0	0.0	0.0	0.0	0.0	0.0	0.0	0.0	0.0	0.0	0.0	0.0	0.0	0.0	0.0	0.0	0.0	0.0	0.0	0.0	
Ruby-crowned Kinglet	0.0	0.0	0.0	0.0	0.0	0.0	0.0	0.0	0.0	0.0	0.0	0.0	0.0909091	0.2727273	0.2352941	0.4444444	0.4482759	0.2	0.0416667	0.0333333	0.0	0.0	0.0	0.0	0.0	0.0	0.0	0.0	0.0	0.0	0.0	0.0	0.0769231	0.0	0.0666667	0.1875	0.7307692	0.6	0.4375	0.6428571	0.4	0.1052632	0.0	0.0	0.0	0.1111111	0.0	0.0	
Golden-crowned Kinglet	0.0	0.0	0.0	0.0	0.0	0.0	0.0	0.1	0.0	0.0	0.0	0.05	0.2727273	0.3636364	0.0588235	0.0740741	0.0	0.0	0.0	0.0	0.0	0.0	0.0	0.0	0.0	0.0	0.0	0.0	0.0	0.0	0.0	0.0	0.0	0.0	0.0	0.0	0.5384615	0.45	0.3125	0.2857143	0.4	0.0	0.0	0.1111111	0.2	0.0	0.0	0.0	
Red-breasted Nuthatch	0.1428571	0.2222222	0.0	0.0185185	0.0	0.0015	0.0	0.0	0.0833333	0.0909091	0.0015	0.1	0.1818182	0.0454545	0.0588235	0.1851852	0.0344828	0.0333333	0.0	0.0333333	0.0	0.0	0.0	0.0	0.0	0.0	0.0	0.0	0.0	0.0	0.0	0.0	0.0	0.0	0.0015	0.125	0.1153846	0.15	0.25	0.0	0.0	0.0	0.0	0.0	0.0	0.0	0.0	0.0	
White-breasted Nuthatch	0.4285714	0.8888889	0.4	0.2222222	0.4166667	0.375	0.1818182	0.2	0.5833333	0.6363636	0.0015	0.475	0.6363636	0.4090909	0.3529412	0.1851852	0.1034483	0.1333333	0.0416667	0.0666667	0.0	0.0	0.0	0.0833333	0.0666667	0.0	0.0	0.0	0.0	0.3333333	0.25	0.0833333	0.0	0.0555556	0.1333333	0.0625	0.1923077	0.35	0.5	0.5	0.6	0.1052632	0.25	0.5555556	0.6	0.6666667	0.3333333	0.5882353	
Brown Creeper	0.1428571	0.0	0.2	0.0	0.0015	0.0	0.0	0.1	0.0	0.0	0.0	0.025	0.4545455	0.2727273	0.2352941	0.0740741	0.0	0.0	0.0	0.0	0.0	0.0	0.0	0.0	0.0	0.0	0.0	0.0	0.0	0.0	0.0	0.0	0.0	0.0	0.0	0.1875	0.1538462	0.4	0.125	0.0714286	0.2	0.0526316	0.0	0.0	0.2	0.2222222	0.0	0.1176471	
Blue-gray Gnatcatcher	0.0	0.0	0.0	0.0	0.0	0.0	0.0	0.0	0.0	0.0	0.0	0.0	0.0	0.1363636	0.1176471	0.1481481	0.1034483	0.0666667	0.0416667	0.0333333	0.0	0.0	0.0	0.0	0.0	0.0	0.0	0.0	0.0	0.0	0.25	0.1666667	0.0	0.1666667	0.0	0.0	0.0	0.0	0.0	0.0	0.0	0.0	0.0	0.0	0.0	0.0	0.0	0.0	
House Wren	0.0	0.0	0.0	0.0	0.0	0.0	0.0	0.0	0.0	0.0	0.0	0.0	0.0	0.0454545	0.0015	0.1481481	0.1724138	0.2666667	0.25	0.2666667	0.1666667	0.3333333	0.0	0.1666667	0.0666667	0.0	0.0	0.0	0.25	0.0	0.0	0.0833333	0.3076923	0.1666667	0.4	0.3125	0.4615385	0.3	0.0625	0.0714286	0.2	0.0	0.0	0.0	0.0	0.0	0.0	0.0	
Winter Wren	0.0	0.0	0.0	0.0185185	0.0	0.0	0.0	0.0015	0.0	0.0	0.0	0.0	0.0	0.2272727	0.1176471	0.037037	0.0689655	0.0	0.0015	0.0	0.0	0.0	0.0	0.0	0.0	0.0	0.0	0.0	0.0	0.0	0.0	0.0	0.0	0.0	0.0	0.125	0.3846154	0.15	0.25	0.2142857	0.4	0.0	0.0	0.2222222	0.4	0.3333333	0.0	0.1176471	
Marsh Wren	0.0	0.0	0.0	0.0	0.0	0.0	0.0	0.0	0.0	0.0	0.0	0.0	0.0	0.0	0.0	0.0	0.0	0.0333333	0.0	0.0	0.0	0.0	0.0	0.0	0.0	0.0	0.0	0.0	0.0	0.0	0.0	0.0	0.0	0.0	0.0	0.1875	0.0	0.0	0.0	0.0	0.0	0.0	0.0	0.0	0.0	0.0	0.0	0.0	
Carolina Wren	0.0015	0.1111111	0.2	0.0185185	0.1666667	0.125	0.0909091	0.2	0.25	0.2727273	0.0	0.1	0.1818182	0.0454545	0.0588235	0.037037	0.0015	0.1333333	0.0416667	0.0666667	0.0	0.0	0.0	0.0	0.0666667	0.25	0.0	0.25	0.0	0.3333333	0.25	0.25	0.3846154	0.2222222	0.7333333	0.5	0.2692308	0.3	0.0625	0.1428571	0.4	0.2631579	0.375	0.2222222	0.2	0.2222222	0.1666667	0.1176471	
European Starling	0.7142857	0.8888889	0.8	0.7037037	0.9166667	0.375	0.2727273	0.3	0.8333333	0.4545455	0.0015	0.775	0.7272727	0.7272727	0.7647059	0.9259259	0.7931034	0.6666667	0.9583333	0.8333333	0.8333333	0.8333333	1.0	0.9166667	0.8666667	1.0	1.0	0.5	0.5	1.0	1.0	0.9166667	0.8461538	0.6666667	0.9333333	0.75	0.8076923	0.7	0.875	0.7142857	0.8	0.0526316	0.875	0.5555556	0.8	0.7777778	0.5	0.7058824	
Gray Catbird	0.0	0.0	0.0	0.0	0.0	0.0	0.0	0.0	0.0	0.0	0.0	0.0	0.0	0.0	0.0015	0.2222222	0.6896552	0.6666667	0.7916667	0.7333333	0.5833333	0.6666667	1.0	0.75	0.6	0.75	0.6666667	0.25	0.5	1.0	0.5	0.6666667	0.7692308	0.7222222	0.7333333	0.6875	0.7307692	0.7	0.3125	0.2857143	0.2	0.0	0.0	0.1111111	0.2	0.0	0.0	0.0	
Brown Thrasher	0.0	0.0	0.0	0.0	0.0	0.0	0.0909091	0.0	0.0	0.0	0.0	0.0	0.0	0.0454545	0.0	0.1111111	0.2068966	0.0333333	0.0416667	0.0333333	0.0833333	0.0	0.0	0.0	0.0666667	0.0	0.0	0.0	0.0	0.0	0.0	0.0	0.0	0.0	0.4	0.375	0.3461538	0.25	0.0625	0.0	0.0	0.0	0.125	0.0	0.0	0.1111111	0.0	0.0	
Northern Mockingbird	0.2857143	0.1111111	0.0	0.0	0.1666667	0.125	0.0909091	0.1	0.25	0.0909091	0.25	0.1	0.3636364	0.2272727	0.1176471	0.0740741	0.0689655	0.1666667	0.1666667	0.1	0.3333333	0.1666667	0.0	0.3333333	0.0666667	0.25	0.0	0.75	0.5	0.0	0.5	0.3333333	0.3076923	0.2777778	0.4	0.375	0.5384615	0.5	0.375	0.3571429	0.8	0.0526316	0.125	0.3333333	0.6	0.5555556	0.1666667	0.4117647	
Eastern Bluebird	0.0	0.0	0.0	0.0	0.0	0.0	0.0	0.0	0.0	0.0	0.0	0.0	0.0	0.0	0.0	0.0	0.0	0.0	0.0	0.0	0.0	0.0	0.0	0.0	0.0	0.0	0.0	0.0	0.0	0.0	0.0	0.0	0.0	0.0	0.0	0.0	0.0	0.0	0.0625	0.0714286	0.0	0.0	0.0	0.0	0.2	0.0	0.0	0.0	
Veery	0.0	0.0	0.0	0.0	0.0	0.0	0.0	0.0	0.0	0.0	0.0	0.0	0.0	0.0	0.0	0.037037	0.4482759	0.4333333	0.4166667	0.1666667	0.0	0.0	0.0	0.0	0.0	0.0	0.0	0.0	0.0	0.0	0.0	0.25	0.3076923	0.2777778	0.4	0.0625	0.0384615	0.0	0.0	0.0	0.0	0.0	0.0	0.0	0.0	0.0	0.0	0.0	
Gray-cheeked Thrush	0.0	0.0	0.0	0.0	0.0	0.0	0.0	0.0	0.0	0.0	0.0	0.0	0.0	0.0	0.0	0.0	0.0	0.0666667	0.0015	0.4	0.0833333	0.0	0.0	0.0	0.0	0.0	0.0	0.0	0.0	0.0	0.0	0.0	0.0	0.0	0.1333333	0.0015	0.1538462	0.0	0.0625	0.0	0.0	0.0	0.0	0.0	0.0	0.0	0.0	0.0	
Bicknell's Thrush	0.0	0.0	0.0	0.0	0.0	0.0	0.0	0.0	0.0	0.0	0.0	0.0	0.0	0.0	0.0	0.0	0.0	0.0015	0.0015	0.0	0.0	0.0	0.0	0.0	0.0	0.0	0.0	0.0	0.0	0.0	0.0	0.0	0.0	0.0	0.0	0.0	0.0	0.0	0.0	0.0	0.0	0.0	0.0	0.0	0.0	0.0	0.0	0.0	
Swainson's Thrush	0.0	0.0	0.0	0.0	0.0	0.0	0.0	0.0	0.0	0.0	0.0	0.0	0.0	0.0	0.0	0.0	0.1724138	0.2	0.4583333	0.6	0.0	0.0	0.0	0.0	0.0	0.0	0.0	0.0	0.0	0.0	0.0	0.0833333	0.0	0.1111111	0.6	0.1875	0.6153846	0.15	0.1875	0.0714286	0.0	0.0	0.0	0.0	0.0	0.0	0.0	0.0	
Hermit Thrush	0.0	0.1111111	0.0	0.0	0.0015	0.0	0.0909091	0.0	0.0833333	0.0909091	0.0	0.025	0.2727273	0.3636364	0.2941176	0.5555556	0.4137931	0.1666667	0.0416667	0.0333333	0.0	0.0	0.0	0.0	0.0	0.0	0.0	0.0	0.0	0.0	0.0	0.0	0.0	0.0	0.0666667	0.125	0.3846154	0.5	0.5625	0.5714286	0.4	0.2631579	0.25	0.5555556	0.4	0.3333333	0.1666667	0.0588235	
Catharus sp.	0.0	0.0	0.0	0.0	0.0	0.0	0.0	0.0	0.0	0.0	0.0	0.0	0.0	0.0	0.0	0.0	0.0	0.0	0.0	0.0	0.0	0.0	0.0	0.0	0.0	0.0	0.0	0.0	0.0	0.0	0.0	0.0833333	0.0	0.1111111	0.0	0.0	0.0	0.0	0.0	0.0	0.0	0.0	0.0	0.0	0.0	0.0	0.0	0.0	
Wood Thrush	0.0	0.0	0.0	0.0	0.0	0.0	0.0	0.0	0.0	0.0	0.0	0.0	0.0	0.0	0.0588235	0.1111111	0.3793103	0.4666667	0.3333333	0.3666667	0.4166667	0.5	0.4	0.3333333	0.2	0.25	0.0	0.25	0.25	0.3333333	0.0	0.0	0.0769231	0.0555556	0.2666667	0.0	0.1153846	0.1	0.0	0.0	0.0	0.0	0.0	0.0	0.0	0.0	0.0	0.0	
American Robin	0.4285714	0.7777778	0.4	0.1296296	0.3333333	0.5	0.3636364	0.3	0.75	0.8181818	0.25	0.75	0.8181818	0.8181818	0.8235294	0.8148148	0.7586207	0.6666667	0.9583333	0.8666667	0.8333333	0.8333333	1.0	0.9166667	0.8666667	1.0	1.0	0.5	0.75	0.6666667	1.0	1.0	0.8461538	0.6111111	0.8666667	0.8125	0.8076923	0.85	0.5625	0.8571429	0.6	0.1052632	0.25	0.4444444	0.6	0.5555556	0.5	0.7647059	
thrush sp.	0.0	0.0	0.0	0.0	0.0	0.0	0.0	0.0	0.0	0.0	0.0	0.0	0.0	0.0	0.0	0.0	0.0	0.0	0.0	0.0	0.0	0.0	0.0	0.0	0.0	0.0	0.0	0.0	0.0	0.0	0.0	0.0	0.0	0.0	0.0	0.0	0.0	0.0	0.0625	0.0	0.0	0.0	0.0	0.0	0.0	0.0	0.0	0.0	
Cedar Waxwing	0.0	0.0	0.0	0.0	0.0	0.0	0.0	0.1	0.0	0.2727273	0.0	0.425	0.1818182	0.2727273	0.2941176	0.0740741	0.2068966	0.2	0.25	0.5	0.5833333	0.5	0.4	0.3333333	0.2666667	0.5	0.0	0.0	0.0	0.3333333	0.0	0.25	0.4615385	0.4444444	0.4666667	0.125	0.4230769	0.25	0.1875	0.0714286	0.2	0.0526316	0.125	0.0	0.2	0.2222222	0.0	0.3529412	
House Sparrow	0.7142857	1.0	0.8	0.6666667	1.0	0.875	0.8181818	0.8	0.8333333	0.8181818	0.5	0.85	1.0	0.9545455	0.9411765	0.9259259	0.7931034	0.7333333	0.9583333	0.8333333	0.8333333	0.6666667	1.0	0.75	0.8666667	1.0	1.0	0.5	0.75	0.6666667	1.0	0.8333333	0.7692308	0.5555556	0.9333333	0.8125	0.8846154	0.75	0.875	1.0	1.0	0.4210526	0.875	0.8888889	1.0	0.8888889	0.5	0.8823529	
American Pipit	0.0	0.0	0.0	0.0	0.0	0.0	0.0	0.0	0.0	0.0	0.0	0.0	0.0	0.0	0.0	0.0	0.0	0.0	0.0	0.0	0.0	0.0	0.0	0.0	0.0	0.0	0.0	0.0	0.0	0.0	0.0	0.0	0.0	0.0	0.0	0.0	0.0384615	0.05	0.0625	0.1428571	0.0	0.0	0.0	0.0	0.2	0.0	0.0	0.0	
House Finch	0.2857143	0.4444444	0.2	0.0555556	0.3333333	0.375	0.5454545	0.4	0.5833333	0.6363636	0.75	0.375	0.0909091	0.1818182	0.2352941	0.0	0.1034483	0.2333333	0.2083333	0.1666667	0.25	0.6666667	0.0	0.1666667	0.0	0.0	0.0	0.0	0.25	0.0	0.0	0.3333333	0.2307692	0.2222222	0.2666667	0.0015	0.2692308	0.05	0.1875	0.2857143	0.2	0.0	0.25	0.0	0.4	0.2222222	0.0	0.2352941	
Purple Finch	0.1428571	0.1111111	0.0	0.0	0.0	0.0	0.0	0.0	0.0	0.0	0.0	0.0015	0.0	0.0454545	0.0	0.037037	0.0344828	0.0333333	0.0	0.0	0.0	0.0	0.0	0.0	0.0	0.0	0.0	0.0	0.0	0.0	0.0	0.0	0.0	0.0	0.0	0.0	0.0384615	0.05	0.0	0.1428571	0.2	0.0	0.0	0.0	0.2	0.0	0.0	0.0015	
Common Redpoll	0.0	0.0	0.0	0.0	0.1666667	0.0	0.0	0.0	0.0	0.0909091	0.0	0.0	0.0	0.0	0.0	0.0	0.0	0.0	0.0	0.0	0.0	0.0	0.0	0.0	0.0	0.0	0.0	0.0	0.0	0.0	0.0	0.0	0.0	0.0	0.0	0.0	0.0	0.0	0.0	0.0	0.0	0.0	0.0	0.0	0.0	0.0	0.0	0.0	
Pine Siskin	0.0	0.0	0.0	0.0	0.0	0.0	0.0	0.0	0.0	0.0	0.0	0.0	0.0	0.0	0.0	0.0	0.0	0.0	0.0	0.0	0.0	0.0	0.0	0.0	0.0	0.0	0.0	0.0	0.0	0.0	0.0	0.0	0.0	0.0	0.0	0.0	0.0	0.1	0.0625	0.1428571	0.2	0.0	0.0	0.0	0.2	0.1111111	0.0	0.2941176	
American Goldfinch	0.4285714	0.5555556	0.2	0.0555556	0.3333333	0.5	0.4545455	0.5	0.5	0.5454545	0.5	0.525	0.3636364	0.3636364	0.3529412	0.2962963	0.2758621	0.1666667	0.1666667	0.1333333	0.0	0.0	0.0	0.0	0.0	0.0	0.0	0.25	0.0	0.0	0.0	0.0	0.0	0.1111111	0.0666667	0.0625	0.2692308	0.2	0.25	0.2142857	0.2	0.0	0.5	0.4444444	0.2	0.4444444	0.0	0.3529412	
Acanthis/Spinus sp.	0.0	0.0	0.0	0.0	0.0	0.0	0.0	0.0	0.0	0.0	0.0	0.0	0.0	0.0	0.0	0.0	0.0	0.0	0.0	0.0	0.0	0.0	0.0	0.0	0.0	0.0	0.0	0.0	0.0	0.0	0.0	0.0	0.0	0.0	0.0	0.0	0.0	0.0	0.0	0.0	0.0	0.0	0.0	0.0	0.0	0.0	0.0	0.0588235	
Chipping Sparrow	0.0	0.0	0.0	0.0	0.0	0.0	0.0	0.0	0.0	0.0	0.0015	0.0	0.0	0.1818182	0.1176471	0.4444444	0.3793103	0.2	0.0	0.0333333	0.0	0.0	0.0	0.0	0.0	0.0	0.0	0.0	0.0	0.0	0.0	0.0	0.0	0.0	0.0666667	0.0625	0.4230769	0.25	0.3125	0.2142857	0.2	0.0	0.0	0.0	0.2	0.0	0.0	0.0	
Clay-colored Sparrow	0.0	0.0	0.0	0.0	0.0	0.0	0.0	0.0	0.0	0.0	0.0	0.0	0.0	0.0	0.0	0.0	0.0	0.0	0.0	0.0	0.0	0.0	0.0	0.0	0.0	0.0	0.0	0.0	0.0	0.0	0.0	0.0	0.0	0.0	0.0	0.0	0.0015	0.0	0.0	0.0	0.0	0.0	0.0	0.0	0.0	0.0	0.0	0.0	
Field Sparrow	0.0	0.0	0.0	0.0	0.0	0.0	0.0	0.0	0.0	0.0	0.0	0.0	0.0909091	0.0454545	0.0588235	0.1851852	0.1034483	0.0333333	0.0	0.0333333	0.0	0.0	0.0	0.0	0.0	0.0	0.0	0.0	0.0	0.0	0.0	0.0	0.0	0.0	0.0	0.0	0.1923077	0.05	0.125	0.0714286	0.2	0.0	0.0	0.0	0.0	0.0	0.0	0.0	
American Tree Sparrow	0.0	0.0	0.0	0.0	0.0	0.0	0.0	0.0015	0.0	0.0	0.0	0.0	0.0	0.0	0.0	0.0	0.0	0.0	0.0	0.0	0.0	0.0	0.0	0.0	0.0	0.0	0.0	0.0	0.0	0.0	0.0	0.0	0.0	0.0	0.0	0.0	0.0	0.0	0.0	0.0	0.0	0.0	0.0	0.0	0.2	0.0	0.0	0.0588235	
Fox Sparrow	0.0	0.0	0.0	0.0	0.0	0.0	0.0	0.0	0.0	0.2727273	0.0	0.25	0.2727273	0.2727273	0.0588235	0.0	0.0	0.0	0.0	0.0	0.0	0.0	0.0	0.0	0.0	0.0	0.0	0.0	0.0	0.0	0.0	0.0	0.0	0.0	0.0	0.0	0.0384615	0.0	0.0	0.0	0.0	0.0	0.25	0.3333333	0.2	0.0	0.0	0.0	
Dark-eyed Junco	0.2857143	0.0015	0.2	0.0	0.0	0.5	0.3636364	0.4	0.25	0.7272727	0.5	0.575	0.6363636	0.7727273	0.4117647	0.2962963	0.1034483	0.0	0.0	0.0	0.0	0.0	0.0	0.0	0.0	0.0	0.0	0.0	0.0	0.0	0.0	0.0	0.0	0.0	0.0	0.125	0.3076923	0.35	0.625	0.5714286	0.8	0.1578947	0.375	0.5555556	0.6	0.5555556	0.1666667	0.4117647	
White-crowned Sparrow	0.0	0.0	0.0	0.0	0.0	0.0	0.0	0.0	0.0	0.0	0.0	0.0	0.0	0.0	0.0	0.037037	0.0689655	0.2333333	0.0416667	0.0	0.0	0.0	0.0	0.0	0.0	0.0	0.0	0.0	0.0	0.0	0.0	0.0	0.0	0.0	0.0	0.0	0.1923077	0.15	0.125	0.1428571	0.0	0.0	0.0	0.0	0.0	0.0	0.0	0.0	
White-throated Sparrow	0.2857143	0.8888889	0.4	0.5925926	0.6666667	0.375	0.3636364	0.3	0.75	0.6363636	0.0015	0.75	0.8181818	0.5909091	0.7058824	0.7777778	0.7586207	0.5666667	0.5833333	0.1	0.0	0.0	0.0	0.0	0.0	0.0	0.0	0.0	0.0	0.0	0.25	0.0	0.0	0.0555556	0.2	0.4375	0.8076923	0.85	0.75	1.0	1.0	0.3157895	0.875	0.7777778	0.6	0.7777778	0.6666667	0.9411765	
Vesper Sparrow	0.0	0.0	0.0	0.0	0.0	0.0	0.0	0.0	0.0	0.0	0.0	0.0	0.0	0.0454545	0.0	0.0	0.0	0.0	0.0	0.0	0.0	0.0	0.0	0.0	0.0	0.0	0.0	0.0	0.0	0.0	0.0	0.0	0.0	0.0	0.0	0.0	0.0	0.0	0.0015	0.0	0.0	0.0	0.0	0.0	0.0	0.0	0.0	0.0	
Savannah Sparrow	0.0	0.0	0.0	0.0	0.0	0.0	0.0	0.0	0.0	0.0	0.0	0.0	0.0	0.1818182	0.0	0.037037	0.137931	0.0333333	0.0	0.0	0.0	0.0	0.0	0.0	0.0	0.0	0.0	0.0	0.0	0.0	0.0	0.0	0.0	0.0	0.0	0.0	0.1538462	0.1	0.0	0.0	0.0	0.0	0.0	0.0	0.0	0.0	0.0	0.0	
Song Sparrow	0.0	0.1111111	0.0	0.0	0.0	0.0	0.0909091	0.1	0.0833333	0.3636364	0.0	0.425	0.3636364	0.4090909	0.3529412	0.2592593	0.137931	0.3	0.375	0.1333333	0.3333333	0.5	0.2	0.0833333	0.0666667	0.5	0.0	0.0	0.0	0.0	0.25	0.1666667	0.1538462	0.1666667	0.4	0.25	0.6923077	0.65	0.5625	0.7142857	0.6	0.1052632	0.375	0.5555556	0.8	0.3333333	0.1666667	0.3529412	
Lincoln's Sparrow	0.0	0.0	0.0	0.0	0.0	0.0	0.0	0.0	0.0	0.0	0.0	0.0	0.0	0.0	0.0	0.0	0.0689655	0.0666667	0.125	0.1	0.0	0.0	0.0	0.0	0.0	0.0	0.0	0.0	0.0	0.0	0.0	0.0	0.0	0.0	0.1333333	0.0625	0.0769231	0.0	0.0	0.0	0.0	0.0	0.0	0.0	0.0	0.0	0.0	0.0	
Swamp Sparrow	0.0	0.0	0.0	0.0	0.0	0.0	0.0	0.0	0.0	0.0	0.0	0.05	0.0	0.1818182	0.3529412	0.2962963	0.3103448	0.1666667	0.125	0.0666667	0.0	0.0	0.0	0.0	0.0	0.0	0.0	0.0	0.0	0.0	0.0	0.0	0.0	0.0	0.0666667	0.125	0.3846154	0.3	0.1875	0.4285714	0.0	0.0526316	0.0	0.0	0.2	0.2222222	0.0	0.0	
Eastern Towhee	0.0	0.0	0.0	0.0185185	0.1666667	0.0	0.0	0.0	0.0833333	0.0	0.0	0.025	0.0	0.2272727	0.3529412	0.5555556	0.5517241	0.2333333	0.2083333	0.1666667	0.0	0.0	0.2	0.0833333	0.0666667	0.0	0.0	0.25	0.25	0.3333333	0.25	0.0	0.0769231	0.0555556	0.0	0.1875	0.6923077	0.55	0.125	0.2857143	0.2	0.0526316	0.125	0.0	0.2	0.0	0.0	0.0	
sparrow sp.	0.0	0.0	0.0	0.0	0.0	0.0	0.0	0.0	0.0	0.0	0.0	0.0	0.0	0.0	0.0	0.0	0.0	0.0	0.0	0.0	0.0	0.0	0.0	0.0	0.0	0.0	0.0	0.0	0.0	0.0	0.0	0.0	0.0	0.0555556	0.0	0.0	0.0	0.0	0.0625	0.0	0.0	0.0	0.0	0.0	0.0	0.0	0.0	0.0	
Yellow-breasted Chat	0.0	0.0	0.0	0.0	0.0	0.0	0.0	0.0	0.0	0.0	0.0	0.0	0.0	0.0	0.0	0.0	0.0	0.0	0.0	0.0	0.0	0.0	0.0	0.0	0.0	0.0	0.0	0.0	0.0	0.0	0.0	0.0	0.1538462	0.0555556	0.0666667	0.0	0.0015	0.0	0.0	0.0	0.0	0.0	0.0	0.0	0.0	0.0	0.0	0.0	
Bobolink	0.0	0.0	0.0	0.0	0.0	0.0	0.0	0.0	0.0	0.0	0.0	0.0	0.0	0.0	0.0	0.0	0.0	0.0	0.0	0.0	0.0	0.0	0.0	0.0	0.0	0.0	0.0	0.0	0.0	0.0	0.0	0.0	0.0	0.1111111	0.0666667	0.0	0.0384615	0.0	0.0	0.0	0.0	0.0	0.0	0.0	0.0	0.0	0.0	0.0	
Eastern Meadowlark	0.0	0.0	0.0	0.0	0.0	0.0	0.0	0.0	0.0	0.0	0.0	0.0	0.0	0.0	0.0	0.0	0.0	0.0	0.0	0.0	0.0	0.0	0.0	0.0	0.0	0.0	0.0	0.0	0.0	0.0	0.0	0.0	0.0	0.0	0.0	0.0	0.0	0.0	0.0625	0.0714286	0.0	0.0	0.0	0.0	0.0	0.0	0.0	0.0	
Orchard Oriole	0.0	0.0	0.0	0.0	0.0	0.0	0.0	0.0	0.0	0.0	0.0	0.0	0.0	0.0	0.0015	0.0740741	0.0344828	0.0015	0.0416667	0.0666667	0.0	0.0	0.2	0.0833333	0.0	0.0	0.0	0.0	0.0	0.0	0.0	0.0	0.0	0.0	0.0	0.0	0.0	0.0	0.0	0.0	0.0	0.0	0.0	0.0	0.0	0.0	0.0	0.0	
Baltimore Oriole	0.0	0.0	0.0	0.0	0.0	0.0	0.0	0.0	0.0	0.0	0.0	0.0	0.0	0.0	0.0015	0.1481481	0.5517241	0.6333333	0.6666667	0.6666667	0.6666667	0.5	0.6	0.3333333	0.0666667	0.5	0.0	0.0	0.0	0.3333333	0.5	0.4166667	0.3846154	0.3333333	0.2	0.0625	0.1538462	0.0	0.0	0.0	0.0	0.0	0.0	0.0	0.0	0.0	0.0	0.0	
Scott's Oriole	0.0015	0.0015	0.0	0.7407407	0.5	0.0	0.0015	0.1	0.0	0.0	0.0	0.0	0.0	0.0	0.0	0.0	0.0	0.0	0.0	0.0	0.0	0.0	0.0	0.0	0.0	0.0	0.0	0.0	0.0	0.0	0.0	0.0	0.0	0.0	0.0	0.0	0.0	0.0	0.0	0.0	0.0	0.0	0.0	0.0	0.0	0.0	0.0	0.0	
Red-winged Blackbird	0.0	0.0	0.0	0.0	0.0	0.0	0.0909091	0.1	0.4166667	0.5454545	0.0	0.425	0.1818182	0.3636364	0.4117647	0.6666667	0.4137931	0.5666667	0.5416667	0.6	0.5	0.6666667	0.4	0.6666667	0.6	0.25	0.0	0.0	0.0	0.3333333	0.0	0.25	0.0769231	0.3888889	0.0666667	0.0015	0.2307692	0.2	0.25	0.2857143	0.2	0.0	0.125	0.1111111	0.4	0.1111111	0.0	0.1176471	
Brown-headed Cowbird	0.0	0.1111111	0.2	0.0	0.0	0.0	0.0	0.0015	0.0	0.0	0.0	0.025	0.0909091	0.0909091	0.0588235	0.2592593	0.137931	0.2	0.1666667	0.0333333	0.1666667	0.3333333	0.0	0.0833333	0.0	0.0	0.0	0.25	0.0	0.0	0.0	0.0833333	0.0	0.0	0.0	0.0015	0.1153846	0.15	0.0	0.1428571	0.0	0.0	0.0	0.0	0.2	0.0	0.0	0.0	
Rusty Blackbird	0.0	0.0	0.0	0.0185185	0.0	0.0	0.0	0.0015	0.0	0.0909091	0.0	0.0	0.0	0.0909091	0.1176471	0.037037	0.0689655	0.0333333	0.0	0.0	0.0	0.0	0.0	0.0	0.0	0.0	0.0	0.0	0.0	0.0	0.0	0.0	0.0	0.0	0.0	0.0	0.0	0.0	0.0	0.0714286	0.0	0.0	0.125	0.0	0.0	0.1111111	0.0	0.0	
Common Grackle	0.1428571	0.3333333	0.4	0.0555556	0.1666667	0.125	0.2727273	0.2	0.75	0.5454545	0.0	0.575	0.4545455	0.5	0.5294118	0.8518519	0.6206897	0.7	0.875	0.8333333	0.75	0.8333333	1.0	0.5	0.8666667	1.0	1.0	0.5	0.5	1.0	0.5	0.75	0.6153846	0.4444444	0.6	0.5	0.6153846	0.4	0.4375	0.7857143	0.4	0.0526316	0.25	0.3333333	0.4	0.5555556	0.3333333	0.4117647	
Ovenbird	0.0	0.0	0.0	0.0	0.0	0.0	0.0	0.0	0.0	0.0	0.0	0.0	0.0	0.0	0.0	0.2592593	0.5517241	0.7333333	0.5416667	0.2333333	0.0	0.0	0.0	0.0	0.0	0.0	0.0	0.0	0.0	0.0	0.0	0.1666667	0.3076923	0.5555556	0.5333333	0.3125	0.2692308	0.15	0.0015	0.0	0.0	0.0	0.0	0.0	0.0	0.0	0.0	0.0	
Worm-eating Warbler	0.0	0.0	0.0	0.0	0.0	0.0	0.0	0.0	0.0	0.0	0.0	0.0	0.0	0.0	0.0	0.037037	0.0015	0.0333333	0.0	0.0	0.0	0.0	0.0	0.0	0.0	0.0	0.0	0.0	0.0	0.0	0.0	0.0	0.1538462	0.0	0.0	0.0	0.0	0.0	0.0	0.0	0.0	0.0	0.0	0.0	0.0	0.0	0.0	0.0	
Louisiana Waterthrush	0.0	0.0	0.0	0.0	0.0	0.0	0.0	0.0	0.0	0.0	0.0	0.0	0.0	0.1363636	0.0588235	0.1111111	0.0015	0.0333333	0.0416667	0.0	0.0	0.0	0.0	0.0	0.0	0.0	0.0	0.0	0.0	0.0015	0.0	0.0	0.0	0.0	0.0	0.0	0.0	0.0	0.0	0.0	0.0	0.0	0.0	0.0	0.0	0.0	0.0	0.0	
Northern Waterthrush	0.0	0.0	0.0	0.0	0.0	0.0	0.0	0.0	0.0	0.0	0.0	0.0	0.0	0.0	0.0015	0.4074074	0.4482759	0.4666667	0.4166667	0.2666667	0.0015	0.1666667	0.0	0.0	0.0	0.0	0.0	0.0	0.0	0.3333333	0.5	0.1666667	0.3846154	0.1111111	0.0666667	0.25	0.1153846	0.05	0.0	0.0	0.0	0.0	0.0	0.0	0.0	0.0	0.0	0.0	
Blue-winged Warbler	0.0	0.0	0.0	0.0	0.0	0.0	0.0	0.0	0.0	0.0	0.0	0.0	0.0	0.0	0.0	0.1851852	0.137931	0.0	0.0416667	0.0333333	0.0	0.0	0.0	0.0	0.0	0.0	0.0	0.0	0.0	0.0	0.0	0.0	0.0769231	0.1666667	0.0	0.0	0.0	0.0	0.0	0.0	0.0	0.0	0.0	0.0	0.0	0.0	0.0	0.0	
Black-and-white Warbler	0.0	0.0	0.0	0.0	0.0	0.0	0.0	0.0	0.0	0.0	0.0	0.0	0.0	0.0	0.1176471	0.5555556	0.6206897	0.5666667	0.6666667	0.3	0.0833333	0.0	0.0	0.0	0.0	0.0	0.0	0.0	0.0	0.3333333	0.75	0.4166667	0.3846154	0.6666667	0.8	0.5625	0.4230769	0.1	0.0	0.0714286	0.0	0.0	0.0	0.0	0.0	0.0	0.0	0.0	
Prothonotary Warbler	0.0	0.0	0.0	0.0	0.0	0.0	0.0	0.0	0.0	0.0	0.0	0.0	0.0	0.0	0.0	0.037037	0.0015	0.0	0.0	0.0	0.0	0.0	0.0	0.0	0.0	0.0	0.0	0.0	0.0	0.0	0.0	0.0	0.0	0.0	0.0	0.0	0.0	0.0	0.0	0.0	0.0	0.0	0.0	0.0	0.0	0.0	0.0	0.0	
Tennessee Warbler	0.0	0.0	0.0	0.0	0.0	0.0	0.0	0.0	0.0	0.0	0.0	0.0	0.0	0.0	0.0	0.0	0.0344828	0.0333333	0.125	0.0	0.0	0.0	0.0	0.0	0.0	0.0	0.0	0.0	0.0	0.0	0.25	0.0833333	0.0769231	0.2777778	0.0015	0.0	0.1538462	0.0	0.0	0.0	0.0	0.0	0.0	0.0	0.0	0.0	0.0	0.0	
Nashville Warbler	0.0	0.0	0.0	0.0	0.0	0.0	0.0	0.0	0.0	0.0	0.0	0.0	0.0	0.0	0.0	0.1111111	0.3448276	0.2	0.125	0.0015	0.0	0.0	0.0	0.0	0.0	0.0	0.0	0.0	0.0	0.0	0.0	0.0833333	0.0	0.0555556	0.0666667	0.0625	0.0769231	0.0	0.0	0.0	0.0	0.0	0.0	0.0	0.0	0.0	0.0	0.0	
Connecticut Warbler	0.0	0.0	0.0	0.0	0.0	0.0	0.0	0.0	0.0	0.0	0.0	0.0	0.0	0.0	0.0	0.0	0.0	0.0	0.0	0.0	0.0	0.0	0.0	0.0	0.0	0.0	0.0	0.0	0.0	0.0	0.0	0.0	0.0	0.0555556	0.0	0.0	0.1538462	0.35	0.0015	0.0	0.0	0.0	0.0	0.0	0.0	0.0	0.0	0.0	
Mourning Warbler	0.0	0.0	0.0	0.0	0.0	0.0	0.0	0.0	0.0	0.0	0.0	0.0	0.0	0.0	0.0	0.0	0.0	0.0	0.0	0.1333333	0.0	0.0	0.0	0.0	0.0	0.0	0.0	0.0	0.0	0.0	0.0	0.0015	0.0	0.0555556	0.0	0.0	0.0	0.0	0.0	0.0	0.0	0.0	0.0	0.0	0.0	0.0	0.0	0.0	
Kentucky Warbler	0.0	0.0	0.0	0.0	0.0	0.0	0.0	0.0	0.0	0.0	0.0	0.0	0.0	0.0	0.0	0.0	0.0	0.0	0.0	0.0333333	0.0	0.0	0.0	0.0	0.0	0.0	0.0	0.0	0.0	0.0	0.0	0.0	0.0	0.0	0.0	0.0	0.0	0.0	0.0	0.0	0.0	0.0	0.0	0.0	0.0	0.0	0.0	0.0	
Common Yellowthroat	0.0	0.0	0.0	0.0	0.0	0.0	0.0	0.0	0.0	0.0	0.0	0.0	0.0	0.0	0.0	0.0	0.5517241	0.6333333	0.6666667	0.5	0.0833333	0.0	0.2	0.0	0.0	0.0	0.0	0.0	0.0	0.0	0.0	0.4166667	0.6153846	0.7222222	0.6	0.25	0.6538462	0.5	0.25	0.0714286	0.2	0.0	0.125	0.0	0.0	0.0	0.1666667	0.0	
Hooded Warbler	0.0	0.0	0.0	0.0	0.0	0.0	0.0	0.0	0.0	0.0	0.0	0.0	0.0	0.0	0.0	0.0	0.137931	0.0333333	0.0416667	0.0333333	0.0	0.0	0.0	0.0	0.0	0.0	0.0	0.0	0.0	0.0	0.0	0.0	0.0	0.1111111	0.0	0.0	0.0769231	0.0	0.0	0.0	0.0	0.0	0.0	0.0	0.0	0.0	0.0	0.0	
American Redstart	0.0	0.0	0.0	0.0	0.0	0.0	0.0	0.0	0.0	0.0	0.0	0.0	0.0	0.0	0.0	0.0	0.4137931	0.5333333	0.7916667	0.7333333	0.3333333	0.0	0.0	0.0	0.0	0.0	0.0	0.0	0.0	0.0015	0.25	0.6666667	0.6153846	0.9444444	0.8666667	0.5	0.3461538	0.05	0.0	0.0	0.0	0.0	0.0	0.0	0.0	0.0	0.0	0.0	
Cape May Warbler	0.0	0.0	0.0	0.0	0.0	0.0	0.0	0.0	0.0	0.0	0.0	0.0	0.0	0.0	0.0	0.0	0.0689655	0.3	0.1666667	0.0666667	0.0	0.0	0.0	0.0	0.0	0.0	0.0	0.0	0.0	0.0	0.0	0.25	0.1538462	0.0555556	0.0666667	0.0625	0.0769231	0.05	0.0625	0.0	0.0	0.0	0.0	0.0	0.0	0.0	0.0	0.0	
Cerulean Warbler	0.0	0.0	0.0	0.0	0.0	0.0	0.0	0.0	0.0	0.0	0.0	0.0	0.0	0.0	0.0	0.0	0.0015	0.0	0.0	0.0	0.0	0.0	0.0	0.0	0.0	0.0	0.0	0.0	0.0	0.0	0.0	0.0	0.0	0.0	0.0	0.0	0.0	0.0	0.0	0.0	0.0	0.0	0.0	0.0	0.0	0.0	0.0	0.0	
Northern Parula	0.0	0.0	0.0	0.0	0.0	0.0	0.0	0.0	0.0	0.0	0.0	0.0	0.0	0.0	0.0	0.2222222	0.4827586	0.5666667	0.6666667	0.2666667	0.0	0.0015	0.0	0.0	0.0	0.0	0.0	0.0	0.0	0.0	0.0	0.0833333	0.0769231	0.6111111	0.7333333	0.6875	0.3846154	0.2	0.0625	0.0	0.0	0.0	0.0	0.0	0.0	0.0	0.0	0.0	
Magnolia Warbler	0.0	0.0	0.0	0.0	0.0	0.0	0.0	0.0	0.0	0.0	0.0	0.0	0.0	0.0	0.0	0.0	0.3448276	0.5666667	0.625	0.6	0.0	0.0	0.0	0.0	0.0	0.0	0.0	0.0	0.0	0.0	0.0	0.25	0.3076923	0.3333333	0.3333333	0.4375	0.3461538	0.1	0.1875	0.0	0.0	0.0	0.0	0.0	0.0	0.0	0.0	0.0	
Bay-breasted Warbler	0.0	0.0	0.0	0.0	0.0	0.0	0.0	0.0	0.0	0.0	0.0	0.0	0.0	0.0	0.0	0.0	0.0344828	0.0333333	0.125	0.1333333	0.0	0.0	0.0	0.0	0.0	0.0	0.0	0.0	0.0	0.0	0.0	0.0833333	0.0	0.0555556	0.0	0.0	0.0	0.0	0.0	0.0	0.0	0.0	0.0	0.0	0.0	0.0	0.0	0.0	
Blackburnian Warbler	0.0	0.0	0.0	0.0	0.0	0.0	0.0	0.0	0.0	0.0	0.0	0.0	0.0	0.0	0.0	0.037037	0.1034483	0.2666667	0.25	0.0015	0.0	0.0	0.0	0.0	0.0	0.0	0.0	0.0	0.0	0.0	0.0	0.0	0.0	0.2222222	0.2	0.125	0.0769231	0.0	0.0	0.0	0.0	0.0	0.0	0.0	0.0	0.0	0.0	0.0	
Yellow Warbler	0.0	0.0	0.0	0.0	0.0	0.0	0.0	0.0	0.0	0.0	0.0	0.0	0.0	0.0	0.0015	0.2592593	0.3103448	0.4	0.375	0.3	0.0833333	0.0	0.0	0.0	0.0	0.0	0.0	0.0	0.0	0.0	0.25	0.0833333	0.1538462	0.3333333	0.0	0.0	0.0	0.0	0.0	0.0	0.0	0.0	0.0	0.0	0.0	0.0	0.0	0.0	
Chestnut-sided Warbler	0.0	0.0	0.0	0.0	0.0	0.0	0.0	0.0	0.0	0.0	0.0	0.0	0.0	0.0	0.0	0.0	0.2068966	0.3	0.4583333	0.3	0.0	0.0	0.0	0.0	0.0	0.0	0.0	0.0	0.0	0.0	0.0	0.1666667	0.2307692	0.2222222	0.2666667	0.125	0.0384615	0.0	0.0	0.0	0.0	0.0	0.0	0.0	0.0	0.0	0.0	0.0	
Blackpoll Warbler	0.0	0.0	0.0	0.0	0.0	0.0	0.0	0.0	0.0	0.0	0.0	0.0	0.0	0.0	0.0	0.0	0.0	0.2	0.25	0.5666667	0.1666667	0.0	0.0	0.0	0.0	0.0	0.0	0.0	0.0	0.0	0.0	0.0	0.0	0.0555556	0.2	0.375	0.4615385	0.1	0.125	0.0	0.0	0.0	0.0	0.0	0.0	0.0	0.0	0.0	
Black-throated Blue Warbler	0.0	0.0	0.0	0.0	0.0	0.0	0.0	0.0	0.0	0.0	0.0	0.0	0.0	0.0	0.0	0.0	0.2758621	0.6	0.625	0.3666667	0.0	0.0	0.0	0.0	0.0	0.0	0.0	0.0	0.0	0.0	0.25	0.3333333	0.1538462	0.5555556	0.3333333	0.375	0.4615385	0.3	0.0625	0.0714286	0.0	0.0	0.0	0.0	0.0	0.0	0.0	0.0	
Palm Warbler	0.0	0.0	0.0	0.0	0.0	0.0	0.0	0.0	0.0	0.0	0.0	0.0	0.0909091	0.3181818	0.2941176	0.5925926	0.2758621	0.0	0.0	0.0	0.0	0.0	0.0	0.0	0.0	0.0	0.0	0.0	0.0	0.0	0.0	0.0	0.0	0.0555556	0.2	0.3125	0.3461538	0.6	0.375	0.2857143	0.2	0.0	0.0	0.0	0.0	0.0	0.0	0.0	
Pine Warbler	0.0	0.0	0.0	0.0	0.0	0.0	0.0	0.0	0.0	0.0	0.0	0.025	0.1818182	0.2727273	0.1176471	0.037037	0.0344828	0.0	0.0	0.0	0.0	0.0	0.0	0.0	0.0	0.0	0.0	0.0	0.0	0.0	0.0	0.0	0.0	0.0015	0.1333333	0.125	0.1538462	0.25	0.0625	0.0	0.0	0.0	0.0	0.0	0.0	0.0	0.0	0.0	
Yellow-rumped Warbler	0.0	0.0	0.0	0.0	0.0	0.0	0.0	0.0	0.0	0.0	0.0	0.05	0.0	0.0909091	0.2941176	0.7407407	0.6551724	0.4666667	0.5	0.1666667	0.0	0.0	0.0	0.0	0.0	0.0	0.0	0.0	0.0	0.0	0.0	0.0	0.0	0.0	0.0	0.0625	0.4230769	0.6	0.625	0.7857143	0.8	0.0	0.0	0.0	0.2	0.0	0.0	0.0	
Yellow-throated Warbler	0.0	0.0	0.0	0.0	0.0	0.0	0.0	0.0	0.0	0.0	0.0	0.0	0.0	0.0015	0.0	0.0	0.0015	0.0015	0.0	0.0	0.0	0.0	0.0	0.0	0.0	0.0	0.0	0.0	0.0	0.0	0.0	0.0	0.0	0.0	0.0	0.0	0.0	0.0	0.0	0.0	0.0	0.0	0.0	0.0	0.0	0.0	0.0	0.0	
Prairie Warbler	0.0	0.0	0.0	0.0	0.0	0.0	0.0	0.0	0.0	0.0	0.0	0.0	0.0	0.0	0.0588235	0.0740741	0.137931	0.2333333	0.0	0.0333333	0.0	0.0	0.0	0.0	0.0	0.0	0.0	0.0	0.0	0.0	0.0	0.0	0.0	0.1666667	0.0015	0.0625	0.0	0.0	0.0	0.0	0.0	0.0	0.0	0.0	0.0	0.0	0.0	0.0	
Black-throated Gray Warbler	0.0	0.0	0.0	0.0	0.0	0.0	0.0	0.0	0.0	0.0	0.0	0.0	0.0	0.0	0.0	0.0	0.0	0.0	0.0	0.0	0.0	0.0	0.0	0.0	0.0	0.0	0.0	0.0	0.0	0.0	0.0	0.0	0.0	0.0	0.1333333	0.0015	0.0	0.0	0.0	0.0	0.0	0.0	0.0	0.0	0.0	0.0	0.0	0.0	
Black-throated Green Warbler	0.0	0.0	0.0	0.0	0.0	0.0	0.0	0.0	0.0	0.0	0.0	0.0	0.0	0.0	0.0	0.0740741	0.5517241	0.4	0.2083333	0.2	0.0	0.0	0.0	0.0	0.0	0.0	0.0	0.0	0.0	0.0	0.0	0.0833333	0.1538462	0.1666667	0.4	0.1875	0.3846154	0.05	0.0625	0.0	0.0	0.0	0.0	0.0	0.0	0.0	0.0	0.0	
Canada Warbler	0.0	0.0	0.0	0.0	0.0	0.0	0.0	0.0	0.0	0.0	0.0	0.0	0.0	0.0	0.0	0.0	0.0689655	0.1666667	0.5	0.5333333	0.1666667	0.0	0.0	0.0	0.0	0.0	0.0	0.0	0.0	0.0	0.25	0.0833333	0.0769231	0.3888889	0.0015	0.0625	0.0	0.0	0.0	0.0	0.0	0.0	0.0	0.0	0.0	0.0	0.0	0.0	
Wilson's Warbler	0.0	0.0	0.0	0.0	0.0	0.0	0.0	0.0	0.0	0.0	0.0	0.0	0.0	0.0	0.0	0.0	0.0	0.3	0.5416667	0.4	0.0	0.0	0.0	0.0	0.0	0.0	0.0	0.0	0.0	0.0	0.0	0.0	0.2307692	0.1666667	0.1333333	0.0015	0.1923077	0.0	0.0	0.0	0.0	0.0	0.0	0.0	0.0	0.0	0.0	0.0	
warbler sp. (Parulidae sp.)	0.0	0.0	0.0	0.0	0.0	0.0	0.0	0.0	0.0	0.0	0.0	0.0	0.0	0.0	0.0	0.0	0.0	0.0	0.0	0.0	0.0	0.0	0.0	0.0	0.0	0.0	0.0	0.0	0.0	0.0	0.0	0.0833333	0.0	0.3888889	0.0666667	0.0	0.1538462	0.05	0.1875	0.2142857	0.0	0.0	0.0	0.0	0.0	0.0	0.0	0.0	
Summer Tanager	0.0	0.0	0.0	0.0	0.0	0.0	0.0	0.0	0.0	0.0	0.0	0.0	0.0	0.0	0.0	0.0	0.0	0.0	0.0416667	0.0	0.0	0.0	0.0	0.0	0.0	0.0	0.0	0.0	0.0	0.0	0.0	0.0	0.0	0.0	0.0	0.0	0.0	0.0	0.0	0.0	0.0	0.0	0.0	0.0	0.0	0.0	0.0	0.0	
Scarlet Tanager	0.0	0.0	0.0	0.0	0.0	0.0	0.0	0.0	0.0	0.0	0.0	0.0	0.0	0.0	0.0	0.0740741	0.1724138	0.2666667	0.5416667	0.2	0.0	0.0	0.0	0.0	0.0	0.0	0.0	0.0	0.0	0.0	0.0	0.0	0.0	0.3333333	0.1333333	0.1875	0.1923077	0.05	0.0	0.0	0.0	0.0	0.0	0.0	0.0	0.0	0.0	0.0	
Western Tanager	0.0	0.0	0.0	0.0	0.0	0.0	0.0	0.0	0.0	0.0	0.0	0.375	0.3636364	0.1363636	0.0	0.0	0.0	0.0	0.0	0.0	0.0	0.0	0.0	0.0	0.0	0.0	0.0	0.0	0.0	0.0	0.0	0.0	0.0	0.0	0.0	0.0	0.0	0.0	0.0	0.0	0.0	0.0	0.0	0.0	0.0	0.0	0.0	0.0	
Northern Cardinal	0.5714286	0.5555556	0.6	0.1296296	0.3333333	0.5	0.4545455	0.6	0.5833333	0.7272727	0.75	0.75	0.7272727	0.6363636	0.6470588	0.8148148	0.5517241	0.6	0.7083333	0.8	0.5833333	0.8333333	0.8	0.9166667	0.5333333	1.0	0.6666667	0.5	0.25	1.0	0.75	0.6666667	0.7692308	0.5	0.8	0.5625	0.5769231	0.75	0.4375	0.7142857	0.6	0.1578947	0.375	0.5555556	0.6	0.6666667	0.1666667	0.7058824	
Rose-breasted Grosbeak	0.0	0.0	0.0	0.0	0.0	0.0	0.0	0.0	0.0	0.0	0.0	0.0	0.0	0.0	0.0	0.1111111	0.3793103	0.4	0.2916667	0.0666667	0.0	0.0	0.0	0.0	0.0	0.0	0.0	0.0	0.0	0.0	0.0	0.0	0.0769231	0.2777778	0.6666667	0.125	0.1923077	0.05	0.0	0.0	0.0	0.0	0.0	0.0	0.0	0.0	0.0	0.0	
Blue Grosbeak	0.0	0.0	0.0	0.0	0.0	0.0	0.0	0.0	0.0	0.0	0.0	0.0	0.0	0.0	0.0	0.0	0.0	0.0	0.0	0.0	0.0	0.0	0.0	0.0	0.0	0.0	0.0	0.0	0.0	0.0	0.0	0.0	0.0769231	0.0	0.0	0.0	0.0384615	0.0	0.0	0.0	0.0	0.0	0.0	0.0	0.0	0.0	0.0	0.0	
Indigo Bunting	0.0	0.0	0.0	0.0	0.0	0.0	0.0	0.0	0.0	0.0	0.0	0.0	0.0	0.0	0.0	0.0	0.2758621	0.2	0.0833333	0.0666667	0.0833333	0.0	0.0	0.0	0.0	0.0	0.0	0.0	0.0	0.0	0.0	0.0	0.0	0.0555556	0.0666667	0.0	0.1923077	0.0	0.0	0.0714286	0.0	0.0	0.0	0.0	0.0	0.0	0.0	0.0	
Dickcissel	0.0	0.0	0.0	0.0	0.0	0.0	0.0	0.0	0.0	0.0	0.0	0.0	0.0	0.0	0.0	0.0	0.0	0.1666667	0.0	0.0	0.0	0.0	0.0	0.0	0.0	0.0	0.0	0.0	0.0	0.0	0.0	0.0	0.0	0.0	0.0	0.0	0.0	0.0	0.0015	0.0	0.0	0.0	0.0	0.0	0.0	0.0	0.0	0.0	
passerine sp.	0.0	0.0	0.0	0.0	0.0	0.0	0.0	0.0	0.0	0.0	0.0	0.0	0.0	0.0	0.0	0.0	0.0	0.0	0.0	0.0	0.0	0.0	0.0	0.0	0.0	0.0	0.0	0.0	0.0	0.0	0.0	0.0	0.0	0.2222222	0.0	0.0	0.0384615	0.0	0.0625	0.0	0.0	0.0	0.0	0.0	0.0	0.0	0.0	0.0	

