Sample Size:	287.0	108.0	68.0	137.0	76.0	112.0	109.0	70.0	69.0	112.0	122.0	250.0	256.0	294.0	254.0	419.0	526.0	462.0	321.0	173.0	62.0	69.0	60.0	70.0	40.0	28.0	38.0	76.0	67.0	78.0	79.0	149.0	69.0	168.0	185.0	266.0	205.0	189.0	189.0	165.0	116.0	152.0	156.0	158.0	69.0	58.0	91.0	111.0	
Snow Goose	0.0	0.0	0.0	0.0	0.0	0.0	0.0	0.0	0.0	0.0	0.0	0.0	0.0	0.0	0.0	0.0	0.0	0.0	0.0	0.0	0.0	0.0	0.0	0.0	0.0	0.0	0.0	0.0	0.0	0.0	0.0	0.0	0.0	0.0	0.0	0.0	0.0	0.0	0.0	0.0	0.0	0.0	0.0064103	0.0	0.0	0.0	0.0	0.0	
Brant	0.1045296	0.1296296	0.1176471	0.0729927	0.0921053	0.0982143	0.0917431	0.1285714	0.1014493	0.125	0.057377	0.076	0.046875	0.0408163	0.015748	0.0214797	0.0209125	0.0367965	0.0093458	0.0057803	0.0322581	0.0	0.0	0.0	0.0	0.0	0.0	0.0	0.0	0.0	0.0	0.0	0.0	0.0	0.0	0.0	0.004878	0.021164	0.0899471	0.030303	0.0086207	0.0394737	0.025641	0.0253165	0.0144928	0.0	0.021978	0.0720721	
Cackling Goose	0.0034843	0.0	0.0	0.0	0.0	0.0	0.0	0.0	0.0	0.0	0.0	0.0	0.0	0.0	0.0	0.0	0.0	0.0	0.0	0.0	0.0	0.0	0.0	0.0	0.0	0.0	0.0	0.0	0.0	0.0	0.0	0.0	0.0	0.0	0.0	0.0	0.0	0.0	0.0	0.0	0.0	0.0	0.0	0.0	0.0	0.0	0.0	0.0	
Canada Goose	0.3135889	0.3518519	0.3382353	0.3065693	0.3947368	0.2946429	0.2844037	0.3571429	0.2753623	0.3571429	0.5327869	0.508	0.5820313	0.4217687	0.523622	0.6348449	0.5494297	0.508658	0.4579439	0.4797688	0.3225806	0.2898551	0.2833333	0.1857143	0.1	0.3571429	0.3421053	0.3815789	0.4328358	0.3333333	0.1898734	0.2416107	0.2318841	0.1904762	0.2810811	0.1729323	0.2487805	0.2010582	0.3174603	0.2545455	0.1982759	0.2960526	0.3525641	0.3670886	0.2898551	0.362069	0.3626374	0.4414414	
goose sp.	0.0	0.0	0.0	0.0	0.0	0.0	0.0	0.0	0.0	0.0	0.0	0.004	0.0	0.0	0.0	0.0	0.0	0.0	0.0	0.0	0.0	0.0	0.0	0.0	0.0	0.0	0.0	0.0	0.0149254	0.0	0.0	0.0	0.0	0.0	0.0	0.0	0.0	0.0	0.0	0.0	0.0	0.0	0.0	0.0	0.0	0.0	0.0	0.0	
Mute Swan	0.010453	0.0185185	0.0441176	0.0145985	0.0131579	0.0	0.0091743	0.0	0.0	0.0	0.0081967	0.0	0.0	0.0	0.0	0.0015	0.0114068	0.0	0.0	0.0057803	0.0	0.0	0.0	0.0015	0.0	0.0	0.0	0.0	0.0	0.0	0.0	0.0	0.0	0.0059524	0.0054054	0.0	0.0146341	0.0	0.0	0.0	0.0	0.0	0.0064103	0.0063291	0.0	0.0	0.0	0.009009	
Tundra Swan	0.0	0.0	0.0	0.0	0.0	0.0	0.0	0.0	0.0	0.0	0.0	0.0	0.0	0.0	0.0	0.0	0.0	0.0	0.0	0.0	0.0	0.0	0.0	0.0	0.0	0.0	0.0	0.0	0.0	0.0	0.0	0.0	0.0	0.0	0.0	0.0	0.0	0.0	0.005291	0.0	0.0	0.0	0.0	0.0	0.0	0.0	0.0	0.0	
swan sp.	0.0	0.0	0.0	0.0	0.0	0.0	0.0	0.0	0.0	0.0	0.0081967	0.0015	0.0	0.0	0.0	0.0	0.0	0.0	0.0	0.0	0.0	0.0	0.0	0.0	0.0	0.0	0.0	0.0	0.0	0.0	0.0	0.0	0.0	0.0	0.0	0.0	0.0	0.0	0.0	0.0	0.0	0.0	0.0	0.0	0.0	0.0	0.0	0.0	
Wood Duck	0.0383275	0.0833333	0.0882353	0.080292	0.0921053	0.0714286	0.0642202	0.1142857	0.115942	0.1071429	0.1885246	0.116	0.1835938	0.1394558	0.0590551	0.2171838	0.0456274	0.0367965	0.0218069	0.0231214	0.016129	0.057971	0.0333333	0.0285714	0.075	0.0714286	0.1315789	0.1184211	0.0895522	0.0384615	0.0379747	0.0536913	0.115942	0.0595238	0.0162162	0.0225564	0.0341463	0.031746	0.0582011	0.0909091	0.0172414	0.0526316	0.0448718	0.0506329	0.0	0.0344828	0.043956	0.027027	
Blue-winged Teal	0.0	0.0	0.0	0.0	0.0	0.0	0.0	0.0	0.0	0.0	0.0	0.0	0.0039063	0.0	0.0	0.0	0.0	0.0	0.0	0.0	0.0	0.0	0.0	0.0	0.0	0.0	0.0	0.0	0.0	0.0	0.0	0.0	0.0	0.0	0.0	0.0	0.0	0.0	0.005291	0.0	0.0	0.0	0.0	0.0	0.0	0.0	0.0	0.0	
Northern Shoveler	0.1289199	0.1666667	0.1764706	0.1459854	0.1315789	0.0625	0.0366972	0.2	0.2173913	0.2410714	0.2377049	0.288	0.28125	0.1326531	0.1141732	0.1384248	0.0019011	0.0	0.0	0.0	0.0	0.0	0.0	0.0	0.0	0.0	0.0	0.0	0.0298507	0.0	0.0126582	0.0134228	0.0434783	0.0535714	0.0162162	0.0488722	0.1170732	0.0582011	0.1269841	0.1939394	0.1551724	0.1184211	0.1987179	0.2721519	0.2318841	0.1551724	0.2307692	0.2342342	
Gadwall	0.1114983	0.1666667	0.1470588	0.1021898	0.1184211	0.0357143	0.1192661	0.1142857	0.0724638	0.0803571	0.0737705	0.068	0.0507813	0.0408163	0.0314961	0.0906921	0.1045627	0.1103896	0.0778816	0.1213873	0.1129032	0.0869565	0.1333333	0.1142857	0.125	0.0714286	0.1578947	0.1184211	0.0746269	0.0128205	0.0253165	0.0469799	0.0724638	0.2202381	0.2486486	0.112782	0.1170732	0.0687831	0.1216931	0.1515152	0.1293103	0.1184211	0.0897436	0.1772152	0.115942	0.0689655	0.0989011	0.1171171	
American Wigeon	0.0	0.0	0.0	0.0	0.0	0.0	0.0183486	0.0285714	0.0144928	0.0	0.0	0.0	0.0	0.0	0.0	0.0	0.0	0.0	0.0	0.0	0.0	0.0	0.0	0.0	0.0	0.0	0.0	0.0	0.0	0.0	0.0	0.0	0.0	0.0	0.0108108	0.0	0.0536585	0.0	0.0	0.0	0.0	0.0	0.0	0.0	0.0	0.0	0.0	0.0	
Mallard	0.2787456	0.3425926	0.3529412	0.3576642	0.4473684	0.4017857	0.3669725	0.5	0.4347826	0.4821429	0.5983607	0.576	0.6015625	0.5	0.5826772	0.7231504	0.6463878	0.6320346	0.6105919	0.6242775	0.5483871	0.5072464	0.5666667	0.5	0.375	0.6428571	0.4210526	0.3947368	0.4776119	0.3846154	0.3797468	0.4161074	0.4782609	0.4047619	0.4216216	0.3909774	0.4682927	0.3968254	0.3809524	0.4787879	0.4482759	0.4934211	0.5064103	0.6012658	0.5652174	0.5172414	0.5494505	0.5675676	
Mallard (Domestic type)	0.0	0.0	0.0	0.0	0.0	0.0	0.0	0.0	0.0	0.0	0.0	0.0	0.0	0.0	0.0	0.0	0.0	0.0	0.0	0.0	0.0	0.0	0.0	0.0	0.0	0.0	0.0	0.0	0.0	0.0	0.0	0.0	0.0	0.0	0.0	0.0	0.0	0.0	0.0	0.0	0.0	0.0	0.0	0.0063291	0.0	0.0	0.0	0.0	
American Black Duck	0.1219512	0.1666667	0.1617647	0.1313869	0.1447368	0.0982143	0.1376147	0.1714286	0.173913	0.1607143	0.2459016	0.136	0.1171875	0.0340136	0.023622	0.0071599	0.0057034	0.0194805	0.0155763	0.0404624	0.0322581	0.0434783	0.1666667	0.0714286	0.025	0.0	0.0263158	0.0263158	0.0298507	0.0897436	0.0506329	0.0604027	0.1014493	0.0238095	0.0486486	0.0263158	0.0341463	0.015873	0.0687831	0.1030303	0.0948276	0.0723684	0.0641026	0.1582278	0.057971	0.0517241	0.0659341	0.0630631	
Mallard x American Black Duck (hybrid)	0.0174216	0.0092593	0.0294118	0.0291971	0.0394737	0.0714286	0.0183486	0.0428571	0.0724638	0.0625	0.0491803	0.04	0.0351563	0.0238095	0.0314961	0.0143198	0.0171103	0.0108225	0.0249221	0.017341	0.016129	0.0	0.0333333	0.0	0.0	0.0357143	0.1052632	0.0131579	0.0895522	0.0897436	0.0379747	0.0134228	0.0144928	0.0119048	0.0108108	0.0112782	0.0195122	0.010582	0.010582	0.030303	0.0086207	0.0197368	0.0064103	0.0126582	0.0	0.0172414	0.0	0.018018	
Mallard/American Black Duck	0.0	0.0	0.0	0.0	0.0	0.0	0.0	0.0	0.0	0.0	0.0	0.0	0.0	0.0	0.0	0.0	0.0	0.0	0.0	0.0	0.0	0.0	0.0	0.0	0.0	0.0	0.0	0.0	0.0	0.0	0.0126582	0.0	0.0	0.0	0.0	0.0	0.0	0.0	0.0	0.0	0.0	0.0	0.0	0.0	0.0	0.0	0.0	0.0	
Northern Pintail	0.0	0.0	0.0	0.0	0.0	0.0	0.0	0.0	0.0144928	0.0	0.0081967	0.0	0.0	0.0	0.0	0.0	0.0	0.0	0.0	0.0	0.0	0.0	0.0	0.0	0.0	0.0	0.0	0.0	0.0	0.0	0.0	0.0	0.0	0.0	0.0	0.0	0.0097561	0.0	0.005291	0.0	0.0	0.0	0.0	0.0	0.0	0.0	0.0	0.0	
Green-winged Teal	0.0	0.0	0.0	0.0	0.0	0.0	0.0	0.0	0.0144928	0.0	0.0491803	0.008	0.0	0.0034014	0.0	0.0	0.0	0.0	0.0	0.0	0.0	0.0	0.0	0.0	0.0	0.0	0.0	0.0	0.0	0.0	0.0	0.0	0.0	0.0059524	0.0	0.0075188	0.0634146	0.021164	0.005291	0.0363636	0.0	0.0	0.0064103	0.0	0.0	0.0	0.0	0.0	
Canvasback	0.0	0.0092593	0.0	0.0	0.0	0.0089286	0.0642202	0.1857143	0.0289855	0.0015	0.0	0.0	0.0	0.0	0.0	0.0	0.0	0.0	0.0	0.0	0.0	0.0	0.0	0.0	0.0	0.0	0.0	0.0	0.0	0.0	0.0	0.0	0.0	0.0	0.0	0.0	0.0	0.0	0.0	0.0	0.0	0.0	0.0	0.0	0.0	0.0	0.0	0.0	
Ring-necked Duck	0.1010453	0.1111111	0.0441176	0.0	0.0	0.0	0.0091743	0.0015	0.0289855	0.0089286	0.0	0.004	0.0	0.0	0.0	0.0	0.0	0.0	0.0	0.0	0.0	0.0	0.0	0.0	0.0	0.0	0.0	0.0	0.0	0.0	0.0	0.0	0.0	0.0	0.0	0.0	0.0	0.0	0.0	0.0	0.0	0.0723684	0.0576923	0.1455696	0.0869565	0.137931	0.043956	0.0810811	
Greater Scaup	0.0	0.0	0.0	0.0	0.0	0.0	0.0091743	0.0	0.0	0.0	0.0	0.0	0.0	0.0	0.0	0.0	0.0	0.0	0.0	0.0	0.0	0.0	0.0	0.0	0.0	0.0	0.0	0.0	0.0	0.0	0.0	0.0	0.0	0.0	0.0	0.0	0.0	0.0	0.0	0.0	0.0	0.0	0.0	0.0	0.0	0.0	0.0	0.0	
Lesser Scaup	0.0	0.0185185	0.0	0.0	0.0	0.0535714	0.0458716	0.0142857	0.057971	0.0446429	0.057377	0.016	0.0039063	0.0	0.0	0.0095465	0.0	0.0	0.0	0.0	0.0	0.0	0.0	0.0	0.0	0.0	0.0	0.0	0.0	0.0	0.0	0.0	0.0	0.0	0.0	0.0	0.0	0.0	0.0	0.0	0.0	0.0	0.0	0.0	0.0	0.0	0.0	0.0	
Greater/Lesser Scaup	0.0034843	0.0185185	0.0	0.0218978	0.0	0.0	0.0183486	0.0142857	0.0144928	0.0357143	0.0737705	0.012	0.0039063	0.0	0.0	0.0	0.0	0.0	0.0	0.0	0.0	0.0	0.0	0.0	0.0	0.0	0.0	0.0	0.0	0.0	0.0	0.0	0.0	0.0	0.0	0.0	0.0	0.0	0.0	0.0	0.0	0.0065789	0.0	0.0063291	0.0	0.0	0.0	0.0	
White-winged Scoter	0.0	0.0	0.0	0.0	0.0	0.0	0.0	0.0	0.0	0.0	0.0	0.0	0.0	0.0	0.0	0.0	0.0	0.0	0.0	0.0	0.0	0.0	0.0	0.0	0.0	0.0	0.0	0.0	0.0	0.0	0.0	0.0	0.0	0.0	0.0	0.0	0.004878	0.0	0.0	0.0	0.0	0.0	0.0	0.0	0.0	0.0	0.0	0.009009	
Long-tailed Duck	0.0	0.0	0.0	0.0	0.0	0.0	0.0	0.0015	0.0434783	0.0089286	0.0	0.0	0.0	0.0	0.0	0.0	0.0	0.0	0.0	0.0	0.0	0.0	0.0	0.0	0.0	0.0	0.0	0.0	0.0	0.0	0.0	0.0	0.0	0.0	0.0	0.0	0.0	0.0	0.0	0.0	0.0	0.0	0.0	0.0	0.0	0.0	0.0	0.0	
Bufflehead	0.1672474	0.1851852	0.2058824	0.0729927	0.1052632	0.0982143	0.1284404	0.1714286	0.1014493	0.1517857	0.1065574	0.24	0.25	0.1394558	0.1141732	0.1121718	0.0171103	0.0	0.0	0.0	0.0	0.0	0.0	0.0	0.0	0.0	0.0	0.0	0.0	0.0	0.0	0.0	0.0	0.0	0.0	0.0	0.0	0.0	0.0015	0.0727273	0.0862069	0.1315789	0.2179487	0.2468354	0.1594203	0.1896552	0.1758242	0.2252252	
Common Goldeneye	0.0069686	0.0092593	0.0147059	0.0	0.0	0.0	0.0183486	0.0142857	0.0289855	0.0089286	0.0	0.016	0.0	0.0	0.0	0.0	0.0	0.0	0.0	0.0	0.0	0.0	0.0	0.0	0.0	0.0	0.0	0.0	0.0	0.0	0.0	0.0	0.0	0.0	0.0	0.0	0.0	0.0	0.0	0.0	0.0	0.0	0.0	0.0063291	0.0	0.0	0.0	0.0015	
Hooded Merganser	0.1184669	0.1388889	0.1617647	0.0875912	0.0789474	0.0267857	0.0733945	0.0285714	0.0144928	0.0	0.0491803	0.208	0.15625	0.0612245	0.015748	0.0	0.0019011	0.0	0.0	0.0	0.0	0.0	0.0	0.0	0.0	0.0	0.0	0.0	0.0	0.0	0.0	0.0	0.0	0.0	0.0	0.0	0.0	0.0	0.0015	0.0909091	0.112069	0.0986842	0.1153846	0.1835443	0.1594203	0.1551724	0.1538462	0.1531532	
Common Merganser	0.0034843	0.0	0.0	0.0	0.0131579	0.0178571	0.0015	0.0	0.0289855	0.0089286	0.0	0.0	0.0	0.0	0.0	0.0	0.0	0.0	0.0	0.0	0.0	0.0	0.0	0.0	0.0	0.0	0.0	0.0	0.0	0.0	0.0	0.0	0.0	0.0	0.0	0.0	0.0	0.0	0.0	0.0	0.0	0.0	0.0	0.0	0.0	0.0	0.0	0.0	
Red-breasted Merganser	0.0627178	0.1018519	0.1029412	0.0656934	0.1184211	0.0982143	0.1284404	0.2285714	0.115942	0.1875	0.2868852	0.156	0.1171875	0.0442177	0.011811	0.0	0.0076046	0.0021645	0.0	0.0	0.0	0.0	0.0	0.0	0.0	0.0	0.0	0.0	0.0	0.0	0.0	0.0	0.0	0.0	0.0	0.0	0.0	0.0	0.0	0.0	0.0	0.0	0.0064103	0.0253165	0.0	0.0	0.043956	0.027027	
Ruddy Duck	0.1428571	0.1851852	0.1617647	0.0364964	0.0657895	0.0267857	0.0458716	0.0142857	0.0289855	0.0089286	0.0081967	0.016	0.0429688	0.0612245	0.0590551	0.0047733	0.0019011	0.0	0.0	0.0	0.0	0.0	0.0	0.0	0.0	0.0	0.0	0.0	0.0	0.0	0.0	0.0	0.0	0.0059524	0.0324324	0.056391	0.0487805	0.047619	0.0687831	0.1515152	0.1982759	0.1315789	0.1538462	0.2025316	0.1884058	0.1896552	0.1648352	0.1621622	
duck sp.	0.0	0.0	0.0147059	0.0	0.0	0.0015	0.0275229	0.0142857	0.0144928	0.0357143	0.0163934	0.008	0.0078125	0.0	0.0015	0.0047733	0.0019011	0.004329	0.0031153	0.0	0.0	0.0	0.0	0.0142857	0.0	0.0	0.0263158	0.0131579	0.0298507	0.0128205	0.0	0.0134228	0.0	0.0119048	0.0054054	0.0075188	0.0097561	0.010582	0.026455	0.0121212	0.0	0.0131579	0.0	0.0126582	0.0289855	0.0	0.0	0.027027	
Wild Turkey	0.0	0.0	0.0	0.0	0.0	0.0	0.0	0.0	0.0	0.0	0.0	0.0	0.0	0.0	0.0	0.0023866	0.0076046	0.0021645	0.0	0.0	0.0	0.0	0.0	0.0	0.0	0.0	0.0	0.0	0.0	0.0	0.0	0.0	0.0	0.0	0.0	0.0	0.0	0.0	0.0	0.0	0.0	0.0	0.0	0.0	0.0	0.0	0.0	0.0	
Pied-billed Grebe	0.0452962	0.0925926	0.0147059	0.0145985	0.0131579	0.0	0.0	0.0	0.0144928	0.0	0.0081967	0.044	0.1914063	0.0340136	0.0	0.0	0.0019011	0.0	0.0	0.0	0.0	0.0	0.0	0.0	0.0	0.0	0.0	0.0	0.0	0.0	0.0	0.0	0.0	0.0119048	0.0162162	0.0300752	0.0243902	0.0	0.0015	0.0424242	0.0	0.0263158	0.025641	0.0696203	0.0289855	0.0344828	0.032967	0.045045	
Horned Grebe	0.0034843	0.0	0.0	0.0072993	0.0	0.0	0.0091743	0.0	0.0144928	0.0357143	0.0	0.016	0.0195313	0.0	0.0	0.0	0.0	0.0	0.0	0.0	0.0	0.0	0.0	0.0	0.0	0.0	0.0	0.0	0.0	0.0	0.0	0.0	0.0	0.0	0.0	0.0	0.0	0.0	0.0	0.0	0.0	0.0	0.0	0.0063291	0.0	0.0	0.0	0.0	
Red-necked Grebe	0.0	0.0	0.0	0.0	0.0	0.0	0.0091743	0.0	0.0	0.0	0.0081967	0.012	0.0015	0.0	0.0	0.0	0.0	0.0021645	0.0	0.0	0.0	0.0	0.0	0.0	0.0	0.0	0.0	0.0	0.0	0.0	0.0	0.0	0.0	0.0	0.0	0.0	0.0	0.0	0.0	0.0	0.0	0.0	0.0	0.0	0.0	0.0	0.0	0.0	
Rock Pigeon	0.6968641	0.7037037	0.6029412	0.5620438	0.5	0.5	0.5963303	0.4714286	0.5652174	0.5892857	0.6065574	0.536	0.5742188	0.6462585	0.7283465	0.6801909	0.6444867	0.6645022	0.6199377	0.6300578	0.6774194	0.6231884	0.6333333	0.5857143	0.6	0.7857143	0.6842105	0.6842105	0.7462687	0.6153846	0.6708861	0.5838926	0.6956522	0.577381	0.7135135	0.6954887	0.6878049	0.7354497	0.5714286	0.6909091	0.5517241	0.5460526	0.5833333	0.6012658	0.5217391	0.5172414	0.5824176	0.5405405	
Mourning Dove	0.3832753	0.2685185	0.25	0.2481752	0.1315789	0.1875	0.1743119	0.1857143	0.3478261	0.4285714	0.3606557	0.388	0.46875	0.5	0.5905512	0.6754177	0.7148289	0.6904762	0.6728972	0.6358382	0.4193548	0.5942029	0.65	0.5571429	0.4	0.6428571	0.5526316	0.5657895	0.7313433	0.6025641	0.6582278	0.6644295	0.7391304	0.6309524	0.5783784	0.5488722	0.5609756	0.5767196	0.4867725	0.4242424	0.4137931	0.3947368	0.5064103	0.5063291	0.4782609	0.2586207	0.4945055	0.4054054	
Yellow-billed Cuckoo	0.0	0.0	0.0	0.0	0.0	0.0	0.0	0.0	0.0	0.0	0.0	0.0	0.0	0.0	0.0	0.0	0.0019011	0.025974	0.0124611	0.0057803	0.0	0.0	0.0	0.0	0.0	0.0	0.0	0.0	0.0	0.0	0.0015	0.0067114	0.0289855	0.0059524	0.0108108	0.0	0.004878	0.0	0.0	0.0	0.0	0.0	0.0	0.0	0.0	0.0	0.0	0.0	
Black-billed Cuckoo	0.0	0.0	0.0	0.0	0.0	0.0	0.0	0.0	0.0	0.0	0.0	0.0	0.0	0.0	0.0	0.0	0.0076046	0.0519481	0.0031153	0.017341	0.0	0.0	0.0	0.0	0.0	0.0	0.0	0.0	0.0	0.0	0.0	0.0	0.0	0.0357143	0.0	0.0	0.0	0.0	0.0	0.0	0.0	0.0	0.0	0.0	0.0	0.0	0.0	0.0	
Yellow-billed/Black-billed Cuckoo	0.0	0.0	0.0	0.0	0.0	0.0	0.0	0.0	0.0	0.0	0.0	0.0	0.0	0.0	0.0	0.0	0.0	0.0021645	0.0	0.0	0.0	0.0	0.0	0.0	0.0	0.0	0.0	0.0	0.0	0.0	0.0	0.0	0.0	0.0119048	0.0	0.0	0.0	0.0	0.0	0.0	0.0	0.0	0.0	0.0	0.0	0.0	0.0	0.0	
Common Nighthawk	0.0	0.0	0.0	0.0	0.0	0.0	0.0	0.0	0.0	0.0	0.0	0.0	0.0	0.0	0.0	0.0	0.0	0.004329	0.0	0.0	0.016129	0.0	0.0	0.0	0.0	0.0	0.0	0.0	0.0	0.0	0.0	0.0201342	0.0144928	0.0357143	0.0108108	0.0	0.0	0.0	0.0	0.0	0.0	0.0	0.0	0.0	0.0	0.0	0.0	0.0	
Chuck-will's-widow	0.0	0.0	0.0	0.0	0.0	0.0	0.0	0.0	0.0	0.0	0.0	0.0	0.0	0.2108844	0.1417323	0.0	0.0	0.0	0.0	0.0	0.0	0.0	0.0	0.0	0.0	0.0	0.0	0.0	0.0	0.0	0.0	0.0	0.0	0.0	0.0	0.0	0.0	0.0	0.0	0.0	0.0	0.0	0.0	0.0	0.0	0.0	0.0	0.0	
Eastern Whip-poor-will	0.0	0.0	0.0	0.0	0.0	0.0	0.0	0.0	0.0	0.0	0.0	0.0	0.0	0.0	0.0	0.0	0.0	0.0	0.0	0.0	0.0	0.0	0.0	0.0	0.0	0.0	0.0	0.0	0.0	0.0	0.0	0.0	0.0	0.0	0.0	0.0075188	0.0	0.0	0.0	0.0	0.0	0.0	0.0	0.0	0.0	0.0	0.0	0.0	
Chimney Swift	0.0	0.0	0.0	0.0	0.0	0.0	0.0	0.0	0.0	0.0	0.0	0.0	0.0	0.0	0.019685	0.2553699	0.4486692	0.4134199	0.3956386	0.5606936	0.2580645	0.4057971	0.4166667	0.3571429	0.275	0.3928571	0.2894737	0.3421053	0.4179104	0.3717949	0.1265823	0.261745	0.2608696	0.3511905	0.2648649	0.2969925	0.1609756	0.0687831	0.042328	0.0	0.0	0.0	0.0	0.0	0.0	0.0	0.0	0.0	
Ruby-throated Hummingbird	0.0	0.0	0.0	0.0	0.0	0.0	0.0	0.0	0.0	0.0	0.0	0.0	0.0	0.0	0.0	0.0143198	0.1064639	0.0151515	0.046729	0.0231214	0.0	0.0	0.0	0.0	0.0	0.0	0.0	0.0	0.0149254	0.0128205	0.0253165	0.0939597	0.173913	0.1964286	0.3135135	0.1954887	0.0536585	0.0015	0.0	0.0	0.0	0.0	0.0	0.0	0.0	0.0	0.0	0.0	
hummingbird sp.	0.0	0.0	0.0	0.0	0.0	0.0	0.0	0.0	0.0	0.0	0.0	0.0	0.0	0.0	0.0	0.0	0.0	0.0	0.0	0.0	0.0	0.0	0.0	0.0	0.0	0.0	0.0	0.0	0.0	0.0	0.0	0.0	0.0	0.0	0.0	0.0	0.0	0.005291	0.0	0.0	0.0	0.0	0.0	0.0	0.0	0.0	0.0	0.0	
Virginia Rail	0.0	0.0	0.0	0.0	0.0	0.0	0.0	0.0	0.0	0.0	0.0	0.0	0.0	0.0	0.0	0.0	0.0	0.0	0.0	0.0	0.0	0.0	0.0	0.0	0.0	0.0	0.0	0.0	0.0	0.0	0.0	0.0	0.0	0.0	0.0	0.0	0.0	0.0	0.010582	0.0060606	0.0	0.0	0.0	0.0	0.0	0.0	0.0	0.0	
Sora	0.0	0.0	0.0	0.0	0.0	0.0	0.0	0.0	0.0	0.0	0.0	0.0	0.0	0.0	0.0	0.0	0.0	0.0	0.0	0.0	0.0	0.0	0.0	0.0	0.0	0.0	0.0	0.0	0.0	0.0	0.0	0.0	0.0	0.0	0.0	0.0	0.0	0.0015	0.1058201	0.0969697	0.0689655	0.0	0.0	0.0	0.0	0.0	0.0	0.0	
American Coot	0.087108	0.1296296	0.1470588	0.1021898	0.0921053	0.1071429	0.1192661	0.1285714	0.1304348	0.1339286	0.204918	0.132	0.1171875	0.1326531	0.0748031	0.1312649	0.0	0.0	0.0	0.0	0.0	0.0	0.0	0.0	0.0	0.0	0.0	0.0	0.0	0.0	0.0	0.0134228	0.0434783	0.0833333	0.172973	0.0902256	0.0731707	0.021164	0.0634921	0.0545455	0.0689655	0.0657895	0.0833333	0.1582278	0.115942	0.0862069	0.1098901	0.1441441	
American Oystercatcher	0.0	0.0	0.0	0.0	0.0	0.0	0.0	0.0	0.0	0.0	0.0	0.004	0.0	0.0	0.0	0.0	0.0019011	0.0	0.0	0.0	0.0	0.0144928	0.0	0.0	0.0	0.0	0.0	0.0	0.0	0.0	0.0	0.0	0.0	0.0	0.0	0.0	0.0	0.0	0.0	0.0	0.0	0.0	0.0	0.0	0.0	0.0	0.0	0.0	
Semipalmated Plover	0.0	0.0	0.0	0.0	0.0	0.0	0.0	0.0	0.0	0.0	0.0	0.0	0.0	0.0	0.0	0.0	0.0	0.0	0.0	0.0	0.0	0.0	0.0	0.0	0.0	0.0	0.0	0.0131579	0.0015	0.0128205	0.0	0.0	0.0	0.0	0.0	0.0	0.0	0.0	0.0	0.0	0.0	0.0	0.0	0.0	0.0	0.0	0.0	0.0	
Killdeer	0.0069686	0.0	0.0147059	0.0	0.0	0.0089286	0.0091743	0.0	0.0144928	0.0535714	0.0163934	0.024	0.0117188	0.0102041	0.003937	0.0047733	0.0095057	0.008658	0.0093458	0.0289017	0.016129	0.0434783	0.1333333	0.0285714	0.025	0.1428571	0.0789474	0.0	0.0149254	0.0	0.0	0.0067114	0.0	0.0	0.0	0.0075188	0.0292683	0.0	0.015873	0.0121212	0.0	0.0	0.0015	0.0015	0.0	0.0	0.0	0.0	
Ruddy Turnstone	0.0	0.0	0.0	0.0	0.0	0.0	0.0	0.0	0.0	0.0	0.0	0.0	0.0	0.0	0.0	0.0	0.0	0.0	0.0	0.0	0.0	0.0	0.0	0.0	0.0	0.0	0.0	0.0131579	0.0	0.0	0.0	0.0	0.0	0.0	0.0	0.0	0.0	0.0	0.0	0.0	0.0	0.0	0.0	0.0	0.0	0.0	0.0	0.0	
Dunlin	0.0	0.0	0.0	0.0	0.0	0.0	0.0	0.0	0.0	0.0	0.0	0.0	0.0	0.0	0.0	0.0	0.0	0.0	0.0031153	0.0	0.0	0.0	0.0	0.0	0.0	0.0	0.0	0.0	0.0	0.0	0.0	0.0	0.0	0.0	0.0	0.0	0.0	0.0	0.0	0.0	0.0	0.0	0.0	0.0	0.0	0.0	0.0	0.0	
Purple Sandpiper	0.0	0.0	0.0	0.0	0.0	0.0	0.0	0.0	0.0	0.0	0.0	0.0	0.0	0.0	0.0	0.0	0.0019011	0.0	0.0093458	0.0	0.0	0.0	0.0	0.0	0.0	0.0	0.0	0.0	0.0	0.0	0.0	0.0	0.0	0.0	0.0	0.0	0.0	0.0	0.0	0.0	0.0	0.0	0.0	0.0	0.0	0.0	0.0	0.0	
Least Sandpiper	0.0	0.0	0.0	0.0	0.0	0.0	0.0	0.0	0.0	0.0	0.0	0.0	0.0	0.0	0.0	0.0	0.0019011	0.0021645	0.0	0.0	0.0	0.0	0.0	0.0	0.0	0.0	0.0	0.0	0.0	0.0384615	0.0126582	0.033557	0.0	0.0059524	0.0054054	0.0	0.0	0.0	0.0	0.0	0.0	0.0	0.0	0.0	0.0	0.0	0.0	0.0	
Semipalmated Sandpiper	0.0	0.0	0.0	0.0	0.0	0.0	0.0	0.0	0.0	0.0	0.0	0.0	0.0	0.0	0.0	0.0	0.0	0.0	0.0	0.0	0.0	0.0	0.0	0.0	0.0	0.0	0.0	0.0131579	0.0015	0.0641026	0.0015	0.0	0.0	0.0	0.0	0.0	0.0	0.0	0.0	0.0	0.0	0.0	0.0	0.0	0.0	0.0	0.0	0.0	
peep sp.	0.0	0.0	0.0	0.0	0.0	0.0	0.0	0.0	0.0	0.0	0.0	0.0	0.0	0.0	0.0	0.0	0.0	0.0	0.0031153	0.0	0.0	0.0	0.0	0.0	0.0	0.0	0.0263158	0.0263158	0.0	0.0	0.0	0.0	0.0	0.0	0.0	0.0	0.0	0.0	0.0	0.0	0.0	0.0	0.0	0.0	0.0	0.0	0.0	0.0	
Calidris sp.	0.0	0.0	0.0	0.0	0.0	0.0	0.0	0.0	0.0	0.0	0.0	0.0	0.0	0.0	0.0	0.0	0.0	0.0	0.0	0.0	0.0	0.0	0.0	0.0	0.0	0.0	0.0	0.0	0.0	0.0015	0.0015	0.0	0.0	0.0	0.0	0.0	0.0	0.0	0.0	0.0	0.0	0.0	0.0	0.0	0.0	0.0	0.0	0.0	
American Woodcock	0.0	0.0	0.0	0.0	0.0	0.0	0.0	0.0	0.0	0.0892857	0.147541	0.144	0.0351563	0.1258503	0.003937	0.0047733	0.0	0.0	0.0	0.0	0.0	0.0	0.0	0.0	0.0	0.0	0.0	0.0	0.0	0.0	0.0	0.0	0.0	0.0	0.0	0.0	0.0	0.0	0.005291	0.0181818	0.0	0.0	0.0	0.0	0.0	0.0	0.010989	0.009009	
Wilson's Snipe	0.0	0.0	0.0	0.0	0.0	0.0	0.0	0.0	0.0	0.0	0.0	0.0	0.0078125	0.0	0.0	0.052506	0.0015	0.0	0.0	0.0	0.0	0.0	0.0	0.0	0.0	0.0	0.0	0.0	0.0	0.0	0.0	0.0	0.0	0.0	0.0	0.0	0.0	0.005291	0.0	0.0	0.0	0.0	0.0	0.0	0.0	0.0	0.0	0.0	
Red Phalarope	0.0	0.0	0.0	0.0	0.0	0.0	0.0	0.0	0.0	0.0	0.0	0.0	0.0	0.0	0.0	0.0	0.0	0.0	0.0	0.0	0.0	0.0	0.0	0.0	0.0	0.0	0.0	0.0	0.0	0.0	0.0	0.0	0.0	0.0	0.0	0.0	0.004878	0.0	0.0	0.0	0.0	0.0	0.0	0.0	0.0	0.0	0.0	0.0	
Spotted Sandpiper	0.0	0.0	0.0	0.0	0.0	0.0	0.0	0.0	0.0	0.0	0.0	0.0	0.0	0.0	0.015748	0.0310263	0.0057034	0.038961	0.046729	0.0231214	0.0	0.0	0.0	0.0	0.0	0.0	0.0526316	0.0394737	0.0597015	0.0897436	0.0379747	0.0671141	0.057971	0.0357143	0.0378378	0.0037594	0.0097561	0.0	0.0	0.0	0.0	0.0	0.0	0.0	0.0	0.0	0.0	0.0	
Solitary Sandpiper	0.0	0.0	0.0	0.0	0.0	0.0	0.0	0.0	0.0	0.0	0.0	0.0	0.0	0.0	0.0	0.0	0.0038023	0.008658	0.0	0.0	0.0	0.0	0.0	0.0	0.0	0.0	0.0	0.0	0.0	0.0	0.0015	0.0	0.0	0.0119048	0.0	0.0	0.0	0.0	0.0	0.0	0.0	0.0	0.0	0.0	0.0	0.0	0.0	0.0	
Greater Yellowlegs	0.0	0.0	0.0	0.0	0.0	0.0	0.0	0.0	0.0	0.0	0.0	0.0	0.0	0.0	0.0	0.0	0.0038023	0.0108225	0.0	0.0	0.0	0.0	0.0	0.0	0.0	0.0	0.0	0.0	0.0	0.0128205	0.0	0.0	0.0	0.0	0.0	0.0	0.0	0.0	0.0	0.0	0.0	0.0	0.0	0.0	0.0	0.0	0.0	0.0	
shorebird sp.	0.0	0.0	0.0	0.0	0.0	0.0	0.0	0.0	0.0	0.0	0.0	0.0	0.0	0.0	0.0	0.0	0.0	0.0	0.0	0.0	0.0	0.0	0.0	0.0	0.0	0.0	0.0	0.0263158	0.0	0.0	0.0126582	0.0067114	0.0	0.0059524	0.0	0.0	0.0	0.0	0.0	0.0	0.0	0.0	0.0	0.0	0.0	0.0	0.0	0.0	
Bonaparte's Gull	0.0	0.0	0.0	0.0072993	0.0	0.0	0.0	0.0	0.0	0.0	0.0	0.0	0.0	0.0	0.0015	0.0	0.0015	0.0	0.0	0.0	0.0	0.0	0.0	0.0	0.0	0.0	0.0	0.0	0.0	0.0	0.0	0.0	0.0	0.0	0.0	0.0	0.0	0.0	0.0	0.0181818	0.0	0.0	0.0	0.0	0.0	0.0	0.0	0.0	
Black-headed Gull	0.0	0.0	0.0294118	0.0	0.0	0.0015	0.0	0.0	0.0	0.0	0.0	0.0	0.0	0.0	0.0	0.0	0.0	0.0	0.0	0.0	0.0	0.0	0.0	0.0	0.0	0.0	0.0	0.0	0.0	0.0	0.0	0.0	0.0	0.0	0.0	0.0	0.0	0.0	0.0	0.0	0.0	0.0	0.0	0.0	0.0	0.0	0.0	0.0	
Laughing Gull	0.0	0.0	0.0	0.0	0.0	0.0	0.0	0.0	0.0	0.0	0.0	0.0	0.0039063	0.0034014	0.003937	0.0143198	0.0228137	0.0367965	0.0249221	0.0578035	0.0806452	0.1884058	0.1666667	0.1857143	0.2	0.25	0.2368421	0.1710526	0.1641791	0.1025641	0.1139241	0.0872483	0.0724638	0.047619	0.0432432	0.0263158	0.0585366	0.005291	0.026455	0.0242424	0.0	0.0394737	0.0128205	0.0063291	0.0	0.0	0.0	0.0	
Franklin's Gull	0.0	0.0	0.0	0.0	0.0	0.0	0.0	0.0	0.0	0.0	0.0	0.0	0.0	0.0	0.0	0.0	0.0	0.0	0.0	0.0	0.0	0.0	0.0	0.0	0.0	0.0	0.0	0.0	0.0	0.0	0.0	0.0	0.0	0.0	0.0	0.0	0.0	0.0	0.0	0.0	0.0	0.0131579	0.0	0.0	0.0	0.0	0.0	0.0	
Ring-billed Gull	0.3832753	0.4444444	0.3823529	0.2919708	0.4342105	0.4017857	0.4036697	0.5428571	0.3913043	0.4196429	0.4098361	0.336	0.3515625	0.2312925	0.1929134	0.1885442	0.1444867	0.1753247	0.1277259	0.1445087	0.1935484	0.1594203	0.2333333	0.1857143	0.2	0.4285714	0.4473684	0.4210526	0.4328358	0.3717949	0.1772152	0.2550336	0.3478261	0.1607143	0.1567568	0.1203008	0.2195122	0.1428571	0.2698413	0.3090909	0.3706897	0.4342105	0.3333333	0.3291139	0.3333333	0.4482759	0.4175824	0.4774775	
Herring Gull	0.3031359	0.3425926	0.2941176	0.2189781	0.2763158	0.2678571	0.2844037	0.3714286	0.3188406	0.3303571	0.3606557	0.248	0.265625	0.170068	0.1535433	0.2171838	0.2224335	0.2164502	0.1993769	0.2543353	0.3870968	0.2898551	0.3666667	0.3285714	0.425	0.4285714	0.5263158	0.4342105	0.4477612	0.2948718	0.2025316	0.295302	0.3478261	0.2083333	0.2594595	0.2218045	0.2585366	0.2275132	0.2910053	0.2606061	0.2758621	0.3026316	0.3012821	0.2911392	0.173913	0.2413793	0.2857143	0.3243243	
Iceland Gull	0.0034843	0.0	0.0	0.0	0.0	0.0	0.0	0.0	0.0	0.0	0.0	0.0	0.0	0.0	0.0	0.0	0.0	0.0	0.0	0.0	0.0	0.0	0.0	0.0	0.0	0.0	0.0	0.0	0.0	0.0	0.0	0.0	0.0	0.0	0.0	0.0	0.0	0.0	0.0	0.0	0.0	0.0	0.0	0.0	0.0	0.0	0.0	0.0	
Lesser Black-backed Gull	0.0034843	0.0	0.0	0.0	0.0	0.0	0.0	0.0	0.0	0.0	0.0	0.0	0.0	0.0	0.003937	0.0	0.0	0.0	0.0	0.0	0.0	0.0	0.0	0.0	0.0	0.0	0.0	0.0	0.0149254	0.0128205	0.0	0.0	0.0	0.0	0.0	0.0	0.0	0.0	0.0	0.0	0.0	0.0065789	0.0	0.0	0.0	0.0	0.0	0.009009	
Glaucous Gull	0.0	0.0	0.0	0.0	0.0	0.0	0.0091743	0.0	0.0015	0.0	0.0	0.0	0.0	0.0	0.0	0.0023866	0.0	0.0	0.0	0.0	0.0	0.0	0.0	0.0	0.0	0.0	0.0	0.0	0.0	0.0	0.0	0.0	0.0	0.0	0.0	0.0	0.0	0.0	0.0	0.0	0.0	0.0	0.0	0.0	0.0	0.0	0.0	0.0	
Great Black-backed Gull	0.271777	0.3055556	0.25	0.2189781	0.25	0.25	0.2568807	0.3714286	0.2608696	0.2321429	0.2868852	0.212	0.2226563	0.1292517	0.1023622	0.124105	0.1064639	0.1125541	0.0872274	0.1445087	0.2580645	0.3188406	0.3333333	0.2857143	0.325	0.3571429	0.4473684	0.3552632	0.4328358	0.2948718	0.2025316	0.1610738	0.3043478	0.1190476	0.1783784	0.1240602	0.1853659	0.1111111	0.2222222	0.2181818	0.25	0.3289474	0.2564103	0.2468354	0.1449275	0.2758621	0.2197802	0.2522523	
Larus sp.	0.0034843	0.0	0.0	0.0	0.0	0.0	0.0	0.0	0.0	0.0	0.0	0.0	0.0	0.0	0.0	0.0	0.0	0.0	0.0031153	0.0	0.0	0.0	0.0	0.0	0.0	0.0	0.0	0.0	0.0	0.0128205	0.0	0.0015	0.0	0.0	0.0	0.0	0.0	0.0	0.0	0.0	0.0	0.0	0.0	0.0063291	0.0	0.0	0.0	0.009009	
gull sp.	0.0592334	0.0833333	0.0588235	0.0875912	0.1447368	0.1071429	0.0733945	0.0857143	0.0724638	0.0625	0.0491803	0.08	0.0429688	0.0238095	0.0393701	0.0453461	0.0627376	0.0519481	0.0373832	0.0462428	0.0322581	0.0434783	0.0666667	0.0571429	0.05	0.0015	0.0263158	0.0526316	0.0298507	0.025641	0.0506329	0.0469799	0.0724638	0.0833333	0.0540541	0.037594	0.0390244	0.0582011	0.0899471	0.0545455	0.0517241	0.0526316	0.0448718	0.056962	0.0724638	0.137931	0.0989011	0.1801802	
Least Tern	0.0	0.0	0.0	0.0	0.0	0.0	0.0	0.0	0.0	0.0	0.0	0.0	0.0	0.0	0.0	0.0	0.0	0.0	0.0	0.0	0.0	0.0144928	0.0	0.0	0.0	0.0	0.0	0.0	0.0	0.0	0.0	0.0	0.0	0.0	0.0	0.0	0.0	0.0	0.0	0.0	0.0	0.0	0.0	0.0	0.0	0.0	0.0	0.0	
Common Tern	0.0	0.0	0.0	0.0	0.0	0.0	0.0	0.0	0.0	0.0	0.0	0.0	0.0	0.0	0.0	0.0	0.0019011	0.0064935	0.0031153	0.0462428	0.0483871	0.1304348	0.2166667	0.1142857	0.225	0.2142857	0.2631579	0.1710526	0.2238806	0.0641026	0.0632911	0.0536913	0.0724638	0.0	0.0054054	0.0	0.0	0.0	0.0	0.0	0.0	0.0	0.0	0.0	0.0	0.0	0.0	0.0	
Forster's Tern	0.0	0.0	0.0	0.0	0.0	0.0	0.0	0.0	0.0	0.0	0.0	0.0	0.0	0.0	0.0	0.0	0.0	0.0	0.0015	0.0	0.0	0.0	0.0	0.0	0.0	0.0	0.0	0.0	0.0	0.0	0.0	0.0	0.0	0.0	0.0	0.0	0.0	0.0	0.0	0.0	0.0	0.0	0.0	0.0	0.0	0.0	0.0	0.0	
Sterna sp.	0.0	0.0	0.0	0.0	0.0	0.0	0.0	0.0	0.0	0.0	0.0	0.0	0.0	0.0	0.0	0.0	0.0	0.0	0.0	0.0	0.0	0.0144928	0.0	0.0	0.0	0.0	0.0	0.0	0.0	0.0	0.0	0.0	0.0	0.0	0.0	0.0	0.0	0.0	0.0	0.0	0.0	0.0	0.0	0.0	0.0	0.0	0.0	0.0	
Black Skimmer	0.0	0.0	0.0	0.0	0.0	0.0	0.0	0.0	0.0	0.0	0.0	0.0	0.0	0.0	0.0	0.0	0.0	0.0	0.0	0.0	0.0	0.0	0.0015	0.0285714	0.0	0.0	0.0	0.0	0.0	0.0	0.0	0.0	0.0	0.0	0.0	0.0	0.0	0.0	0.0	0.0	0.0	0.0	0.0	0.0	0.0	0.0	0.0	0.0	
Red-throated Loon	0.0034843	0.0092593	0.0	0.0072993	0.0131579	0.1071429	0.0183486	0.0	0.0015	0.0089286	0.0	0.004	0.0039063	0.0	0.0	0.0047733	0.0	0.0	0.0	0.0	0.0	0.0	0.0	0.0	0.0	0.0	0.0	0.0	0.0	0.0	0.0	0.0	0.0	0.0	0.0	0.0	0.0	0.0	0.0	0.0	0.0	0.0	0.0	0.0	0.0	0.0	0.0	0.0	
Common Loon	0.0034843	0.0092593	0.0	0.0	0.0	0.0267857	0.0091743	0.0	0.0	0.0	0.0	0.0	0.1484375	0.0782313	0.015748	0.0071599	0.0095057	0.0021645	0.0031153	0.0057803	0.0	0.0434783	0.1	0.0285714	0.0	0.0	0.0	0.0	0.0	0.0	0.0	0.0	0.0	0.0059524	0.0054054	0.0	0.0146341	0.0	0.021164	0.0	0.0	0.0131579	0.0064103	0.0063291	0.0	0.0	0.0	0.0	
loon sp.	0.0	0.0	0.0	0.0	0.0131579	0.0	0.0	0.0	0.0	0.0	0.0	0.004	0.0	0.0	0.0	0.0	0.0	0.0	0.0	0.0057803	0.0	0.0	0.0	0.0	0.0	0.0	0.0	0.0	0.0	0.0	0.0	0.0	0.0	0.0	0.0	0.0	0.0	0.0	0.0	0.0060606	0.0	0.0	0.0	0.0	0.0	0.0	0.0	0.0	
Great Cormorant	0.010453	0.0277778	0.0147059	0.0145985	0.0	0.0535714	0.0091743	0.0142857	0.0144928	0.0178571	0.0081967	0.016	0.0078125	0.0034014	0.0	0.0	0.0	0.0	0.0	0.0	0.0	0.0	0.0	0.0	0.0	0.0	0.0	0.0	0.0	0.0	0.0	0.0	0.0	0.0	0.0	0.0	0.004878	0.005291	0.005291	0.0	0.0086207	0.0065789	0.0128205	0.0063291	0.0015	0.0172414	0.021978	0.027027	
Double-crested Cormorant	0.1080139	0.1203704	0.1029412	0.0364964	0.0657895	0.0446429	0.0458716	0.0142857	0.0289855	0.0178571	0.057377	0.168	0.4375	0.4115646	0.488189	0.601432	0.4277567	0.3658009	0.3551402	0.3410405	0.3709677	0.4057971	0.45	0.4	0.5	0.5	0.5789474	0.5	0.5223881	0.3846154	0.2151899	0.2348993	0.3768116	0.1428571	0.1945946	0.1240602	0.1902439	0.1111111	0.2063492	0.2060606	0.1551724	0.2039474	0.1602564	0.1139241	0.057971	0.1034483	0.1428571	0.1801802	
cormorant sp.	0.0034843	0.0	0.0	0.0	0.0	0.0	0.0	0.0	0.0	0.0	0.0	0.008	0.0	0.0	0.0	0.0015	0.0	0.0	0.0031153	0.0	0.0	0.0	0.0	0.0	0.0	0.0	0.0	0.0	0.0	0.0	0.0	0.0	0.0	0.0059524	0.0	0.0	0.004878	0.0	0.0	0.0060606	0.0	0.0131579	0.0064103	0.0063291	0.0	0.0172414	0.0	0.0	
Great Blue Heron	0.0069686	0.0	0.0	0.0015	0.0	0.0	0.0	0.0	0.0	0.0	0.0081967	0.004	0.015625	0.0136054	0.003937	0.0	0.0114068	0.0	0.0155763	0.0115607	0.016129	0.0	0.0166667	0.0	0.0	0.0714286	0.1578947	0.0526316	0.1044776	0.1153846	0.0253165	0.0805369	0.0434783	0.0714286	0.027027	0.018797	0.0634146	0.026455	0.031746	0.0181818	0.0086207	0.0065789	0.0064103	0.0189873	0.0144928	0.0344828	0.0	0.0015	
Great Egret	0.0	0.0	0.0	0.0	0.0	0.0	0.0	0.0	0.0	0.0	0.0	0.048	0.1953125	0.0918367	0.1535433	0.2315036	0.1787072	0.1623377	0.1308411	0.1618497	0.2419355	0.1884058	0.2	0.2285714	0.225	0.1785714	0.2368421	0.2368421	0.2089552	0.1025641	0.0379747	0.0738255	0.0144928	0.0119048	0.0015	0.0037594	0.0341463	0.026455	0.005291	0.0015	0.0172414	0.0263158	0.0	0.0	0.0	0.0	0.0	0.0	
Snowy Egret	0.0	0.0	0.0	0.0	0.0	0.0	0.0	0.0	0.0	0.0	0.0	0.0	0.0078125	0.0034014	0.015748	0.0143198	0.0228137	0.0194805	0.0062305	0.0578035	0.0483871	0.0289855	0.0166667	0.0142857	0.025	0.0015	0.1052632	0.0131579	0.0298507	0.025641	0.0253165	0.0268456	0.0	0.0059524	0.0	0.0	0.004878	0.0	0.0	0.0	0.0	0.0	0.0	0.0	0.0	0.0	0.0	0.0	
white egret sp.	0.0	0.0	0.0	0.0	0.0	0.0	0.0	0.0	0.0	0.0	0.0	0.0	0.0	0.0	0.003937	0.0	0.0	0.0	0.0	0.0	0.0	0.0	0.0	0.0	0.0	0.0	0.0	0.0	0.0	0.0	0.0	0.0	0.0	0.0	0.0	0.0	0.0	0.0	0.0	0.0	0.0	0.0	0.0	0.0	0.0	0.0	0.0	0.0	
Green Heron	0.0	0.0	0.0	0.0	0.0	0.0	0.0	0.0	0.0	0.0	0.0	0.0	0.0	0.0	0.0433071	0.052506	0.039924	0.038961	0.0498442	0.0	0.0	0.0	0.0	0.0142857	0.0	0.0	0.0	0.0263158	0.0149254	0.0	0.0	0.0268456	0.0724638	0.0833333	0.027027	0.0112782	0.0	0.005291	0.0	0.0	0.0	0.0	0.0	0.0	0.0	0.0	0.0	0.0	
Black-crowned Night-Heron	0.0069686	0.0	0.0147059	0.0	0.0	0.0	0.0	0.0	0.0	0.0	0.0	0.056	0.125	0.2006803	0.1968504	0.2124105	0.1387833	0.1255411	0.1433022	0.1849711	0.1290323	0.1449275	0.1	0.1571429	0.225	0.2142857	0.2368421	0.1842105	0.1044776	0.1282051	0.0886076	0.0805369	0.1884058	0.047619	0.0378378	0.0225564	0.004878	0.0	0.010582	0.0060606	0.0	0.0	0.0	0.0	0.0289855	0.0	0.010989	0.0	
Yellow-crowned Night-Heron	0.0	0.0	0.0	0.0	0.0	0.0	0.0	0.0	0.0	0.0	0.0	0.0	0.0	0.0	0.0	0.0	0.0019011	0.0021645	0.0	0.0	0.016129	0.0869565	0.1166667	0.0857143	0.025	0.1071429	0.1052632	0.0394737	0.1044776	0.0384615	0.0253165	0.0268456	0.0434783	0.0119048	0.0108108	0.0075188	0.0	0.0	0.0	0.0	0.0	0.0	0.0	0.0	0.0	0.0	0.0	0.0	
heron sp.	0.0	0.0	0.0	0.0	0.0	0.0	0.0	0.0	0.0	0.0	0.0	0.0	0.0	0.0	0.0	0.0	0.0	0.0021645	0.0	0.0	0.0	0.0	0.0	0.0	0.0	0.0	0.0	0.0131579	0.0	0.0	0.0	0.0134228	0.0	0.0	0.0	0.0	0.0	0.0	0.0	0.0	0.0	0.0	0.0	0.0	0.0	0.0	0.0	0.0	
Glossy Ibis	0.0	0.0	0.0	0.0	0.0	0.0	0.0	0.0	0.0	0.0	0.0	0.0	0.0	0.0068027	0.0	0.0	0.0	0.0	0.0	0.0	0.0	0.0	0.0	0.0	0.0	0.0	0.0	0.0	0.0	0.0	0.0	0.0	0.0	0.0	0.0	0.0	0.0	0.0	0.0	0.0	0.0	0.0	0.0	0.0	0.0	0.0	0.0	0.0	
Black Vulture	0.0	0.0	0.0147059	0.0	0.0	0.0	0.0	0.0	0.0	0.0015	0.0	0.0	0.0039063	0.0102041	0.0	0.0	0.0	0.0064935	0.0155763	0.0	0.0	0.0	0.0	0.0	0.0	0.0	0.0	0.0	0.0	0.0128205	0.0	0.0	0.0	0.0	0.0	0.0	0.0	0.0	0.005291	0.0	0.0	0.0065789	0.0	0.0	0.0	0.0	0.0	0.0	
Turkey Vulture	0.0034843	0.0092593	0.0	0.0	0.0015	0.0	0.0183486	0.0142857	0.0	0.0178571	0.0245902	0.036	0.0117188	0.0136054	0.015748	0.0238663	0.013308	0.017316	0.0218069	0.017341	0.0	0.0144928	0.0166667	0.0	0.0	0.0	0.0	0.0	0.0	0.0128205	0.0015	0.0067114	0.0	0.0178571	0.0108108	0.0075188	0.0097561	0.0	0.0793651	0.0	0.0015	0.0723684	0.0128205	0.0253165	0.0015	0.0	0.0	0.0	
Osprey	0.0	0.0	0.0	0.0	0.0	0.0	0.0	0.0	0.0	0.0	0.0015	0.012	0.0078125	0.0170068	0.003937	0.0143198	0.0019011	0.0064935	0.0031153	0.017341	0.0	0.0144928	0.0	0.0015	0.0	0.0015	0.0	0.0	0.0	0.025641	0.0126582	0.0604027	0.1014493	0.1190476	0.1081081	0.056391	0.0682927	0.015873	0.021164	0.0121212	0.0	0.0015	0.0	0.0	0.0	0.0	0.0	0.0	
Northern Harrier	0.0034843	0.0	0.0	0.0	0.0	0.0	0.0275229	0.0	0.0	0.0	0.0081967	0.0	0.0	0.0034014	0.0	0.0	0.0	0.0	0.0	0.0	0.0	0.0	0.0	0.0	0.0	0.0	0.0	0.0	0.0	0.0	0.0	0.0	0.0	0.0059524	0.0162162	0.0	0.004878	0.0	0.015873	0.0	0.0	0.0	0.0	0.0	0.0	0.0	0.0	0.009009	
Sharp-shinned Hawk	0.010453	0.0092593	0.0294118	0.0072993	0.0131579	0.0446429	0.0183486	0.0142857	0.0	0.0	0.0	0.0	0.0039063	0.0	0.003937	0.0047733	0.0038023	0.0	0.0	0.0	0.0	0.0	0.0	0.0	0.0	0.0	0.0	0.0	0.0	0.0	0.0	0.0	0.0	0.0	0.0162162	0.0225564	0.0487805	0.021164	0.0740741	0.030303	0.0258621	0.0328947	0.0320513	0.0253165	0.0	0.0	0.010989	0.0015	
Cooper's Hawk	0.1184669	0.0555556	0.1029412	0.0948905	0.1052632	0.0714286	0.0366972	0.0571429	0.0724638	0.0625	0.0327869	0.028	0.0390625	0.0204082	0.0472441	0.0835322	0.0190114	0.0064935	0.0	0.0015	0.0	0.0	0.0	0.0015	0.0	0.0	0.0	0.0	0.0149254	0.0	0.0	0.0	0.0144928	0.0119048	0.0432432	0.0150376	0.0731707	0.0793651	0.0899471	0.0666667	0.0517241	0.1118421	0.1282051	0.0696203	0.115942	0.1206897	0.1318681	0.0990991	
Sharp-shinned/Cooper's Hawk	0.0	0.0	0.0	0.0	0.0	0.0	0.0	0.0	0.0	0.0	0.0	0.0	0.0	0.0	0.0	0.0	0.0	0.0	0.0	0.0	0.0	0.0	0.0	0.0	0.0	0.0	0.0	0.0	0.0	0.0	0.0	0.0	0.0	0.0	0.0	0.0	0.004878	0.0	0.0	0.0060606	0.0	0.0	0.0	0.0	0.0	0.0	0.0	0.0	
Accipiter sp.	0.0034843	0.0092593	0.0	0.0072993	0.0131579	0.0089286	0.0091743	0.0	0.0289855	0.0089286	0.0	0.004	0.0039063	0.0	0.0	0.0047733	0.0	0.0021645	0.0	0.0057803	0.0	0.0	0.0	0.0	0.0	0.0	0.0	0.0	0.0	0.0	0.0	0.0	0.0	0.0	0.0162162	0.0037594	0.0195122	0.0	0.0529101	0.0060606	0.0172414	0.0065789	0.0128205	0.0063291	0.0	0.0	0.010989	0.009009	
Bald Eagle	0.0069686	0.0277778	0.0147059	0.0072993	0.0	0.0178571	0.0275229	0.0428571	0.0015	0.0	0.0	0.004	0.0015	0.0	0.0	0.0095465	0.0019011	0.0	0.0	0.0	0.0	0.0	0.0	0.0142857	0.0	0.0	0.0	0.0	0.0	0.025641	0.0	0.0	0.0	0.0059524	0.0162162	0.0075188	0.0195122	0.010582	0.031746	0.0	0.0	0.0131579	0.0	0.0	0.0	0.0	0.021978	0.009009	
Red-shouldered Hawk	0.0034843	0.0	0.0147059	0.0072993	0.0657895	0.0015	0.0	0.0015	0.0289855	0.0	0.0	0.0	0.0	0.0034014	0.0	0.0047733	0.0	0.0	0.0	0.0	0.0	0.0	0.0	0.0	0.0	0.0	0.0	0.0	0.0	0.0	0.0	0.0	0.0	0.0059524	0.0015	0.0	0.0097561	0.0	0.015873	0.0	0.0	0.0197368	0.0192308	0.0063291	0.0	0.0	0.0	0.0	
Broad-winged Hawk	0.0	0.0	0.0	0.0	0.0	0.0	0.0	0.0	0.0	0.0	0.0	0.0	0.0	0.0	0.0	0.0071599	0.0	0.0	0.0	0.0	0.0015	0.0	0.0	0.0	0.0	0.0	0.0	0.0131579	0.0	0.0	0.0	0.0067114	0.0	0.0119048	0.0108108	0.0	0.0	0.010582	0.010582	0.0	0.0	0.0	0.0	0.0	0.0	0.0	0.0	0.0	
Red-tailed Hawk	0.3240418	0.2962963	0.3382353	0.4379562	0.4605263	0.4017857	0.3853211	0.5	0.4057971	0.3125	0.4098361	0.312	0.3085938	0.2312925	0.2716535	0.3365155	0.3574144	0.2857143	0.2056075	0.2254335	0.1451613	0.1449275	0.0666667	0.1428571	0.05	0.1428571	0.1578947	0.1447368	0.1791045	0.1923077	0.1139241	0.1073826	0.2898551	0.2440476	0.2054054	0.2030075	0.2243902	0.2328042	0.2275132	0.2060606	0.1637931	0.2302632	0.275641	0.3101266	0.3188406	0.2241379	0.3736264	0.2342342	
Buteo sp.	0.0	0.0	0.0	0.0	0.0	0.0	0.0	0.0	0.0	0.0	0.0	0.0	0.0	0.0	0.0	0.0	0.0	0.0	0.0031153	0.0	0.0	0.0	0.0	0.0	0.0	0.0	0.0	0.0	0.0	0.0	0.0	0.0	0.0	0.0	0.0	0.0037594	0.0	0.0	0.005291	0.0060606	0.0	0.0065789	0.0	0.0	0.0	0.0	0.0	0.0	
hawk sp.	0.0	0.0	0.0	0.0	0.0	0.0	0.0	0.0	0.0	0.0	0.0	0.004	0.0	0.0	0.003937	0.0	0.0	0.0	0.0	0.0	0.0	0.0	0.0	0.0	0.0	0.0	0.0	0.0	0.0	0.0	0.0	0.0	0.0	0.0	0.0	0.0	0.0	0.0	0.0	0.0	0.0	0.0	0.0	0.0	0.0	0.0	0.0	0.009009	
eagle sp.	0.0	0.0	0.0	0.0	0.0	0.0	0.0	0.0	0.0	0.0	0.0	0.0	0.0	0.0	0.0	0.0	0.0	0.0	0.0	0.0	0.0	0.0	0.0	0.0	0.0	0.0	0.0	0.0	0.0	0.0	0.0	0.0	0.0	0.0	0.0054054	0.0	0.0	0.0	0.0	0.0	0.0	0.0	0.0	0.0	0.0	0.0	0.0	0.0	
Eastern Screech-Owl	0.0	0.0	0.0	0.0	0.0	0.0	0.0	0.0	0.0	0.0	0.0	0.0	0.0	0.0	0.0	0.0	0.0	0.0	0.0	0.0	0.0	0.0	0.0015	0.0	0.0	0.0	0.0	0.0	0.0	0.0	0.0	0.0	0.0	0.0	0.0	0.0	0.0	0.0	0.0	0.0	0.0	0.0	0.0	0.0	0.0	0.0	0.0	0.0	
Great Horned Owl	0.0	0.0	0.0	0.0	0.0	0.0	0.0	0.0	0.0	0.0089286	0.0	0.0	0.0	0.0	0.0	0.0	0.0	0.0	0.0	0.0	0.0	0.0	0.0	0.0	0.0	0.0	0.0	0.0	0.0	0.0	0.0	0.0	0.0	0.0	0.0	0.0	0.0	0.0	0.0	0.0	0.0	0.2894737	0.25	0.3164557	0.2463768	0.2586207	0.1758242	0.1711712	
Snowy Owl	0.0	0.0	0.0	0.0	0.0	0.0015	0.0	0.0	0.0	0.0	0.0	0.0	0.0	0.0	0.0	0.0	0.0	0.0	0.0	0.0	0.0	0.0	0.0	0.0	0.0	0.0	0.0	0.0	0.0	0.0	0.0	0.0	0.0	0.0	0.0	0.0	0.0	0.0	0.0	0.0	0.0	0.0	0.0	0.0	0.0	0.0	0.0	0.0	
Long-eared Owl	0.0	0.0	0.0	0.0	0.0	0.0	0.0	0.0	0.0869565	0.0446429	0.0	0.0	0.0	0.0	0.0	0.0	0.0	0.0	0.0	0.0	0.0	0.0	0.0	0.0	0.0	0.0	0.0	0.0	0.0	0.0	0.0	0.0	0.0	0.0	0.0	0.0	0.0	0.0	0.0	0.0	0.0	0.0	0.0	0.0	0.0	0.0	0.0	0.0	
Belted Kingfisher	0.0348432	0.037037	0.0294118	0.0072993	0.0657895	0.0	0.0	0.0142857	0.0	0.0	0.0081967	0.052	0.0234375	0.0068027	0.0511811	0.0023866	0.0057034	0.0064935	0.0	0.0	0.0	0.0	0.0	0.0	0.0	0.0	0.0	0.0131579	0.0149254	0.0128205	0.0	0.0067114	0.0144928	0.0178571	0.0108108	0.0150376	0.1658537	0.0793651	0.021164	0.030303	0.0	0.0	0.0128205	0.0	0.0144928	0.0172414	0.021978	0.018018	
Yellow-bellied Sapsucker	0.2752613	0.212963	0.0735294	0.2189781	0.1184211	0.1428571	0.1926606	0.1571429	0.057971	0.0089286	0.0327869	0.056	0.3476563	0.2244898	0.1496063	0.0286396	0.0057034	0.0021645	0.0	0.0	0.0	0.0	0.0	0.0	0.0	0.0	0.0	0.0	0.0	0.0	0.0	0.0	0.0	0.0	0.0108108	0.2067669	0.4243902	0.5608466	0.3544974	0.2727273	0.2327586	0.0723684	0.1602564	0.1392405	0.1594203	0.0689655	0.3296703	0.1441441	
Red-headed Woodpecker	0.0	0.0	0.0	0.0	0.0	0.0	0.0	0.0	0.0	0.0	0.0	0.0	0.0	0.0	0.0	0.0	0.0	0.0021645	0.0	0.0	0.0	0.0	0.0	0.0	0.0	0.0	0.0	0.0	0.0	0.0	0.0	0.0	0.0	0.0	0.0	0.0112782	0.004878	0.010582	0.0	0.1030303	0.0775862	0.1973684	0.2307692	0.221519	0.0	0.0	0.0	0.0	
Red-bellied Woodpecker	0.2160279	0.2592593	0.3235294	0.5328467	0.4210526	0.3303571	0.2201835	0.3428571	0.2898551	0.4107143	0.3606557	0.348	0.3984375	0.3571429	0.507874	0.548926	0.595057	0.4588745	0.4205607	0.4508671	0.1935484	0.173913	0.0666667	0.1142857	0.025	0.0714286	0.1578947	0.1842105	0.2089552	0.1666667	0.2278481	0.2147651	0.2608696	0.2083333	0.2486486	0.2255639	0.1902439	0.2539683	0.2275132	0.2727273	0.2068966	0.3355263	0.4102564	0.4873418	0.4202899	0.3103448	0.4175824	0.3153153	
Downy Woodpecker	0.2926829	0.2962963	0.2794118	0.5036496	0.3157895	0.2946429	0.3119266	0.3142857	0.3333333	0.375	0.3114754	0.296	0.328125	0.3435374	0.4685039	0.5393795	0.486692	0.3593074	0.2803738	0.2138728	0.0967742	0.0289855	0.1166667	0.0857143	0.0	0.1071429	0.1315789	0.2105263	0.238806	0.2948718	0.2278481	0.3355705	0.3478261	0.3035714	0.2918919	0.2706767	0.2439024	0.3015873	0.1851852	0.2363636	0.2068966	0.2302632	0.3333333	0.3291139	0.3333333	0.2931034	0.4505495	0.3243243	
Hairy Woodpecker	0.0313589	0.0277778	0.0441176	0.1167883	0.0394737	0.0625	0.0091743	0.0285714	0.0434783	0.0803571	0.0245902	0.1	0.0703125	0.0680272	0.0314961	0.0883055	0.1235741	0.04329	0.0249221	0.0346821	0.0	0.0289855	0.0	0.0	0.0	0.0	0.0263158	0.0	0.0298507	0.0128205	0.0253165	0.0201342	0.0289855	0.0059524	0.0162162	0.0150376	0.0195122	0.015873	0.0015	0.0242424	0.0086207	0.0197368	0.0512821	0.0189873	0.1014493	0.0862069	0.043956	0.0630631	
Downy/Hairy Woodpecker	0.0	0.0	0.0147059	0.0	0.0	0.0	0.0	0.0	0.0	0.0	0.0	0.0	0.0	0.0	0.0	0.0	0.0	0.0	0.0	0.0	0.0	0.0	0.0	0.0	0.0	0.0	0.0	0.0	0.0	0.0	0.0	0.0	0.0	0.0	0.0	0.0	0.0	0.0	0.0	0.0	0.0	0.0	0.0	0.0	0.0	0.0	0.0	0.0	
Northern Flicker	0.0278746	0.0462963	0.0	0.0072993	0.0131579	0.0178571	0.0015	0.0142857	0.0	0.0178571	0.0081967	0.1	0.4804688	0.4115646	0.484252	0.4463007	0.3403042	0.2056277	0.2461059	0.1791908	0.0322581	0.0724638	0.1	0.0428571	0.025	0.1428571	0.1842105	0.2368421	0.2985075	0.3333333	0.3291139	0.3489933	0.5217391	0.3988095	0.4972973	0.4548872	0.4585366	0.3703704	0.3756614	0.2848485	0.1465517	0.1578947	0.1153846	0.0949367	0.0724638	0.0517241	0.1208791	0.0630631	
woodpecker sp.	0.0	0.0	0.0	0.0	0.0	0.0	0.0	0.0142857	0.0	0.0	0.0	0.0	0.0	0.0	0.0	0.0023866	0.0	0.0	0.0	0.0	0.0	0.0	0.0	0.0	0.0	0.0	0.0	0.0	0.0	0.0	0.0	0.0	0.0	0.0	0.0	0.0	0.0	0.0	0.0	0.0	0.0	0.0	0.0	0.0	0.0	0.0	0.0	0.0	
American Kestrel	0.0452962	0.0925926	0.0294118	0.0145985	0.0526316	0.0089286	0.0	0.0142857	0.0289855	0.0178571	0.0163934	0.06	0.0390625	0.0272109	0.0275591	0.0310263	0.0323194	0.0064935	0.0280374	0.0115607	0.0322581	0.0434783	0.0166667	0.0285714	0.0015	0.0357143	0.0	0.0394737	0.0597015	0.0384615	0.0632911	0.0604027	0.1014493	0.0654762	0.0972973	0.056391	0.1121951	0.0793651	0.1481481	0.1030303	0.0689655	0.0986842	0.1025641	0.0316456	0.0144928	0.0344828	0.1098901	0.0630631	
Merlin	0.0	0.0092593	0.0	0.0072993	0.0	0.0015	0.0091743	0.0285714	0.0	0.0089286	0.0163934	0.032	0.0	0.0068027	0.0	0.0047733	0.0	0.0	0.0	0.0	0.0	0.0	0.0	0.0	0.0	0.0	0.0	0.0	0.0	0.0	0.0	0.0	0.0	0.0	0.0216216	0.0037594	0.0243902	0.0015	0.010582	0.0015	0.0	0.0	0.025641	0.0126582	0.0	0.0172414	0.0	0.0	
Peregrine Falcon	0.0487805	0.0277778	0.0735294	0.0437956	0.1184211	0.1160714	0.0642202	0.0857143	0.057971	0.0535714	0.0819672	0.052	0.015625	0.0136054	0.015748	0.0238663	0.0323194	0.0064935	0.046729	0.0693642	0.1129032	0.115942	0.1333333	0.1	0.075	0.1071429	0.0263158	0.0263158	0.0447761	0.1025641	0.0379747	0.1073826	0.0724638	0.0892857	0.0702703	0.0338346	0.0829268	0.031746	0.0793651	0.0666667	0.0344828	0.1184211	0.0448718	0.0189873	0.0434783	0.0344828	0.032967	0.018018	
small falcon sp.	0.0	0.0	0.0147059	0.0	0.0	0.0	0.0	0.0	0.0	0.0	0.0	0.0	0.0	0.0	0.0	0.0	0.0	0.0	0.0	0.0	0.0	0.0	0.0	0.0	0.0	0.0	0.0	0.0	0.0	0.0	0.0	0.0	0.0	0.0	0.0	0.0	0.0	0.0	0.0	0.0	0.0	0.0	0.0	0.0	0.0	0.0	0.0	0.0	
falcon sp.	0.0	0.0	0.0	0.0072993	0.0	0.0	0.0	0.0	0.0	0.0089286	0.0081967	0.004	0.0	0.0	0.0	0.0023866	0.0	0.0	0.0	0.0	0.0	0.0	0.0	0.0	0.0	0.0	0.0	0.0131579	0.0	0.0	0.0	0.0	0.0	0.0119048	0.0108108	0.0075188	0.004878	0.0	0.005291	0.0	0.0	0.0	0.0	0.0	0.0	0.0	0.010989	0.0	
diurnal raptor sp.	0.0	0.0	0.0	0.0	0.0	0.0	0.0	0.0142857	0.0	0.0	0.0	0.0	0.0	0.0	0.0	0.0023866	0.0	0.0	0.0	0.0057803	0.0	0.0	0.0	0.0	0.0	0.0	0.0	0.0131579	0.0	0.0	0.0	0.0	0.0	0.0178571	0.0	0.0037594	0.0	0.0	0.0	0.0	0.0	0.0	0.0	0.0	0.0	0.0	0.0	0.0	
Monk Parakeet	0.0	0.0	0.0	0.0	0.0	0.0	0.0	0.0	0.0	0.0	0.0	0.0	0.0015	0.0015	0.0015	0.0	0.0	0.0021645	0.0	0.0057803	0.0	0.0	0.0	0.0	0.0	0.0	0.0	0.0	0.0	0.0015	0.0	0.0067114	0.0	0.0	0.0015	0.0	0.0	0.0	0.0	0.0	0.0	0.0065789	0.0064103	0.0	0.0	0.0	0.0	0.0	
Olive-sided Flycatcher	0.0	0.0	0.0	0.0	0.0	0.0	0.0	0.0	0.0	0.0	0.0	0.0	0.0	0.0	0.0	0.0	0.0	0.04329	0.0778816	0.0982659	0.0	0.0	0.0	0.0	0.0	0.0	0.0	0.0	0.0	0.0128205	0.0126582	0.0469799	0.0144928	0.0	0.0	0.0	0.0	0.0	0.0	0.0	0.0	0.0	0.0	0.0	0.0	0.0	0.0	0.0	
Eastern Wood-Pewee	0.0	0.0	0.0	0.0	0.0	0.0	0.0	0.0	0.0	0.0	0.0	0.0	0.0	0.0	0.0	0.0	0.0	0.0930736	0.3115265	0.283237	0.0483871	0.1304348	0.0666667	0.0714286	0.0	0.0	0.0526316	0.0394737	0.0149254	0.0128205	0.0506329	0.1073826	0.173913	0.2321429	0.3351351	0.2593985	0.1121951	0.1111111	0.010582	0.0	0.0086207	0.0	0.0	0.0	0.0	0.0	0.0	0.0	
Yellow-bellied Flycatcher	0.0	0.0	0.0	0.0	0.0	0.0	0.0	0.0	0.0	0.0	0.0	0.0	0.0	0.0	0.0	0.0	0.0	0.0015	0.0218069	0.0346821	0.016129	0.0	0.0	0.0	0.0	0.0	0.0	0.0	0.0	0.0	0.0	0.0015	0.0144928	0.0297619	0.0108108	0.0075188	0.0	0.0	0.0	0.0	0.0	0.0	0.0	0.0	0.0	0.0	0.0	0.0	
Acadian Flycatcher	0.0	0.0	0.0	0.0	0.0	0.0	0.0	0.0	0.0	0.0	0.0	0.0	0.0	0.0	0.0	0.0	0.0019011	0.0	0.0062305	0.0	0.0322581	0.0	0.0	0.0	0.0	0.0	0.0	0.0	0.0	0.0	0.0	0.0	0.0	0.0	0.0	0.0	0.0	0.0	0.0	0.0	0.0	0.0	0.0	0.0	0.0	0.0	0.0	0.0	
Alder Flycatcher	0.0	0.0	0.0	0.0	0.0	0.0	0.0	0.0	0.0	0.0	0.0	0.0	0.0	0.0	0.0	0.0	0.0	0.0	0.0031153	0.0115607	0.0	0.0	0.0	0.0	0.0	0.0	0.0	0.0	0.0	0.0	0.0	0.0201342	0.0	0.0	0.0	0.0	0.0	0.0	0.0	0.0	0.0	0.0	0.0	0.0	0.0	0.0	0.0	0.0	
Willow Flycatcher	0.0	0.0	0.0	0.0	0.0	0.0	0.0	0.0	0.0	0.0	0.0	0.0	0.0	0.0	0.0	0.0	0.0	0.0021645	0.0186916	0.017341	0.0	0.0	0.0	0.0	0.0	0.0	0.0	0.0	0.0	0.0128205	0.0	0.0	0.0	0.0119048	0.0	0.0	0.0	0.0	0.0	0.0	0.0	0.0	0.0	0.0	0.0	0.0	0.0	0.0	
Alder/Willow Flycatcher (Traill's Flycatcher)	0.0	0.0	0.0	0.0	0.0	0.0	0.0	0.0	0.0	0.0	0.0	0.0	0.0	0.0	0.0	0.0	0.0	0.0	0.0	0.0	0.0	0.0	0.0	0.0	0.0	0.0	0.0	0.0	0.0	0.0	0.0126582	0.0268456	0.0	0.0059524	0.0	0.0	0.004878	0.0	0.0	0.0	0.0	0.0	0.0	0.0	0.0	0.0	0.0	0.0	
Least Flycatcher	0.0	0.0	0.0	0.0	0.0	0.0	0.0	0.0	0.0	0.0	0.0	0.0	0.0	0.0	0.0	0.0023866	0.0380228	0.0194805	0.0996885	0.0289017	0.0	0.0	0.0	0.0	0.0	0.0	0.0	0.0	0.0149254	0.025641	0.0126582	0.0268456	0.0144928	0.0297619	0.0216216	0.018797	0.004878	0.0	0.0	0.0	0.0	0.0	0.0	0.0	0.0	0.0	0.0	0.0	
Pacific-slope Flycatcher	0.0	0.0	0.0	0.0	0.0	0.0	0.0	0.0	0.0	0.0	0.0	0.0	0.0	0.0	0.0	0.0	0.0	0.0	0.0	0.0	0.0	0.0	0.0	0.0	0.0	0.0	0.0	0.0	0.0	0.0	0.0	0.0	0.0	0.0	0.0	0.0	0.0	0.0	0.0	0.0	0.0	0.0	0.1282051	0.1075949	0.0	0.0	0.0	0.0	
Pacific-slope/Cordilleran Flycatcher (Western Flycatcher)	0.0	0.0	0.0	0.0	0.0	0.0	0.0	0.0	0.0	0.0	0.0	0.0	0.0	0.0	0.0	0.0	0.0	0.0	0.0	0.0	0.0	0.0	0.0	0.0	0.0	0.0	0.0	0.0	0.0	0.0	0.0	0.0	0.0	0.0	0.0	0.0	0.0	0.0	0.0	0.0	0.0	0.0	0.0576923	0.0696203	0.0	0.0	0.0	0.0	
Empidonax sp.	0.0	0.0	0.0	0.0	0.0	0.0	0.0	0.0	0.0	0.0	0.0	0.0	0.0	0.0	0.0	0.0023866	0.0114068	0.017316	0.0778816	0.0578035	0.0	0.0	0.0	0.0	0.0	0.0	0.0	0.0	0.0149254	0.025641	0.0886076	0.0872483	0.115942	0.1488095	0.0972973	0.0300752	0.004878	0.0	0.0015	0.0060606	0.0	0.0	0.0064103	0.0	0.0	0.0	0.0	0.0	
Eastern Phoebe	0.0	0.0	0.0	0.0	0.0	0.0	0.0	0.0	0.0	0.0	0.0081967	0.268	0.46875	0.2585034	0.0393701	0.0214797	0.0038023	0.0064935	0.0124611	0.0057803	0.0	0.0	0.0	0.0	0.0	0.0	0.0	0.0131579	0.0597015	0.0	0.0	0.0201342	0.0	0.0119048	0.0594595	0.1616541	0.497561	0.3650794	0.3015873	0.1454545	0.0086207	0.0	0.0	0.0015	0.0	0.0	0.0	0.0	
Great Crested Flycatcher	0.0	0.0	0.0	0.0	0.0	0.0	0.0	0.0	0.0	0.0	0.0	0.0	0.0	0.0	0.0	0.0047733	0.1425856	0.1038961	0.0965732	0.1271676	0.0806452	0.0144928	0.0	0.0	0.0	0.0	0.0	0.0263158	0.0298507	0.1025641	0.0253165	0.0939597	0.0724638	0.1904762	0.0324324	0.0037594	0.0	0.0	0.0	0.0	0.0	0.0	0.0128205	0.0	0.0	0.0	0.0	0.0	
Couch's Kingbird	0.3275261	0.037037	0.0	0.0	0.0	0.0	0.0	0.0	0.0	0.0	0.0	0.0	0.0	0.0	0.0	0.0	0.0	0.0	0.0	0.0	0.0	0.0	0.0	0.0	0.0	0.0	0.0	0.0	0.0	0.0	0.0	0.0	0.0	0.0	0.0	0.0	0.0	0.0	0.0	0.0	0.0	0.0	0.0	0.0	0.0	0.0	0.0	0.0	
Eastern Kingbird	0.0	0.0	0.0	0.0	0.0	0.0	0.0	0.0	0.0	0.0	0.0	0.0	0.0	0.0	0.0	0.0071599	0.1235741	0.2229437	0.1962617	0.2543353	0.0806452	0.0724638	0.0333333	0.1142857	0.1	0.0357143	0.1052632	0.1578947	0.1641791	0.1538462	0.1139241	0.0872483	0.0434783	0.0833333	0.0	0.0	0.0	0.0	0.0	0.0	0.0	0.0	0.0	0.0	0.0	0.0	0.0	0.0	
flycatcher sp. (Tyrannidae sp.)	0.0	0.0	0.0	0.0	0.0	0.0	0.0	0.0	0.0	0.0	0.0	0.0	0.0	0.0	0.0	0.0	0.0	0.0	0.0124611	0.0	0.0	0.0	0.0	0.0	0.0	0.0	0.0	0.0	0.0	0.0	0.0	0.0134228	0.0	0.0	0.0	0.0037594	0.0	0.0	0.0	0.0	0.0	0.0	0.0	0.0	0.0144928	0.0	0.0	0.0	
White-eyed Vireo	0.0	0.0	0.0	0.0	0.0	0.0	0.0	0.0	0.0	0.0	0.0	0.0	0.0	0.0	0.0	0.0381862	0.0646388	0.0108225	0.0093458	0.0	0.0	0.0	0.0	0.0	0.0	0.0	0.0	0.0	0.0	0.0128205	0.0	0.0	0.0	0.0178571	0.0054054	0.0	0.0	0.0	0.0	0.0	0.0	0.0	0.0	0.0	0.0	0.0	0.0	0.0	
Yellow-throated Vireo	0.0	0.0	0.0	0.0	0.0	0.0	0.0	0.0	0.0	0.0	0.0	0.0	0.0	0.0	0.0	0.0167064	0.1463878	0.0454545	0.0218069	0.0	0.016129	0.0	0.0	0.0	0.0	0.0	0.0	0.0	0.0	0.0	0.0	0.0	0.0	0.0059524	0.0054054	0.0	0.004878	0.0	0.0	0.0	0.0	0.0	0.0	0.0	0.0	0.0	0.0	0.0	
Blue-headed Vireo	0.0	0.0	0.0	0.0	0.0	0.0	0.0	0.0	0.0	0.0	0.0	0.0	0.0	0.0068027	0.0944882	0.3389021	0.4391635	0.1017316	0.0903427	0.0057803	0.0	0.0	0.0	0.0	0.0	0.0	0.0	0.0	0.0	0.0	0.0	0.0	0.0	0.0	0.0054054	0.0676692	0.102439	0.1693122	0.1111111	0.0787879	0.0086207	0.0	0.0	0.0	0.0	0.0	0.0	0.0	
Philadelphia Vireo	0.0	0.0	0.0	0.0	0.0	0.0	0.0	0.0	0.0	0.0	0.0	0.0	0.0	0.0	0.0	0.0	0.0	0.038961	0.0	0.0	0.0	0.0	0.0	0.0	0.0	0.0	0.0	0.0	0.0	0.0	0.0	0.0	0.0	0.0	0.0	0.0	0.004878	0.005291	0.0	0.0	0.0	0.0	0.0	0.0	0.0	0.0	0.0	0.0	
Warbling Vireo	0.0	0.0	0.0	0.0	0.0	0.0	0.0	0.0	0.0	0.0	0.0	0.0	0.0	0.0	0.0	0.0190931	0.351711	0.4415584	0.4890966	0.4855491	0.2419355	0.2898551	0.1333333	0.1428571	0.025	0.0357143	0.0789474	0.1710526	0.1492537	0.1025641	0.0886076	0.2550336	0.3043478	0.2321429	0.0378378	0.0037594	0.004878	0.0	0.0	0.0	0.0	0.0	0.0	0.0	0.0	0.0	0.0	0.0	
Philadelphia/Warbling Vireo	0.0	0.0	0.0	0.0	0.0	0.0	0.0	0.0	0.0	0.0	0.0	0.0	0.0	0.0	0.0	0.0	0.0	0.0	0.0	0.0	0.0	0.0	0.0	0.0	0.0	0.0	0.0	0.0	0.0	0.0	0.0	0.0	0.0	0.0	0.0054054	0.0	0.0	0.0	0.0	0.0	0.0	0.0	0.0	0.0	0.0	0.0	0.0	0.0	
Red-eyed Vireo	0.0	0.0	0.0	0.0	0.0	0.0	0.0	0.0	0.0	0.0	0.0	0.0	0.0	0.0	0.0	0.0047733	0.1577947	0.3376623	0.4641745	0.3641618	0.0806452	0.0144928	0.0166667	0.0142857	0.0	0.0	0.0526316	0.0526316	0.1044776	0.1153846	0.1139241	0.2885906	0.3478261	0.3571429	0.2594595	0.1804511	0.0731707	0.042328	0.005291	0.0	0.0	0.0	0.0	0.0	0.0	0.0	0.0	0.0	
vireo sp.	0.0	0.0	0.0	0.0	0.0	0.0	0.0	0.0	0.0	0.0	0.0	0.0	0.0	0.0	0.0	0.0	0.0	0.0	0.0124611	0.0	0.0	0.0	0.0	0.0	0.0	0.0	0.0	0.0	0.0	0.0	0.0	0.0	0.0	0.0	0.0	0.0	0.0	0.005291	0.0	0.0	0.0	0.0	0.0	0.0	0.0	0.0	0.0	0.0	
Blue Jay	0.369338	0.462963	0.4852941	0.729927	0.5921053	0.5267857	0.5229358	0.5285714	0.5217391	0.5267857	0.5819672	0.6	0.609375	0.5748299	0.6692913	0.7589499	0.7604563	0.6666667	0.6323988	0.6069364	0.3225806	0.2898551	0.3833333	0.4285714	0.25	0.2857143	0.4473684	0.4736842	0.5522388	0.5512821	0.6455696	0.704698	0.7246377	0.6785714	0.6162162	0.556391	0.6341463	0.6613757	0.5555556	0.5636364	0.4913793	0.5789474	0.5961538	0.7531646	0.6956522	0.4482759	0.5714286	0.6036036	
American Crow	0.0836237	0.1481481	0.0441176	0.1824818	0.1447368	0.1964286	0.0642202	0.1857143	0.2028986	0.1517857	0.2868852	0.172	0.1328125	0.0918367	0.0590551	0.1312649	0.0855513	0.1017316	0.0685358	0.0924855	0.0645161	0.0289855	0.15	0.0571429	0.1	0.1071429	0.0263158	0.0131579	0.1044776	0.0512821	0.0886076	0.1342282	0.1884058	0.1904762	0.1297297	0.1691729	0.1073171	0.1058201	0.1904762	0.1272727	0.1206897	0.0657895	0.0705128	0.164557	0.2318841	0.1206897	0.2747253	0.2882883	
Fish Crow	0.0034843	0.0092593	0.0	0.0145985	0.0	0.0	0.0366972	0.0	0.0144928	0.0089286	0.0245902	0.008	0.015625	0.0034014	0.015748	0.0572792	0.0114068	0.017316	0.0124611	0.0462428	0.0806452	0.1594203	0.1666667	0.1285714	0.15	0.1071429	0.1315789	0.1315789	0.1044776	0.025641	0.0379747	0.033557	0.0	0.0119048	0.0054054	0.0015	0.0	0.0	0.010582	0.0060606	0.0	0.0	0.0064103	0.0063291	0.0	0.0	0.0	0.018018	
crow sp.	0.0069686	0.0	0.0147059	0.0145985	0.0	0.0178571	0.0183486	0.0142857	0.0289855	0.0178571	0.0163934	0.02	0.0273438	0.0136054	0.0354331	0.0477327	0.013308	0.012987	0.0124611	0.0346821	0.0483871	0.0724638	0.0666667	0.0142857	0.05	0.0357143	0.0	0.0131579	0.0149254	0.025641	0.0	0.0402685	0.0	0.0119048	0.0108108	0.0037594	0.004878	0.0	0.015873	0.0	0.0086207	0.0	0.0	0.0	0.0	0.0	0.0	0.0	
Common Raven	0.0209059	0.0462963	0.0294118	0.0015	0.0	0.0	0.0091743	0.0142857	0.0	0.0178571	0.0015	0.004	0.0	0.0015	0.003937	0.0	0.0019011	0.0015	0.0015	0.0057803	0.016129	0.0144928	0.0166667	0.0285714	0.0	0.0357143	0.0015	0.0	0.0149254	0.0	0.0126582	0.0015	0.0015	0.0297619	0.0432432	0.018797	0.0146341	0.042328	0.042328	0.0181818	0.0258621	0.0263158	0.0192308	0.0126582	0.0144928	0.0015	0.010989	0.009009	
Black-capped Chickadee	0.2439024	0.2685185	0.2941176	0.5985401	0.4473684	0.4017857	0.3302752	0.3714286	0.2898551	0.3839286	0.4016393	0.34	0.3671875	0.3129252	0.2834646	0.2768496	0.2148289	0.1428571	0.0685358	0.1040462	0.0483871	0.0144928	0.0666667	0.0857143	0.0	0.0357143	0.0789474	0.1052632	0.119403	0.0641026	0.0632911	0.1409396	0.2173913	0.1488095	0.172973	0.112782	0.0731707	0.1216931	0.026455	0.0848485	0.1206897	0.1842105	0.3974359	0.4746835	0.4782609	0.3448276	0.3516484	0.3423423	
Tufted Titmouse	0.3902439	0.3981481	0.4117647	0.7080292	0.5657895	0.4821429	0.3853211	0.3857143	0.4927536	0.5089286	0.5	0.456	0.4648438	0.3945578	0.3622047	0.3341289	0.3041825	0.2251082	0.1682243	0.1098266	0.0806452	0.0434783	0.05	0.0428571	0.05	0.0357143	0.1052632	0.0921053	0.0746269	0.0769231	0.0886076	0.1342282	0.1884058	0.1369048	0.1351351	0.0827068	0.0536585	0.1640212	0.0846561	0.2363636	0.1982759	0.3289474	0.4487179	0.4936709	0.3913043	0.3448276	0.3846154	0.3063063	
Northern Rough-winged Swallow	0.0	0.0	0.0	0.0	0.0	0.0	0.0	0.0	0.0	0.0	0.0	0.0	0.03125	0.0680272	0.0944882	0.2458234	0.1444867	0.0844156	0.0623053	0.0578035	0.0322581	0.0434783	0.0166667	0.0714286	0.0	0.0	0.0015	0.0	0.0	0.0	0.0	0.0	0.0	0.0	0.0	0.0	0.0	0.0	0.0	0.0	0.0	0.0	0.0	0.0	0.0	0.0	0.0	0.0	
Tree Swallow	0.0	0.0	0.0	0.0	0.0	0.0	0.0	0.0	0.0	0.0089286	0.0081967	0.008	0.0390625	0.1088435	0.1377953	0.2577566	0.1730038	0.04329	0.0218069	0.0346821	0.0483871	0.0144928	0.0166667	0.0428571	0.0	0.0	0.0263158	0.0394737	0.0149254	0.0128205	0.0	0.0067114	0.0	0.0	0.0054054	0.0075188	0.0	0.010582	0.026455	0.0	0.0	0.0	0.0	0.0	0.0	0.0	0.0	0.0	
Bank Swallow	0.0	0.0	0.0	0.0	0.0	0.0	0.0	0.0	0.0	0.0	0.0	0.0	0.0	0.0034014	0.0	0.0190931	0.0038023	0.0	0.0	0.0	0.0	0.0	0.0	0.0	0.0	0.0	0.0	0.0	0.0	0.0	0.0	0.0067114	0.0	0.0	0.0	0.0	0.0	0.0	0.0	0.0	0.0	0.0	0.0	0.0	0.0	0.0	0.0	0.0	
Barn Swallow	0.0	0.0	0.0	0.0	0.0	0.0	0.0	0.0	0.0	0.0	0.0	0.0	0.0	0.0578231	0.1062992	0.2553699	0.2756654	0.2878788	0.1277259	0.1965318	0.2903226	0.2608696	0.4166667	0.2142857	0.3	0.4285714	0.2894737	0.4473684	0.4179104	0.3076923	0.1772152	0.1275168	0.0289855	0.0297619	0.0108108	0.0075188	0.0	0.0	0.0	0.0	0.0	0.0	0.0	0.0	0.0	0.0	0.0	0.0	
Cliff Swallow	0.0	0.0	0.0	0.0	0.0	0.0	0.0	0.0	0.0	0.0	0.0	0.0	0.0	0.0238095	0.0	0.0	0.0	0.0	0.0	0.0	0.0	0.0	0.0	0.0	0.0	0.0	0.0	0.0	0.0	0.0	0.0	0.0	0.0	0.0	0.0	0.0	0.0	0.0	0.0	0.0	0.0	0.0	0.0	0.0	0.0	0.0	0.0	0.0	
Cave Swallow	0.0	0.0	0.0	0.0	0.0	0.0	0.0	0.0	0.0	0.0	0.0	0.0	0.0	0.0	0.0	0.0	0.0	0.0	0.0	0.0	0.0	0.0	0.0	0.0	0.0	0.0	0.0	0.0	0.0	0.0	0.0	0.0	0.0	0.0	0.0	0.0	0.0	0.0	0.0	0.0	0.0	0.0	0.0015	0.0	0.0	0.0	0.0	0.0	
swallow sp.	0.0	0.0	0.0	0.0	0.0	0.0	0.0	0.0	0.0	0.0	0.0	0.0	0.0	0.0	0.0	0.0	0.0057034	0.0021645	0.0062305	0.0	0.016129	0.0	0.0	0.0	0.0	0.0015	0.0	0.0131579	0.0149254	0.0128205	0.0	0.0	0.0	0.0059524	0.0	0.0	0.0	0.0	0.0	0.0	0.0	0.0	0.0	0.0	0.0	0.0	0.0	0.0	
Ruby-crowned Kinglet	0.0139373	0.0092593	0.0	0.0	0.0	0.0	0.0183486	0.0	0.0144928	0.0	0.0081967	0.004	0.1445313	0.3401361	0.523622	0.5942721	0.4239544	0.04329	0.0093458	0.0	0.0	0.0	0.0	0.0	0.0	0.0	0.0	0.0	0.0	0.0	0.0	0.0	0.0	0.0119048	0.0648649	0.1165414	0.4243902	0.5449735	0.6084656	0.369697	0.1810345	0.1381579	0.1089744	0.0506329	0.0434783	0.0344828	0.1318681	0.0720721	
Golden-crowned Kinglet	0.0	0.0	0.0	0.0	0.0	0.0	0.0	0.0	0.0	0.0	0.0081967	0.02	0.3125	0.1462585	0.019685	0.0238663	0.0	0.0	0.0	0.0	0.0	0.0	0.0	0.0	0.0	0.0	0.0	0.0	0.0	0.0	0.0	0.0	0.0	0.0	0.0	0.0	0.1707317	0.1904762	0.3333333	0.1333333	0.0603448	0.0394737	0.0320513	0.0	0.0	0.0	0.010989	0.0	
Ruby-crowned/Golden-crowned Kinglet	0.0	0.0	0.0	0.0	0.0	0.0	0.0	0.0	0.0	0.0	0.0	0.0	0.0	0.0	0.0	0.0	0.0	0.0	0.0	0.0	0.0	0.0	0.0	0.0	0.0	0.0	0.0	0.0	0.0	0.0	0.0	0.0	0.0	0.0	0.0	0.0	0.0	0.0	0.0	0.0060606	0.0	0.0	0.0	0.0	0.0	0.0	0.010989	0.0	
Red-breasted Nuthatch	0.0348432	0.0092593	0.0147059	0.0364964	0.0	0.0089286	0.0015	0.0142857	0.0144928	0.0267857	0.0081967	0.012	0.0015	0.0068027	0.007874	0.0071599	0.0380228	0.0	0.0	0.0	0.0	0.0	0.0	0.0	0.0	0.0	0.0	0.0	0.0	0.0	0.0	0.0	0.0	0.0059524	0.0	0.0150376	0.0195122	0.015873	0.005291	0.0060606	0.0172414	0.0131579	0.0	0.0	0.0	0.0	0.0	0.0	
White-breasted Nuthatch	0.3275261	0.3796296	0.2647059	0.5620438	0.4868421	0.4196429	0.2752294	0.2714286	0.3913043	0.375	0.3934426	0.384	0.3945313	0.3605442	0.3110236	0.1575179	0.1653992	0.0800866	0.0436137	0.0289017	0.0	0.0144928	0.0166667	0.0142857	0.0015	0.0357143	0.0263158	0.0789474	0.119403	0.1025641	0.1392405	0.1677852	0.2173913	0.1666667	0.1351351	0.0864662	0.1121951	0.2645503	0.2433862	0.2606061	0.1982759	0.3618421	0.4487179	0.5253165	0.4927536	0.3793103	0.4285714	0.3873874	
Brown Creeper	0.0243902	0.0092593	0.0	0.0364964	0.0394737	0.0089286	0.0275229	0.0428571	0.0144928	0.0446429	0.0491803	0.024	0.1835938	0.2040816	0.1299213	0.0095465	0.0	0.0	0.0	0.0	0.0	0.0	0.0	0.0	0.0	0.0	0.0	0.0	0.0	0.0	0.0	0.0	0.0	0.0	0.0162162	0.0015	0.0780488	0.1693122	0.1216931	0.0787879	0.0344828	0.0197368	0.0769231	0.0822785	0.0724638	0.0517241	0.0989011	0.0630631	
Blue-gray Gnatcatcher	0.0	0.0	0.0	0.0	0.0	0.0	0.0	0.0	0.0	0.0	0.0	0.0	0.0078125	0.0782313	0.1535433	0.2410501	0.1444867	0.030303	0.0249221	0.0057803	0.0	0.0	0.0015	0.0	0.0	0.0	0.0	0.0	0.0298507	0.0897436	0.0	0.0536913	0.057971	0.1011905	0.0162162	0.0	0.0	0.005291	0.0	0.0	0.0	0.0	0.0	0.0	0.0	0.0	0.0	0.0	
House Wren	0.0	0.0	0.0	0.0	0.0	0.0	0.0	0.0	0.0	0.0	0.0	0.0	0.0	0.0170068	0.011811	0.0739857	0.2110266	0.1558442	0.1339564	0.132948	0.0483871	0.0434783	0.05	0.0571429	0.0	0.0357143	0.0789474	0.0657895	0.0149254	0.0512821	0.0253165	0.0671141	0.0434783	0.1666667	0.1945946	0.1503759	0.1658537	0.1534392	0.0529101	0.0242424	0.0086207	0.0	0.0064103	0.0063291	0.0	0.0	0.0	0.0	
Winter Wren	0.0034843	0.0092593	0.0	0.0	0.0131579	0.0	0.0183486	0.0	0.0	0.0	0.0	0.008	0.0664063	0.0272109	0.0314961	0.0477327	0.0057034	0.004329	0.0	0.0	0.0	0.0	0.0	0.0	0.0	0.0	0.0	0.0	0.0	0.0	0.0	0.0	0.0	0.0	0.0108108	0.0639098	0.1317073	0.2169312	0.2063492	0.1575758	0.0431034	0.0131579	0.0384615	0.0253165	0.0144928	0.0	0.0	0.0	
Marsh Wren	0.0	0.0	0.0	0.0	0.0	0.0	0.0	0.0	0.0	0.0	0.0	0.0	0.0	0.0	0.0	0.0501193	0.0	0.0238095	0.0093458	0.0	0.0	0.0	0.0	0.0	0.0	0.0	0.0	0.0	0.0	0.0	0.0	0.0	0.0	0.0357143	0.0162162	0.0225564	0.004878	0.0	0.0	0.0242424	0.0	0.0	0.0	0.0	0.0	0.0	0.0	0.0	
Carolina Wren	0.0836237	0.0648148	0.1176471	0.1167883	0.0657895	0.0089286	0.0550459	0.0142857	0.0869565	0.0446429	0.0983607	0.04	0.03125	0.0204082	0.015748	0.1479714	0.2091255	0.1428571	0.0498442	0.0057803	0.0	0.0	0.0333333	0.0	0.0015	0.0357143	0.0	0.0131579	0.0	0.0512821	0.0253165	0.0738255	0.1304348	0.1130952	0.0594595	0.0150376	0.0	0.015873	0.021164	0.0015	0.0086207	0.0328947	0.0128205	0.0126582	0.0144928	0.0	0.021978	0.009009	
European Starling	0.4843206	0.5462963	0.6176471	0.5693431	0.5394737	0.4732143	0.2844037	0.5285714	0.4927536	0.6071429	0.6557377	0.596	0.640625	0.6190476	0.8110236	0.8019093	0.7889734	0.8051948	0.7850467	0.8901734	0.7096774	0.7681159	0.9333333	0.8142857	0.65	0.75	0.7368421	0.7236842	0.8955224	0.6282051	0.7468354	0.6845638	0.7536232	0.6369048	0.6918919	0.6879699	0.6146341	0.6349206	0.4920635	0.630303	0.5258621	0.4539474	0.4615385	0.4936709	0.3913043	0.5517241	0.4725275	0.5675676	
Gray Catbird	0.0418118	0.0092593	0.0294118	0.0291971	0.0	0.0	0.0091743	0.0	0.0	0.0	0.0	0.004	0.0078125	0.0	0.0	0.1312649	0.7281369	0.6839827	0.7040498	0.6473988	0.3387097	0.2898551	0.3333333	0.3714286	0.325	0.4285714	0.3421053	0.5526316	0.5223881	0.5512821	0.6075949	0.5838926	0.6956522	0.7142857	0.5945946	0.6240602	0.6926829	0.6243386	0.4761905	0.3454545	0.1896552	0.0657895	0.1217949	0.0759494	0.0869565	0.137931	0.0549451	0.036036	
Brown Thrasher	0.0034843	0.0185185	0.0	0.0145985	0.0131579	0.0357143	0.0733945	0.0571429	0.0434783	0.0892857	0.0327869	0.032	0.0390625	0.047619	0.0472441	0.0286396	0.0190114	0.012987	0.0124611	0.0115607	0.0	0.0	0.0	0.0142857	0.0	0.0	0.0	0.0	0.0	0.0	0.0	0.0	0.0	0.0416667	0.1621622	0.3571429	0.2634146	0.2539683	0.0793651	0.0545455	0.0086207	0.0197368	0.0192308	0.0126582	0.0	0.0344828	0.043956	0.027027	
Northern Mockingbird	0.1916376	0.1574074	0.2058824	0.0948905	0.1315789	0.1071429	0.1284404	0.1857143	0.0869565	0.0803571	0.0655738	0.1	0.0820313	0.1394558	0.0708661	0.0763723	0.1159696	0.1060606	0.0716511	0.1445087	0.0806452	0.2028986	0.15	0.1714286	0.15	0.2142857	0.3157895	0.1184211	0.358209	0.1923077	0.1772152	0.1879195	0.1014493	0.125	0.1351351	0.1240602	0.1560976	0.1428571	0.1798942	0.1272727	0.1551724	0.1842105	0.1410256	0.0949367	0.1014493	0.1206897	0.2637363	0.1531532	
Eastern Bluebird	0.0	0.0	0.0	0.0	0.0	0.0	0.0	0.0	0.0	0.0	0.0	0.008	0.0	0.0	0.0	0.0	0.0019011	0.0	0.0	0.0	0.0	0.0	0.0	0.0	0.0	0.0	0.0	0.0	0.0	0.0	0.0	0.0	0.0	0.0	0.0	0.0	0.0	0.0	0.005291	0.0	0.0015	0.0	0.0	0.0	0.0	0.0	0.0	0.0	
Veery	0.0	0.0	0.0	0.0	0.0	0.0	0.0	0.0	0.0	0.0	0.0	0.0	0.0	0.0	0.0	0.0071599	0.2908745	0.1406926	0.2305296	0.0462428	0.016129	0.0	0.0	0.0	0.0	0.0	0.0	0.0	0.0	0.0	0.0	0.1744966	0.2318841	0.3630952	0.1945946	0.0601504	0.0146341	0.0	0.0	0.0	0.0	0.0	0.0	0.0	0.0	0.0	0.0	0.0	
Gray-cheeked Thrush	0.0	0.0	0.0	0.0	0.0	0.0	0.0	0.0	0.0	0.0	0.0	0.0	0.0	0.0	0.0	0.0	0.0	0.012987	0.1246106	0.1445087	0.0	0.0	0.0	0.0	0.0	0.0	0.0	0.0	0.0	0.0	0.0	0.0	0.0	0.0015	0.0108108	0.0338346	0.0292683	0.0740741	0.005291	0.0	0.0	0.0	0.0	0.0	0.0	0.0	0.0	0.0	
Gray-cheeked/Bicknell's Thrush	0.0	0.0	0.0	0.0	0.0	0.0	0.0	0.0	0.0	0.0	0.0	0.0	0.0	0.0	0.0	0.0	0.0	0.0021645	0.0093458	0.0	0.0	0.0	0.0	0.0	0.0	0.0	0.0	0.0	0.0	0.0	0.0	0.0	0.0	0.0	0.0	0.0075188	0.004878	0.0	0.0	0.0	0.0	0.0	0.0	0.0	0.0	0.0	0.0	0.0	
Swainson's Thrush	0.0	0.0	0.0	0.0	0.0	0.0	0.0	0.0	0.0	0.0	0.0	0.0	0.0	0.0	0.0	0.0	0.108365	0.1969697	0.4797508	0.2485549	0.0	0.0	0.0	0.0	0.0	0.0	0.0	0.0	0.0	0.0128205	0.0126582	0.0201342	0.0869565	0.2678571	0.2486486	0.1804511	0.302439	0.1481481	0.0740741	0.0121212	0.0086207	0.0	0.0	0.0	0.0	0.0	0.0	0.0	
Hermit Thrush	0.0801394	0.0277778	0.0294118	0.0583942	0.0526316	0.0267857	0.0183486	0.0142857	0.0	0.0	0.0	0.04	0.28125	0.462585	0.4448819	0.6085919	0.4448669	0.047619	0.0186916	0.0057803	0.0	0.0	0.0	0.0	0.0	0.0	0.0	0.0	0.0	0.0128205	0.0	0.0	0.0	0.0	0.0	0.0075188	0.2146341	0.3492063	0.5343915	0.6545455	0.4310345	0.3289474	0.3653846	0.1582278	0.115942	0.137931	0.1208791	0.0540541	
Catharus sp.	0.0	0.0	0.0	0.0	0.0	0.0	0.0	0.0	0.0	0.0	0.0	0.0	0.0	0.0	0.0	0.0047733	0.0095057	0.0151515	0.0498442	0.0462428	0.0	0.0	0.0	0.0	0.0	0.0	0.0	0.0	0.0	0.0128205	0.0126582	0.0201342	0.0289855	0.077381	0.0324324	0.0225564	0.0243902	0.010582	0.010582	0.0060606	0.0172414	0.0	0.0192308	0.0	0.0	0.0	0.0	0.0	
Wood Thrush	0.0	0.0	0.0	0.0	0.0	0.0	0.0	0.0	0.0	0.0	0.0	0.0	0.0	0.0	0.003937	0.0214797	0.2718631	0.1060606	0.1246106	0.0693642	0.0	0.0289855	0.0166667	0.0	0.0	0.0	0.0263158	0.0131579	0.0149254	0.0128205	0.0	0.0201342	0.0144928	0.1190476	0.1081081	0.0714286	0.0585366	0.031746	0.026455	0.0	0.0	0.0	0.0	0.0	0.0	0.0	0.0	0.0	
American Robin	0.4076655	0.3888889	0.3235294	0.4744526	0.3552632	0.3482143	0.266055	0.1428571	0.2608696	0.4017857	0.5819672	0.656	0.7695313	0.6904762	0.7598425	0.8400955	0.8441065	0.8398268	0.8130841	0.8265896	0.6935484	0.826087	0.7666667	0.8	0.6	0.7142857	0.7105263	0.6842105	0.8507463	0.7179487	0.8227848	0.7919463	0.826087	0.7619048	0.7081081	0.7105263	0.6878049	0.6349206	0.6137566	0.5757576	0.4827586	0.5263158	0.5448718	0.5	0.4782609	0.4137931	0.5054945	0.4774775	
thrush sp.	0.0	0.0	0.0	0.0	0.0	0.0	0.0	0.0	0.0	0.0	0.0	0.0	0.0	0.0	0.0	0.0	0.0019011	0.0	0.0	0.0	0.0	0.0	0.0	0.0	0.0	0.0	0.0	0.0	0.0	0.0	0.0	0.0067114	0.0	0.0	0.0	0.0	0.004878	0.0	0.0	0.0	0.0	0.0	0.0	0.0	0.0	0.0	0.0	0.0	
Cedar Waxwing	0.0	0.0185185	0.0	0.0	0.0015	0.0	0.0	0.0	0.0	0.0	0.0	0.008	0.0078125	0.0170068	0.003937	0.0047733	0.0171103	0.04329	0.2211838	0.3641618	0.2096774	0.2753623	0.1166667	0.1142857	0.075	0.1785714	0.1052632	0.25	0.2089552	0.0641026	0.1139241	0.1073826	0.173913	0.1190476	0.1945946	0.0977444	0.0634146	0.0529101	0.1164021	0.1515152	0.1293103	0.1842105	0.1282051	0.0443038	0.0144928	0.0344828	0.0769231	0.045045	
House Sparrow	0.7421603	0.7407407	0.6911765	0.8832117	0.7763158	0.7053571	0.5963303	0.6714286	0.7681159	0.7321429	0.7459016	0.736	0.7460938	0.8265306	0.8858268	0.8568019	0.8745247	0.8484848	0.8442368	0.9017341	0.8225806	0.884058	0.8666667	0.8857143	0.8	0.8571429	0.8421053	0.8684211	0.9552239	0.8461538	0.9113924	0.8187919	0.8550725	0.7380952	0.7891892	0.7969925	0.7756098	0.8095238	0.6719577	0.8484848	0.7068966	0.7302632	0.7628205	0.778481	0.7826087	0.7241379	0.7912088	0.8108108	
American Pipit	0.0	0.0	0.0	0.0072993	0.0131579	0.0	0.0	0.0	0.0	0.0	0.0	0.0	0.0	0.0	0.0	0.0	0.0	0.0	0.0	0.0	0.0	0.0	0.0	0.0	0.0	0.0	0.0	0.0	0.0	0.0	0.0	0.0	0.0	0.0	0.0	0.0	0.0097561	0.0	0.0	0.0	0.0	0.0	0.0	0.0	0.0	0.0	0.0	0.0	
House Finch	0.1811847	0.1759259	0.1470588	0.379562	0.2105263	0.1696429	0.2385321	0.1285714	0.2463768	0.2589286	0.295082	0.176	0.140625	0.1292517	0.1889764	0.3221957	0.3365019	0.1753247	0.1308411	0.1965318	0.1612903	0.1594203	0.0833333	0.1428571	0.1	0.2142857	0.1578947	0.2631579	0.2238806	0.2179487	0.2405063	0.2080537	0.2463768	0.1904762	0.1621622	0.1353383	0.0926829	0.1164021	0.1058201	0.0848485	0.0689655	0.0986842	0.1923077	0.1582278	0.2173913	0.1724138	0.3076923	0.2702703	
Purple Finch	0.0034843	0.0	0.0	0.0072993	0.0131579	0.0	0.0091743	0.0	0.0	0.0178571	0.0081967	0.0	0.0	0.0238095	0.0472441	0.0835322	0.0190114	0.0	0.0	0.0	0.0	0.0	0.0	0.0	0.0	0.0	0.0	0.0	0.0	0.0	0.0	0.0	0.0	0.0	0.0	0.0	0.004878	0.005291	0.015873	0.0060606	0.0172414	0.0394737	0.1346154	0.0253165	0.0434783	0.0	0.0	0.0	
Common Redpoll	0.0	0.0	0.0	0.3430657	0.1973684	0.125	0.1100917	0.0571429	0.0869565	0.0535714	0.0	0.0	0.0	0.0	0.0	0.0	0.0	0.0	0.0	0.0	0.0	0.0	0.0	0.0	0.0	0.0	0.0	0.0	0.0	0.0	0.0	0.0	0.0	0.0	0.0	0.0	0.0	0.0	0.0	0.0	0.0	0.0	0.0	0.0	0.0	0.0	0.0	0.0	
Pine Siskin	0.0139373	0.0092593	0.0	0.0072993	0.0131579	0.0803571	0.0458716	0.0142857	0.0	0.0089286	0.0	0.0	0.0	0.0034014	0.019685	0.0739857	0.0038023	0.0	0.0	0.0	0.0	0.0	0.0	0.0	0.0	0.0	0.0	0.0	0.0	0.0	0.0	0.0	0.0	0.0	0.0	0.0	0.0	0.0	0.015873	0.0	0.0	0.0065789	0.0641026	0.0443038	0.0724638	0.0517241	0.0	0.0	
American Goldfinch	0.1637631	0.1759259	0.1323529	0.5255474	0.3289474	0.3035714	0.2293578	0.2428571	0.2753623	0.3125	0.3114754	0.308	0.3242188	0.2619048	0.4055118	0.50358	0.4752852	0.2359307	0.05919	0.0751445	0.016129	0.0	0.05	0.0428571	0.0	0.0714286	0.0526316	0.0526316	0.0746269	0.0769231	0.1012658	0.2281879	0.2463768	0.1666667	0.1081081	0.0714286	0.0682927	0.0793651	0.1216931	0.1212121	0.1206897	0.2697368	0.4038462	0.335443	0.3623188	0.1896552	0.2747253	0.2162162	
Snow Bunting	0.0	0.0	0.0	0.0	0.0	0.0	0.0	0.0	0.0	0.0	0.0	0.0	0.0	0.0	0.0	0.0	0.0	0.0	0.0	0.0	0.0	0.0	0.0	0.0	0.0	0.0	0.0	0.0	0.0	0.0	0.0	0.0	0.0	0.0	0.0	0.0	0.0	0.0	0.0	0.0	0.0	0.0065789	0.0064103	0.0	0.0	0.0	0.0	0.0	
Grasshopper Sparrow	0.0	0.0	0.0	0.0	0.0	0.0	0.0	0.0	0.0	0.0	0.0	0.0	0.0	0.0	0.0	0.0	0.0	0.0	0.0	0.0	0.0	0.0	0.0	0.0	0.0	0.0	0.0	0.0	0.0	0.0	0.0	0.0	0.0	0.0	0.0	0.0150376	0.0	0.0	0.005291	0.0	0.0086207	0.0	0.0	0.0	0.0	0.0	0.0	0.0	
Chipping Sparrow	0.0487805	0.0555556	0.0147059	0.3357664	0.1973684	0.1785714	0.0183486	0.0285714	0.1304348	0.0982143	0.0983607	0.08	0.2382813	0.2857143	0.3976378	0.4916468	0.2547529	0.0562771	0.0560748	0.0115607	0.0	0.0	0.0	0.0142857	0.025	0.0	0.0	0.0	0.0015	0.0	0.0	0.0134228	0.0144928	0.0357143	0.0108108	0.037594	0.1463415	0.2751323	0.3492063	0.1757576	0.1637931	0.0394737	0.0384615	0.0	0.0	0.0	0.0015	0.0	
Clay-colored Sparrow	0.0	0.0	0.0	0.0	0.0	0.0	0.0	0.0	0.0	0.0	0.0	0.0	0.0	0.0	0.0	0.0	0.0	0.0	0.0	0.0	0.0	0.0	0.0	0.0	0.0	0.0	0.0	0.0	0.0	0.0	0.0	0.0	0.0	0.0	0.0	0.0	0.0	0.005291	0.0	0.0	0.0	0.0	0.0	0.0	0.0	0.0	0.0	0.0	
Field Sparrow	0.0034843	0.0	0.0	0.0072993	0.0	0.0	0.0	0.0	0.0	0.0	0.0	0.0	0.1015625	0.0612245	0.0629921	0.1169451	0.0418251	0.0064935	0.0031153	0.0	0.0	0.0	0.0	0.0	0.0	0.0	0.0	0.0	0.0	0.0	0.0	0.0067114	0.0	0.0	0.0015	0.0037594	0.0926829	0.1005291	0.1693122	0.0909091	0.0086207	0.0131579	0.0064103	0.0063291	0.0	0.0	0.0	0.0	
American Tree Sparrow	0.0069686	0.0	0.0	0.0583942	0.2368421	0.2946429	0.146789	0.0428571	0.1449275	0.0714286	0.0327869	0.004	0.0	0.0	0.0	0.0	0.0	0.0	0.0	0.0	0.0	0.0	0.0	0.0	0.0	0.0	0.0	0.0	0.0	0.0	0.0	0.0	0.0	0.0	0.0	0.0	0.0	0.0	0.0	0.0	0.0	0.0131579	0.0192308	0.0063291	0.0	0.0	0.0	0.0	
Fox Sparrow	0.0487805	0.0925926	0.0735294	0.4671533	0.3421053	0.3125	0.1834862	0.2	0.2463768	0.2678571	0.3360656	0.36	0.2929688	0.0884354	0.007874	0.0	0.0	0.0	0.0	0.0	0.0	0.0	0.0	0.0	0.0	0.0	0.0	0.0	0.0	0.0	0.0	0.0	0.0	0.0	0.0	0.0	0.0	0.005291	0.0	0.0181818	0.0015	0.0460526	0.0961538	0.1075949	0.1449275	0.1034483	0.0549451	0.027027	
Dark-eyed Junco	0.261324	0.2777778	0.3235294	0.6423358	0.4736842	0.3660714	0.3394495	0.3285714	0.3623188	0.4375	0.5245902	0.46	0.5507813	0.4285714	0.4173228	0.2720764	0.0342205	0.0	0.0	0.0	0.0	0.0	0.0	0.0	0.0	0.0	0.0	0.0	0.0	0.0	0.0	0.0	0.0	0.0	0.0	0.0112782	0.1560976	0.1957672	0.3756614	0.4121212	0.3965517	0.4473684	0.5	0.3417722	0.173913	0.1724138	0.1978022	0.1441441	
White-crowned Sparrow	0.0	0.0	0.0	0.0	0.0	0.0	0.0	0.0	0.0	0.0089286	0.0081967	0.0	0.0	0.0	0.011811	0.0095465	0.0171103	0.017316	0.0342679	0.0015	0.0	0.0	0.0	0.0	0.0	0.0	0.0	0.0	0.0	0.0	0.0	0.0	0.0	0.0	0.0	0.0037594	0.2146341	0.0899471	0.1058201	0.030303	0.0	0.0065789	0.0	0.0063291	0.0	0.0	0.0015	0.0	
White-throated Sparrow	0.554007	0.5462963	0.6470588	0.8686131	0.6315789	0.5	0.5137615	0.4142857	0.5652174	0.6071429	0.6147541	0.644	0.6054688	0.6326531	0.7637795	0.8066826	0.7224335	0.3073593	0.317757	0.1040462	0.0645161	0.0144928	0.0333333	0.0	0.075	0.0714286	0.0	0.0	0.0	0.0	0.0	0.0	0.0434783	0.0119048	0.0540541	0.387218	0.6390244	0.7777778	0.7830688	0.8787879	0.7327586	0.7171053	0.7692308	0.7658228	0.8550725	0.6724138	0.7802198	0.6306306	
Vesper Sparrow	0.0	0.0	0.0	0.0	0.0	0.0	0.0	0.0	0.0	0.0	0.0	0.0	0.0	0.0	0.0	0.0	0.0	0.0	0.0	0.0	0.0	0.0	0.0	0.0	0.0	0.0	0.0	0.0	0.0	0.0	0.0	0.0	0.0	0.0	0.0	0.0	0.097561	0.031746	0.0634921	0.0060606	0.0086207	0.0065789	0.0	0.0	0.0	0.0	0.0	0.0	
Nelson's Sparrow	0.0	0.0	0.0	0.0	0.0	0.0	0.0	0.0	0.0	0.0	0.0	0.0	0.0	0.0	0.0	0.0	0.0	0.0	0.0	0.0	0.0	0.0	0.0	0.0	0.0	0.0	0.0	0.0	0.0	0.0	0.0	0.0	0.0	0.0	0.0	0.0	0.0	0.015873	0.026455	0.0121212	0.0	0.0	0.0	0.0	0.0	0.0	0.0	0.0	
Saltmarsh Sparrow	0.0	0.0	0.0	0.0	0.0	0.0	0.0	0.0	0.0	0.0	0.0	0.0	0.0	0.0	0.0	0.0	0.0	0.0	0.0	0.0	0.0	0.0	0.0	0.0	0.0	0.0	0.0	0.0	0.0	0.0	0.0	0.0	0.0	0.0	0.0	0.0	0.004878	0.0	0.010582	0.0	0.0	0.0	0.0	0.0	0.0	0.0	0.0	0.0	
Nelson's/Saltmarsh Sparrow (Sharp-tailed Sparrow)	0.0	0.0	0.0	0.0	0.0	0.0	0.0	0.0	0.0	0.0	0.0	0.0	0.0	0.0	0.0	0.0	0.0	0.0	0.0	0.0	0.0	0.0	0.0	0.0	0.0	0.0	0.0	0.0	0.0	0.0	0.0	0.0	0.0	0.0	0.0	0.0	0.0	0.0	0.005291	0.0	0.0	0.0	0.0	0.0	0.0	0.0	0.0	0.0	
Savannah Sparrow	0.0	0.0	0.0	0.0	0.0	0.0	0.0091743	0.0	0.0	0.0	0.0	0.004	0.0078125	0.047619	0.0433071	0.0668258	0.0456274	0.0367965	0.0062305	0.0057803	0.0	0.0	0.0	0.0	0.0	0.0	0.0	0.0	0.0	0.0	0.0	0.0067114	0.0	0.0119048	0.0	0.0112782	0.0878049	0.047619	0.1428571	0.0545455	0.0344828	0.0131579	0.0128205	0.0	0.0	0.0	0.010989	0.0	
Song Sparrow	0.2055749	0.1851852	0.1764706	0.2043796	0.2368421	0.1607143	0.1743119	0.1428571	0.0869565	0.3303571	0.5491803	0.624	0.6601563	0.5272109	0.5393701	0.3675418	0.2395437	0.1623377	0.1744548	0.1098266	0.0806452	0.1449275	0.1833333	0.1142857	0.1	0.1785714	0.3157895	0.1710526	0.2537313	0.1923077	0.0886076	0.147651	0.057971	0.0535714	0.0918919	0.1052632	0.5853659	0.6137566	0.6825397	0.6424242	0.4568966	0.375	0.2820513	0.1772152	0.115942	0.1034483	0.2087912	0.1981982	
Lincoln's Sparrow	0.0	0.0092593	0.0	0.0	0.0	0.0	0.0	0.0	0.0	0.0	0.0	0.0	0.0	0.0	0.0	0.0023866	0.0342205	0.034632	0.0529595	0.0520231	0.0322581	0.0	0.0	0.0	0.0	0.0	0.0	0.0	0.0	0.0	0.0	0.0	0.0	0.0059524	0.0216216	0.0112782	0.0780488	0.0529101	0.1164021	0.0121212	0.0086207	0.0	0.0	0.0	0.0	0.0	0.0	0.0	
Swamp Sparrow	0.0662021	0.0462963	0.0294118	0.0218978	0.0657895	0.0178571	0.0183486	0.0142857	0.0289855	0.0089286	0.0081967	0.072	0.25	0.3027211	0.2519685	0.2959427	0.2053232	0.0584416	0.1028037	0.0	0.0806452	0.0	0.0166667	0.0	0.0	0.0	0.0	0.0	0.0	0.0	0.0	0.0	0.0	0.0	0.0054054	0.0676692	0.2926829	0.2804233	0.4126984	0.3151515	0.137931	0.1381579	0.0897436	0.0015	0.0	0.0517241	0.021978	0.009009	
Eastern Towhee	0.0069686	0.0092593	0.0	0.0072993	0.0263158	0.0267857	0.0015	0.0142857	0.0015	0.0	0.0081967	0.008	0.109375	0.1428571	0.3700787	0.5011933	0.3250951	0.1233766	0.1713396	0.1040462	0.016129	0.0434783	0.05	0.0285714	0.025	0.0	0.0263158	0.0131579	0.0	0.0128205	0.0	0.0268456	0.0289855	0.0059524	0.0108108	0.1315789	0.1804878	0.4179894	0.3068783	0.2606061	0.0517241	0.0460526	0.0320513	0.0126582	0.0144928	0.0	0.021978	0.027027	
sparrow sp.	0.0034843	0.0	0.0147059	0.0	0.0263158	0.0089286	0.0091743	0.0142857	0.0289855	0.0089286	0.0081967	0.004	0.0	0.0034014	0.011811	0.0	0.0057034	0.0194805	0.0062305	0.0057803	0.0	0.0	0.0	0.0	0.0	0.0	0.0	0.0	0.0	0.0	0.0015	0.0201342	0.0144928	0.0059524	0.0054054	0.0225564	0.0195122	0.021164	0.026455	0.0242424	0.0344828	0.0131579	0.0128205	0.0063291	0.0	0.0172414	0.0	0.018018	
Yellow-breasted Chat	0.0	0.0	0.0	0.0	0.0	0.0	0.0	0.0	0.0	0.0	0.0	0.0	0.0	0.0	0.0	0.0	0.0019011	0.0	0.0	0.0	0.0	0.0	0.0	0.0	0.0	0.0	0.0	0.0	0.0	0.0	0.0	0.0	0.0289855	0.0416667	0.0	0.0225564	0.0	0.005291	0.0	0.0	0.0	0.0	0.0	0.0	0.0	0.0	0.0	0.0	
Bobolink	0.0	0.0	0.0	0.0	0.0	0.0	0.0	0.0	0.0	0.0	0.0	0.0	0.0	0.0	0.0	0.0	0.0	0.0	0.0	0.0	0.0	0.0	0.0	0.0	0.0	0.0	0.0	0.0	0.0	0.0	0.0	0.0201342	0.0	0.0059524	0.0	0.0	0.0	0.0	0.0	0.0	0.0	0.0	0.0	0.0	0.0	0.0	0.0	0.0	
Eastern Meadowlark	0.0	0.0	0.0	0.0	0.0	0.0	0.0	0.0	0.0	0.0	0.0	0.0	0.0	0.0034014	0.0	0.0	0.0	0.0	0.0	0.0	0.0	0.0	0.0	0.0	0.0	0.0	0.0	0.0	0.0	0.0	0.0	0.0	0.0	0.0	0.0	0.0	0.0	0.0015	0.005291	0.0	0.0	0.1052632	0.0064103	0.0	0.0	0.0	0.0	0.0	
Orchard Oriole	0.0	0.0	0.0	0.0	0.0	0.0	0.0	0.0	0.0	0.0	0.0	0.0	0.0	0.0	0.0	0.0095465	0.095057	0.0670996	0.0436137	0.0578035	0.016129	0.0144928	0.0	0.0	0.0	0.0	0.0	0.0263158	0.0	0.0	0.0126582	0.0	0.0	0.0	0.0	0.0	0.0	0.0	0.0	0.0	0.0	0.0	0.0	0.0	0.0	0.0	0.0	0.0	
Baltimore Oriole	0.0034843	0.0	0.0	0.0	0.0	0.0	0.0	0.0	0.0	0.0	0.0	0.0	0.0	0.0	0.0	0.0214797	0.4448669	0.538961	0.529595	0.4277457	0.2258065	0.173913	0.2	0.1428571	0.025	0.0714286	0.0526316	0.0789474	0.119403	0.1025641	0.1392405	0.2281879	0.1884058	0.2380952	0.1135135	0.0150376	0.0243902	0.005291	0.026455	0.0060606	0.0086207	0.0065789	0.0	0.0063291	0.0	0.0	0.0	0.0	
new world oriole sp.	0.0	0.0	0.0	0.0	0.0	0.0	0.0	0.0	0.0	0.0	0.0	0.0	0.0	0.0	0.0	0.0	0.0	0.0021645	0.0	0.0	0.0	0.0	0.0	0.0	0.0	0.0	0.0	0.0	0.0	0.0	0.0	0.0067114	0.0	0.0	0.0	0.0	0.0	0.0	0.0	0.0	0.0	0.0	0.0	0.0	0.0	0.0	0.0	0.0	
Red-winged Blackbird	0.0139373	0.0462963	0.0294118	0.0145985	0.0	0.0178571	0.0275229	0.0	0.0434783	0.2410714	0.3114754	0.244	0.2617188	0.3129252	0.4566929	0.5513126	0.5551331	0.4978355	0.4423676	0.4739884	0.3387097	0.3478261	0.3666667	0.3285714	0.2	0.2857143	0.3157895	0.2236842	0.2238806	0.1410256	0.0379747	0.1073826	0.0289855	0.0119048	0.0324324	0.0037594	0.0292683	0.015873	0.0793651	0.0727273	0.0603448	0.1381579	0.1410256	0.0443038	0.0434783	0.0344828	0.021978	0.018018	
Brown-headed Cowbird	0.010453	0.0277778	0.0147059	0.0145985	0.0	0.0	0.0	0.0142857	0.0434783	0.0714286	0.0327869	0.016	0.109375	0.1360544	0.2165354	0.3341289	0.2129278	0.1363636	0.0934579	0.0867052	0.0806452	0.0434783	0.0	0.0285714	0.075	0.1071429	0.1315789	0.1315789	0.1791045	0.0769231	0.0759494	0.0671141	0.0289855	0.0178571	0.0162162	0.0263158	0.0439024	0.021164	0.0529101	0.0484848	0.0344828	0.0592105	0.0128205	0.0	0.0144928	0.0	0.010989	0.018018	
Rusty Blackbird	0.0015	0.0	0.0147059	0.0	0.0	0.0089286	0.0	0.0	0.0144928	0.0535714	0.0245902	0.016	0.109375	0.0442177	0.0748031	0.0238663	0.026616	0.0021645	0.0	0.0	0.0	0.0	0.0	0.0	0.0	0.0	0.0	0.0	0.0	0.0	0.0	0.0	0.0	0.0	0.0	0.0	0.004878	0.0	0.0	0.0181818	0.0086207	0.0263158	0.0769231	0.0	0.0	0.0	0.0	0.0	
Common Grackle	0.0905923	0.212963	0.3235294	0.5766423	0.3947368	0.3482143	0.2477064	0.2571429	0.2753623	0.4464286	0.4672131	0.472	0.5585938	0.5	0.5905512	0.6778043	0.6673004	0.6709957	0.6542056	0.6936416	0.3548387	0.4637681	0.6	0.4285714	0.375	0.6071429	0.3684211	0.4473684	0.6119403	0.4358974	0.5443038	0.4832215	0.6231884	0.4940476	0.4864865	0.462406	0.3414634	0.4656085	0.4074074	0.4848485	0.2241379	0.2697368	0.2820513	0.1898734	0.115942	0.0689655	0.1648352	0.0630631	
Boat-tailed Grackle	0.0	0.0	0.0	0.0	0.0	0.0	0.0	0.0	0.0	0.0	0.0	0.0	0.0	0.0	0.0	0.0	0.0	0.0	0.0	0.0	0.0	0.0	0.0	0.0	0.0	0.0	0.0263158	0.0	0.0	0.0	0.0	0.0	0.0	0.0	0.0	0.0	0.0	0.0	0.0	0.0	0.0	0.0	0.0	0.0	0.0	0.0	0.0	0.0	
grackle sp.	0.0	0.0	0.0	0.0	0.0	0.0	0.0	0.0	0.0	0.0	0.0	0.0	0.0	0.0	0.0	0.0	0.0	0.0	0.0	0.0	0.016129	0.0	0.0	0.0	0.0	0.0	0.0	0.0	0.0	0.0	0.0	0.0	0.0	0.0	0.0	0.0	0.0	0.0	0.0	0.0	0.0	0.0	0.0	0.0	0.0	0.0	0.0	0.0	
blackbird sp.	0.0	0.0	0.0	0.0	0.0	0.0	0.0	0.0	0.0	0.0	0.0	0.0	0.0	0.0	0.0	0.0	0.0	0.0021645	0.0	0.0	0.0	0.0	0.0	0.0	0.025	0.0357143	0.0	0.0	0.0	0.0	0.0	0.0	0.0	0.0	0.0	0.0	0.0	0.0	0.005291	0.0	0.0086207	0.0131579	0.0192308	0.0	0.0	0.0	0.0	0.0	
Ovenbird	0.0	0.0	0.0	0.0	0.0	0.0	0.0	0.0	0.0	0.0	0.0	0.0	0.0	0.0	0.003937	0.052506	0.473384	0.3203463	0.4953271	0.1560694	0.0	0.0	0.0	0.0	0.0	0.0	0.0	0.0	0.0149254	0.1153846	0.1518987	0.2147651	0.3043478	0.2857143	0.2540541	0.2781955	0.302439	0.2222222	0.0899471	0.0606061	0.0086207	0.0	0.0	0.0063291	0.0	0.0	0.0	0.0	
Worm-eating Warbler	0.0	0.0	0.0	0.0	0.0	0.0	0.0	0.0	0.0	0.0	0.0	0.0	0.0	0.0	0.0	0.0	0.0722433	0.0519481	0.0031153	0.0057803	0.0	0.0	0.0	0.0	0.0	0.0	0.0	0.0	0.0298507	0.0	0.0506329	0.0	0.0	0.0	0.0162162	0.0075188	0.0	0.0	0.0	0.0	0.0	0.0	0.0	0.0	0.0	0.0	0.0	0.0	
Louisiana Waterthrush	0.0	0.0	0.0	0.0	0.0	0.0	0.0	0.0	0.0	0.0	0.0	0.0	0.0234375	0.0442177	0.0314961	0.2983294	0.0874525	0.025974	0.0155763	0.0	0.0	0.0	0.0	0.0	0.0	0.0	0.0	0.0	0.0597015	0.025641	0.0126582	0.0067114	0.0	0.0	0.0	0.0	0.0	0.0	0.0	0.0	0.0	0.0	0.0	0.0	0.0	0.0	0.0	0.0	
Northern Waterthrush	0.0	0.0	0.0	0.0	0.0	0.0	0.0	0.0	0.0	0.0	0.0	0.0	0.0039063	0.0	0.0787402	0.1933174	0.3631179	0.2294372	0.3582555	0.1791908	0.0	0.0	0.0	0.0	0.0	0.0	0.0	0.0921053	0.119403	0.2820513	0.3037975	0.2416107	0.3188406	0.2202381	0.1513514	0.1541353	0.0926829	0.0529101	0.0	0.0	0.0015	0.0	0.0	0.0	0.0	0.0	0.0	0.0	
Louisiana/Northern Waterthrush	0.0	0.0	0.0	0.0	0.0	0.0	0.0	0.0	0.0	0.0	0.0	0.0	0.0	0.0	0.0	0.0	0.0038023	0.0021645	0.0031153	0.0	0.0	0.0	0.0	0.0	0.0	0.0	0.0	0.0	0.0	0.0	0.0	0.0134228	0.0	0.0059524	0.0	0.0	0.0	0.0	0.0	0.0	0.0	0.0	0.0	0.0	0.0	0.0	0.0	0.0	
Blue-winged Warbler	0.0	0.0	0.0	0.0	0.0	0.0	0.0	0.0	0.0	0.0	0.0	0.0	0.0	0.0	0.0	0.0620525	0.2034221	0.012987	0.0062305	0.0057803	0.0	0.0	0.0	0.0	0.0	0.0	0.0	0.0	0.119403	0.1153846	0.1012658	0.1073826	0.0724638	0.047619	0.0648649	0.0	0.0	0.0	0.0	0.0	0.0	0.0	0.0	0.0	0.0	0.0	0.0	0.0	
Black-and-white Warbler	0.0	0.0	0.0	0.0	0.0	0.0	0.0	0.0	0.0	0.0	0.0	0.0	0.0	0.0	0.1614173	0.5250597	0.7091255	0.4675325	0.4766355	0.0635838	0.016129	0.0015	0.0166667	0.0	0.0	0.0357143	0.0263158	0.0	0.0895522	0.2179487	0.3037975	0.3691275	0.3478261	0.4761905	0.4324324	0.4172932	0.2097561	0.1428571	0.026455	0.0121212	0.0	0.0	0.0128205	0.0	0.0	0.0	0.010989	0.009009	
Prothonotary Warbler	0.0	0.0	0.0	0.0	0.0	0.0	0.0	0.0	0.0	0.0	0.0	0.0	0.0	0.0	0.0	0.0859189	0.0	0.0	0.0015	0.0	0.0	0.0	0.0	0.0	0.0	0.0	0.0	0.0	0.0	0.0	0.0	0.0	0.0	0.0	0.0	0.0	0.0	0.0	0.0	0.0	0.0	0.0	0.0	0.0	0.0	0.0	0.0	0.0	
Tennessee Warbler	0.0069686	0.0	0.0	0.0	0.0	0.0	0.0	0.0	0.0	0.0	0.0	0.0	0.0	0.0	0.0	0.0	0.013308	0.0021645	0.046729	0.0115607	0.0	0.0	0.0	0.0	0.0	0.0	0.0	0.0	0.0015	0.0	0.0	0.0268456	0.0434783	0.0595238	0.0432432	0.037594	0.0146341	0.005291	0.010582	0.0	0.0	0.0	0.0	0.0	0.0	0.0	0.0	0.0	
Orange-crowned Warbler	0.010453	0.0	0.0	0.0	0.0	0.0	0.0	0.0	0.0	0.0	0.0	0.0	0.0	0.0	0.0	0.0	0.0	0.0	0.0	0.0	0.0	0.0	0.0	0.0	0.0	0.0	0.0	0.0	0.0	0.0	0.0	0.0	0.0	0.0	0.0	0.0	0.0	0.0	0.0	0.0	0.0	0.0	0.0	0.0	0.0144928	0.0	0.0659341	0.0	
Nashville Warbler	0.0	0.0	0.0	0.0	0.0	0.0	0.0	0.0	0.0	0.0	0.0	0.0	0.0	0.0	0.0	0.0071599	0.1958175	0.0411255	0.0342679	0.0115607	0.0	0.0	0.0	0.0	0.0	0.0	0.0	0.0	0.0	0.0	0.0	0.0067114	0.0	0.0297619	0.0324324	0.0112782	0.0146341	0.0687831	0.042328	0.0060606	0.0086207	0.0131579	0.0	0.0	0.0	0.0	0.0	0.0	
Connecticut Warbler	0.0	0.0	0.0	0.0	0.0	0.0	0.0	0.0	0.0	0.0	0.0	0.0	0.0	0.0	0.0	0.0	0.0	0.0	0.0	0.0	0.0	0.0	0.0	0.0	0.0	0.0	0.0	0.0	0.0	0.0	0.0	0.0	0.0	0.0059524	0.1135135	0.075188	0.0	0.0	0.0	0.0	0.0	0.0	0.0	0.0	0.0	0.0	0.0	0.0	
Mourning Warbler	0.0	0.0	0.0	0.0	0.0	0.0	0.0	0.0	0.0	0.0	0.0	0.0	0.0	0.0	0.0	0.0	0.0	0.0519481	0.0965732	0.0635838	0.016129	0.0	0.0	0.0	0.0	0.0	0.0	0.0	0.0	0.0	0.0126582	0.0067114	0.0	0.0238095	0.0108108	0.0037594	0.004878	0.0	0.0	0.0	0.0	0.0	0.0	0.0	0.0	0.0	0.0	0.0	
Kentucky Warbler	0.0	0.0	0.0	0.0	0.0	0.0	0.0	0.0	0.0	0.0	0.0	0.0	0.0	0.0	0.0	0.0	0.0	0.0	0.0031153	0.0057803	0.0	0.0	0.0	0.0	0.0	0.0	0.0	0.0	0.0	0.0	0.0	0.0	0.0	0.0	0.0	0.0	0.0	0.0	0.0	0.0	0.0	0.0	0.0	0.0	0.0	0.0	0.0	0.0	
Common Yellowthroat	0.0034843	0.0	0.0	0.0	0.0	0.0	0.0	0.0	0.0	0.0	0.0	0.0	0.0	0.0170068	0.003937	0.0286396	0.4885932	0.4242424	0.7009346	0.3063584	0.0322581	0.0	0.0	0.0	0.0	0.0	0.0	0.0131579	0.0149254	0.0641026	0.1012658	0.2885906	0.4347826	0.4702381	0.6	0.5451128	0.4829268	0.3915344	0.2433862	0.1575758	0.0603448	0.0197368	0.0512821	0.0126582	0.0144928	0.0	0.0	0.009009	
Hooded Warbler	0.0	0.0	0.0	0.0	0.0	0.0	0.0	0.0	0.0	0.0	0.0	0.0	0.0	0.0	0.0	0.0015	0.1197719	0.004329	0.0031153	0.017341	0.0	0.0	0.0	0.0	0.0	0.0	0.0	0.0	0.0	0.0128205	0.0126582	0.0268456	0.0	0.0297619	0.0810811	0.0	0.0097561	0.0793651	0.0	0.0	0.0	0.0	0.0	0.0	0.0	0.0	0.0	0.0	
American Redstart	0.0	0.0	0.0	0.0	0.0	0.0	0.0	0.0	0.0	0.0	0.0	0.0	0.0	0.0	0.0	0.0095465	0.2623574	0.2878788	0.6448598	0.4393064	0.0483871	0.0	0.0	0.0	0.0	0.0	0.0	0.0526316	0.2238806	0.2307692	0.443038	0.5100671	0.5507246	0.6071429	0.6810811	0.556391	0.2243902	0.1428571	0.0	0.0	0.0	0.0	0.0	0.0	0.0724638	0.0	0.0	0.0	
Cape May Warbler	0.0	0.0	0.0	0.0	0.0	0.0	0.0	0.0	0.0	0.0	0.0	0.0	0.0	0.0	0.0	0.0047733	0.161597	0.1060606	0.0404984	0.0	0.0	0.0	0.0	0.0	0.0	0.0	0.0	0.0	0.0	0.0	0.0	0.0	0.0	0.0178571	0.0378378	0.0451128	0.0390244	0.0793651	0.021164	0.0060606	0.0	0.0	0.0	0.0	0.0	0.0	0.0	0.0	
Cerulean Warbler	0.0	0.0	0.0	0.0	0.0	0.0	0.0	0.0	0.0	0.0	0.0	0.0	0.0	0.0	0.0	0.0	0.0019011	0.0021645	0.0186916	0.0	0.0	0.0	0.0	0.0	0.0	0.0	0.0	0.0	0.0	0.0	0.0	0.0	0.0	0.0	0.0	0.0	0.0	0.0	0.0	0.0	0.0	0.0	0.0	0.0	0.0	0.0	0.0	0.0	
Northern Parula	0.0	0.0	0.0	0.0	0.0	0.0	0.0	0.0	0.0	0.0	0.0	0.0	0.0	0.0	0.019685	0.2076372	0.5190114	0.4220779	0.4766355	0.1791908	0.0	0.0	0.0	0.0	0.0	0.0	0.0	0.0	0.0	0.0128205	0.0	0.0536913	0.0289855	0.25	0.3027027	0.3496241	0.3219512	0.3068783	0.0952381	0.0121212	0.0086207	0.0	0.0	0.0	0.0	0.0	0.0	0.0	
Magnolia Warbler	0.0	0.0	0.0	0.0	0.0	0.0	0.0	0.0	0.0	0.0	0.0	0.0	0.0	0.0	0.0	0.0047733	0.4125475	0.3030303	0.5856698	0.3063584	0.0	0.0	0.0	0.0	0.0	0.0	0.0	0.0	0.0	0.0128205	0.0379747	0.2483221	0.2898551	0.2261905	0.2972973	0.1278195	0.102439	0.1269841	0.042328	0.0060606	0.0	0.0	0.0	0.0	0.0	0.0	0.0	0.0	
Bay-breasted Warbler	0.0	0.0	0.0	0.0	0.0	0.0	0.0	0.0	0.0	0.0	0.0	0.0	0.0	0.0	0.0	0.0023866	0.1292776	0.1103896	0.1869159	0.0057803	0.0	0.0	0.0	0.0	0.0	0.0	0.0	0.0	0.0	0.0	0.0	0.0	0.0	0.0059524	0.0054054	0.0037594	0.0146341	0.0	0.0	0.0	0.0	0.0	0.0	0.0	0.0	0.0	0.0	0.0	
Blackburnian Warbler	0.0	0.0	0.0	0.0	0.0	0.0	0.0	0.0	0.0	0.0	0.0	0.0	0.0	0.0	0.0	0.0	0.1749049	0.1038961	0.1744548	0.0520231	0.0	0.0	0.0	0.0	0.0	0.0	0.0	0.0	0.0	0.0	0.0	0.0201342	0.0	0.0654762	0.0108108	0.0	0.004878	0.0	0.0	0.0	0.0	0.0	0.0	0.0	0.0	0.0	0.0	0.0	
Yellow Warbler	0.0	0.0	0.0	0.0	0.0	0.0	0.0	0.0	0.0	0.0	0.0	0.0	0.0	0.0	0.0314961	0.1575179	0.4714829	0.2619048	0.2056075	0.0982659	0.016129	0.0015	0.0166667	0.0285714	0.0	0.0	0.0263158	0.1973684	0.119403	0.1025641	0.1518987	0.0805369	0.0724638	0.0952381	0.0648649	0.037594	0.0	0.026455	0.0	0.0060606	0.0	0.0	0.0015	0.0	0.0	0.0	0.0	0.0	
Chestnut-sided Warbler	0.0	0.0	0.0	0.0	0.0	0.0	0.0	0.0	0.0	0.0	0.0	0.0	0.0	0.0	0.0	0.0	0.2034221	0.1731602	0.3364486	0.0982659	0.0	0.0	0.0	0.0	0.0	0.0	0.0	0.0	0.0	0.0512821	0.0253165	0.2147651	0.115942	0.172619	0.1567568	0.0225564	0.0	0.005291	0.0	0.0	0.0	0.0	0.0	0.0	0.0	0.0	0.0	0.0	
Blackpoll Warbler	0.0	0.0	0.0	0.0	0.0	0.0	0.0	0.0	0.0	0.0	0.0	0.0	0.0	0.0	0.0	0.0	0.1920152	0.4069264	0.4766355	0.3468208	0.0483871	0.0144928	0.0	0.0	0.0	0.0	0.0	0.0	0.0	0.0	0.0	0.0	0.0	0.0416667	0.1351351	0.1353383	0.1609756	0.2010582	0.0899471	0.0242424	0.0	0.0	0.0	0.0	0.0	0.0	0.0	0.0	
Bay-breasted/Blackpoll Warbler	0.0	0.0	0.0	0.0	0.0	0.0	0.0	0.0	0.0	0.0	0.0	0.0	0.0	0.0	0.0	0.0	0.0	0.0	0.0	0.0	0.0	0.0	0.0	0.0	0.0	0.0	0.0	0.0	0.0	0.0	0.0	0.0	0.0144928	0.0	0.0	0.0	0.0	0.0	0.0	0.0	0.0	0.0	0.0	0.0	0.0	0.0	0.0	0.0	
Black-throated Blue Warbler	0.0	0.0	0.0	0.0	0.0	0.0	0.0	0.0	0.0	0.0	0.0	0.0	0.0	0.0	0.0	0.0334129	0.4467681	0.2792208	0.470405	0.1213873	0.016129	0.0	0.0	0.0	0.0	0.0	0.0	0.0	0.0	0.0	0.0	0.1073826	0.115942	0.202381	0.2864865	0.2706767	0.3170732	0.2857143	0.1269841	0.0181818	0.0086207	0.0131579	0.0	0.0	0.0	0.0	0.0	0.0	
Palm Warbler	0.0	0.0	0.0	0.0	0.0	0.0	0.0	0.0	0.0	0.0	0.0	0.0	0.1992188	0.3265306	0.4291339	0.6252983	0.3136882	0.012987	0.0093458	0.0	0.0	0.0	0.0	0.0	0.0	0.0	0.0	0.0	0.0	0.0	0.0	0.0067114	0.0	0.0178571	0.0486486	0.1503759	0.3707317	0.1746032	0.2804233	0.1575758	0.0258621	0.0197368	0.0064103	0.0	0.0	0.0	0.0	0.0	
Pine Warbler	0.0	0.0	0.0	0.0	0.0	0.0	0.0	0.0	0.0	0.0	0.0	0.028	0.1992188	0.2346939	0.3307087	0.3198091	0.0722433	0.0021645	0.0015	0.0	0.0	0.0	0.0	0.0	0.0	0.0	0.0	0.0	0.0149254	0.0128205	0.0	0.0	0.0	0.0595238	0.0810811	0.0827068	0.097561	0.1693122	0.1428571	0.0181818	0.0	0.0131579	0.0064103	0.0	0.0	0.0	0.0	0.0	
Yellow-rumped Warbler	0.0452962	0.0185185	0.0294118	0.0145985	0.0526316	0.0	0.0015	0.0	0.0144928	0.0	0.0	0.004	0.0273438	0.1020408	0.4015748	0.6658711	0.7319392	0.495671	0.1464174	0.0115607	0.0	0.0	0.0	0.0	0.0	0.0	0.0	0.0	0.0	0.0	0.0	0.0	0.0	0.0	0.0015	0.0827068	0.2243902	0.3280423	0.5714286	0.3454545	0.0948276	0.0921053	0.0128205	0.0126582	0.0	0.0	0.0	0.009009	
Yellow-throated Warbler	0.0	0.0	0.0	0.0	0.0	0.0	0.0	0.0	0.0	0.0	0.0	0.0	0.0	0.0	0.0	0.0	0.0019011	0.0	0.0	0.0	0.0	0.0	0.0	0.0	0.0	0.0	0.0	0.0	0.0	0.0	0.0	0.0	0.0	0.0	0.0	0.0	0.0	0.0	0.0	0.0	0.0	0.0	0.0	0.0	0.0	0.0	0.0	0.0	
Prairie Warbler	0.0	0.0	0.0	0.0	0.0	0.0	0.0	0.0	0.0	0.0	0.0	0.0	0.0	0.0	0.0590551	0.0429594	0.2680608	0.0151515	0.0685358	0.0	0.0	0.0	0.0	0.0	0.0	0.0	0.0	0.0	0.0	0.0128205	0.0	0.0201342	0.0144928	0.0654762	0.0216216	0.0112782	0.0097561	0.005291	0.0	0.0	0.0	0.0	0.0	0.0	0.0	0.0	0.0	0.0	
Black-throated Green Warbler	0.0	0.0	0.0	0.0	0.0	0.0	0.0	0.0	0.0	0.0	0.0	0.0	0.0	0.0	0.0	0.1384248	0.4258555	0.2164502	0.2274143	0.0404624	0.0	0.0	0.0	0.0	0.0	0.0	0.0	0.0	0.0	0.0	0.0	0.033557	0.0	0.1547619	0.0810811	0.093985	0.0926829	0.0793651	0.021164	0.0121212	0.0	0.0	0.0	0.0	0.0	0.0	0.0	0.0	
Canada Warbler	0.0	0.0	0.0	0.0	0.0	0.0	0.0	0.0	0.0	0.0	0.0	0.0	0.0	0.0	0.0	0.0	0.121673	0.2619048	0.4267913	0.2427746	0.0	0.0	0.0	0.0	0.0	0.0	0.0	0.0	0.0015	0.0897436	0.2151899	0.2684564	0.1014493	0.1309524	0.0432432	0.0075188	0.0	0.0	0.0	0.0	0.0	0.0	0.0	0.0	0.0	0.0	0.0	0.0	
Wilson's Warbler	0.0	0.0	0.0	0.0	0.0	0.0	0.0	0.0	0.0	0.0	0.0	0.0	0.0	0.0	0.0	0.0	0.0779468	0.0930736	0.2741433	0.0693642	0.016129	0.0	0.0	0.0	0.0	0.0	0.0	0.0	0.0	0.0	0.0	0.0604027	0.0289855	0.1309524	0.0810811	0.0075188	0.0097561	0.021164	0.0	0.0181818	0.0	0.0	0.0	0.0	0.0	0.0	0.032967	0.0	
warbler sp. (Parulidae sp.)	0.0	0.0	0.0	0.0	0.0	0.0	0.0	0.0	0.0	0.0	0.0	0.0	0.0039063	0.0034014	0.007874	0.0119332	0.0247148	0.030303	0.0373832	0.0462428	0.016129	0.0	0.0015	0.0	0.0	0.0	0.0	0.0263158	0.0447761	0.1025641	0.0759494	0.0939597	0.0289855	0.0952381	0.0540541	0.0300752	0.0585366	0.0529101	0.0582011	0.0060606	0.0015	0.0131579	0.0128205	0.0	0.0	0.0	0.0	0.0	
Summer Tanager	0.0	0.0	0.0	0.0	0.0	0.0	0.0	0.0	0.0	0.0	0.0	0.0	0.0	0.0	0.0	0.0	0.0551331	0.0281385	0.0373832	0.0231214	0.0	0.0	0.0	0.0	0.0	0.0	0.0	0.0	0.0	0.0	0.0	0.0	0.0	0.0	0.0	0.0	0.0	0.0	0.0	0.0	0.0	0.0	0.0	0.0	0.0	0.0	0.0	0.0	
Scarlet Tanager	0.0	0.0	0.0	0.0	0.0	0.0	0.0	0.0	0.0	0.0	0.0	0.0	0.0	0.0	0.003937	0.0214797	0.2642586	0.3290043	0.3271028	0.0346821	0.0	0.0	0.0166667	0.0	0.0	0.0	0.0	0.0	0.0	0.0	0.0	0.0604027	0.057971	0.172619	0.0972973	0.0526316	0.1121951	0.0529101	0.0	0.0	0.0	0.0	0.0	0.0	0.0	0.0	0.0	0.0	
Northern Cardinal	0.3344948	0.3703704	0.3235294	0.649635	0.5657895	0.4553571	0.4495413	0.4857143	0.5362319	0.5535714	0.5245902	0.576	0.5546875	0.5068027	0.6417323	0.7422434	0.7357414	0.6406926	0.6604361	0.6589595	0.4193548	0.4927536	0.5	0.4	0.3	0.4285714	0.3157895	0.5131579	0.5522388	0.5	0.5949367	0.5503356	0.6086957	0.5119048	0.5081081	0.4699248	0.4	0.4232804	0.3915344	0.3939394	0.2844828	0.3552632	0.525641	0.4873418	0.5072464	0.362069	0.4945055	0.3783784	
Rose-breasted Grosbeak	0.0	0.0	0.0	0.0	0.0	0.0	0.0	0.0	0.0	0.0	0.0	0.0	0.0	0.0	0.0	0.1169451	0.2775665	0.1580087	0.1682243	0.0289017	0.0	0.0	0.0	0.0	0.0	0.0	0.0	0.0	0.0	0.0	0.0126582	0.0134228	0.0724638	0.2380952	0.2972973	0.1691729	0.0536585	0.0	0.015873	0.0060606	0.0	0.0	0.0	0.0	0.0	0.0	0.0	0.0	
Blue Grosbeak	0.0	0.0	0.0	0.0	0.0	0.0	0.0	0.0	0.0	0.0	0.0	0.0	0.0	0.0	0.0	0.0	0.0171103	0.0015	0.0	0.0	0.0	0.0	0.0	0.0	0.0	0.0	0.0	0.0131579	0.0	0.0	0.0	0.0	0.0144928	0.0	0.0	0.0	0.0	0.0	0.005291	0.0	0.0	0.0	0.0	0.0	0.0	0.0	0.0	0.0	
Indigo Bunting	0.0	0.0	0.0	0.0	0.0	0.0	0.0	0.0	0.0	0.0	0.0	0.0	0.0	0.0	0.003937	0.0238663	0.1653992	0.1818182	0.0560748	0.0346821	0.0	0.0	0.0	0.0	0.0	0.0	0.0	0.0	0.0	0.0128205	0.0	0.0067114	0.0	0.0297619	0.0	0.0300752	0.0536585	0.015873	0.037037	0.0	0.0	0.0	0.0	0.0	0.0	0.0	0.0	0.0	
Dickcissel	0.0	0.0	0.0	0.0	0.0	0.0	0.0	0.0	0.0	0.0	0.0	0.0	0.0	0.0	0.0	0.0	0.0	0.0	0.0	0.0	0.0	0.0	0.0	0.0	0.0	0.0	0.0	0.0	0.0	0.0	0.0	0.0	0.0	0.0	0.0	0.0864662	0.0	0.0	0.0	0.0	0.0689655	0.0197368	0.0192308	0.0	0.0	0.0	0.0	0.0	
passerine sp.	0.0034843	0.0	0.0	0.0	0.0	0.0089286	0.0183486	0.0285714	0.0434783	0.0178571	0.0	0.02	0.0117188	0.0102041	0.003937	0.0023866	0.0171103	0.0281385	0.0031153	0.0115607	0.0	0.0289855	0.0166667	0.0	0.0	0.0	0.0	0.0015	0.0149254	0.025641	0.0126582	0.0268456	0.0	0.1011905	0.0108108	0.0075188	0.0146341	0.021164	0.042328	0.0060606	0.0086207	0.0263158	0.025641	0.0063291	0.0144928	0.0	0.0	0.009009	
bird sp.	0.0	0.0	0.0	0.0	0.0	0.0089286	0.0	0.0	0.0	0.0	0.0	0.0	0.0	0.0	0.0	0.0	0.0	0.0	0.0031153	0.0	0.0	0.0	0.0	0.0	0.0	0.0	0.0	0.0	0.0	0.0	0.0	0.0	0.0	0.0	0.0	0.0	0.0	0.0	0.0	0.0	0.0	0.0	0.0	0.0	0.0	0.0	0.0	0.0	

