Sample Size:	272.0	245.0	203.0	281.0	218.0	164.0	212.0	207.0	172.0	162.0	235.0	270.0	321.0	430.0	385.0	707.0	649.0	594.0	557.0	345.0	182.0	132.0	96.0	131.0	106.0	66.0	78.0	143.0	82.0	109.0	109.0	191.0	249.0	317.0	228.0	372.0	261.0	197.0	252.0	240.0	177.0	166.0	177.0	306.0	179.0	138.0	177.0	131.0	
Snow Goose	0.0	0.0	0.0	0.0106762	0.0	0.0	0.0	0.0	0.0	0.0	0.0	0.0	0.0	0.0	0.0	0.0	0.0	0.0	0.0	0.0	0.0	0.0	0.0	0.0	0.0	0.0	0.0	0.0	0.0	0.0	0.0	0.0	0.0	0.0	0.0	0.0	0.0	0.0050761	0.0039683	0.0	0.0056497	0.0060241	0.0	0.0	0.0055866	0.1014493	0.0338983	0.0	
Brant	0.0514706	0.0408163	0.0344828	0.0640569	0.0642202	0.0182927	0.0660377	0.057971	0.0581395	0.0308642	0.0297872	0.037037	0.0373832	0.0093023	0.0363636	0.0381895	0.0431433	0.0286195	0.0233393	0.0115942	0.0	0.0	0.0	0.0	0.0	0.0	0.0128205	0.0	0.0	0.0	0.0	0.0	0.0	0.0	0.0	0.0	0.0038314	0.035533	0.0357143	0.0375	0.039548	0.0361446	0.0621469	0.0196078	0.0111732	0.0652174	0.0338983	0.1068702	
Cackling Goose	0.0	0.0	0.0	0.0	0.0	0.0	0.0	0.0	0.0	0.0	0.0	0.0	0.0	0.0	0.0	0.0	0.0	0.0	0.0	0.0	0.0	0.0	0.0	0.0	0.0	0.0	0.0	0.0	0.0	0.0	0.0	0.0	0.0	0.0	0.0	0.0	0.0	0.0	0.0	0.0	0.0	0.0	0.0	0.0	0.0	0.0015	0.0	0.0	
Canada Goose	0.4080882	0.3673469	0.364532	0.4341637	0.5	0.4268293	0.5235849	0.4009662	0.4360465	0.4320988	0.4340426	0.4814815	0.4361371	0.4069767	0.4779221	0.4384724	0.4191063	0.4191919	0.4883303	0.4115942	0.521978	0.5075758	0.46875	0.4045802	0.3584906	0.3484848	0.3333333	0.3846154	0.3170732	0.4036697	0.4036697	0.2827225	0.2690763	0.2208202	0.2149123	0.2715054	0.1954023	0.2588832	0.3174603	0.2916667	0.220339	0.2831325	0.3502825	0.3039216	0.3798883	0.5362319	0.4745763	0.4885496	
Cackling/Canada Goose	0.0	0.0040816	0.0	0.0	0.0	0.0	0.0	0.0	0.0	0.0	0.0	0.0	0.0	0.0	0.0	0.0	0.0	0.0	0.0	0.0	0.0	0.0	0.0	0.0	0.0	0.0	0.0	0.0	0.0	0.0	0.0	0.0	0.0	0.0	0.0	0.0	0.0	0.0	0.0	0.0	0.0	0.0	0.0	0.0065359	0.0	0.0144928	0.0056497	0.0	
goose sp.	0.0	0.0	0.0	0.0	0.0	0.0	0.0	0.0	0.0	0.0	0.0	0.0	0.0	0.0	0.0	0.0	0.0	0.0	0.0	0.0	0.0	0.0	0.0	0.0	0.0	0.0	0.0	0.0	0.0	0.0	0.0	0.0	0.0	0.0	0.0	0.0	0.0	0.0	0.0	0.0	0.0	0.0	0.0056497	0.003268	0.0	0.0144928	0.0169492	0.0	
Mute Swan	0.0	0.0122449	0.0147783	0.0071174	0.0	0.0	0.004717	0.0	0.0	0.0	0.0015	0.0074074	0.0031153	0.0	0.0	0.0	0.0015408	0.0016835	0.0	0.0	0.0	0.0	0.0104167	0.0076336	0.0	0.0	0.0	0.0	0.0	0.0	0.0	0.0	0.0	0.0	0.0	0.0026882	0.0038314	0.0	0.0	0.0	0.0	0.0	0.0	0.0	0.0	0.0	0.0169492	0.0	
Tundra Swan	0.0	0.0	0.0	0.0	0.0	0.0	0.0	0.0	0.0	0.0	0.0	0.0	0.0	0.0	0.0	0.0	0.0	0.0	0.0	0.0	0.0	0.0	0.0	0.0	0.0	0.0	0.0	0.0	0.0	0.0	0.0	0.0	0.0	0.0	0.0	0.0	0.0	0.0	0.0	0.0	0.0	0.0	0.0	0.003268	0.0	0.0	0.0	0.0	
swan sp.	0.0	0.0040816	0.0	0.0	0.0	0.0	0.0	0.0	0.0	0.0	0.0	0.0	0.0	0.0	0.0	0.0	0.0	0.0	0.0	0.0	0.0	0.0	0.0	0.0	0.0	0.0	0.0	0.0	0.0	0.0	0.0	0.0	0.0	0.0	0.0	0.0	0.0	0.0	0.0	0.0	0.0	0.0	0.0	0.0	0.0	0.0	0.0	0.0	
Wood Duck	0.1139706	0.1632653	0.0591133	0.1067616	0.059633	0.0365854	0.0660377	0.0386473	0.0523256	0.0864198	0.0723404	0.0666667	0.0249221	0.0186047	0.0311688	0.0155587	0.0138675	0.006734	0.0035907	0.0347826	0.043956	0.0378788	0.0104167	0.0305344	0.0566038	0.0606061	0.0769231	0.1048951	0.0365854	0.0458716	0.0275229	0.0104712	0.0120482	0.0189274	0.004386	0.0053763	0.0114943	0.0253807	0.0277778	0.025	0.0225989	0.0662651	0.1129944	0.1111111	0.1452514	0.1304348	0.1299435	0.2137405	
Northern Shoveler	0.1654412	0.1510204	0.1428571	0.2313167	0.2018349	0.2439024	0.2830189	0.2077295	0.1918605	0.2839506	0.3191489	0.3703704	0.2554517	0.2116279	0.1350649	0.019802	0.0	0.0016835	0.0	0.0	0.0054945	0.0	0.0	0.0	0.0	0.0	0.0	0.0	0.0	0.0	0.0	0.0	0.0281124	0.0126183	0.0350877	0.0376344	0.045977	0.035533	0.0793651	0.1	0.079096	0.0963855	0.180791	0.1732026	0.2905028	0.2391304	0.2259887	0.2671756	
Gadwall	0.0808824	0.044898	0.044335	0.0747331	0.0458716	0.054878	0.0801887	0.0724638	0.0406977	0.0925926	0.0212766	0.1407407	0.1121495	0.0581395	0.1506494	0.0820368	0.0785824	0.0757576	0.1095153	0.0666667	0.1043956	0.1060606	0.0416667	0.0458015	0.0566038	0.0454545	0.0512821	0.048951	0.0121951	0.0275229	0.0091743	0.0157068	0.0160643	0.044164	0.0614035	0.0591398	0.0306513	0.0761421	0.0952381	0.1208333	0.0225989	0.0481928	0.1073446	0.1111111	0.1173184	0.1231884	0.0903955	0.129771	
American Wigeon	0.0	0.0040816	0.0098522	0.0	0.0	0.0	0.0	0.0	0.0	0.0925926	0.0212766	0.0481481	0.0280374	0.0	0.0025974	0.0	0.0	0.0	0.0	0.0	0.0	0.0	0.0	0.0	0.0	0.0	0.0	0.0	0.0	0.0	0.0	0.0	0.0	0.0	0.0	0.0	0.0	0.0	0.0	0.0	0.0	0.0060241	0.0	0.003268	0.0111732	0.0015	0.0	0.0	
Mallard	0.4742647	0.4122449	0.4334975	0.4448399	0.5045872	0.4939024	0.490566	0.4589372	0.4186047	0.4197531	0.4765957	0.5333333	0.4922118	0.4744186	0.561039	0.5685997	0.5485362	0.53367	0.567325	0.5101449	0.5494505	0.5454545	0.5833333	0.5038168	0.4433962	0.4545455	0.4102564	0.4055944	0.402439	0.412844	0.440367	0.4031414	0.3895582	0.3028391	0.3684211	0.3037634	0.348659	0.4111675	0.4166667	0.4208333	0.3502825	0.3915663	0.4237288	0.5228758	0.5307263	0.4782609	0.480226	0.4656489	
Mallard (Domestic type)	0.0	0.0	0.0	0.0	0.0	0.0	0.0	0.0	0.0	0.0	0.0	0.0	0.0	0.0	0.0077922	0.0367751	0.0338983	0.030303	0.021544	0.026087	0.0	0.0	0.0	0.0	0.009434	0.0	0.0	0.0	0.0	0.0	0.0	0.0	0.0	0.0	0.0	0.0	0.0	0.0	0.0	0.0	0.0	0.0015	0.0	0.0	0.0	0.0	0.0	0.0	
American Black Duck	0.2132353	0.1632653	0.1576355	0.1779359	0.2201835	0.2743902	0.1462264	0.1352657	0.1511628	0.154321	0.0808511	0.0851852	0.0404984	0.0116279	0.012987	0.0183876	0.027735	0.010101	0.021544	0.0202899	0.0494505	0.0227273	0.0833333	0.0534351	0.0377358	0.0606061	0.0512821	0.041958	0.0609756	0.1009174	0.0550459	0.0994764	0.0321285	0.0315457	0.0482456	0.0483871	0.0344828	0.0964467	0.1428571	0.075	0.0564972	0.0783133	0.1299435	0.1078431	0.1675978	0.1594203	0.1920904	0.1908397	
Mallard x American Black Duck (hybrid)	0.0367647	0.0408163	0.0394089	0.0391459	0.0275229	0.054878	0.0330189	0.0144928	0.0174419	0.0246914	0.0212766	0.0222222	0.0124611	0.0116279	0.012987	0.009901	0.0123267	0.0050505	0.005386	0.0028986	0.0054945	0.0075758	0.0	0.0076336	0.0	0.0151515	0.0128205	0.020979	0.0	0.0183486	0.0275229	0.0104712	0.0040161	0.0015	0.0087719	0.0	0.0038314	0.0152284	0.0079365	0.0041667	0.0	0.0	0.0056497	0.0130719	0.0111732	0.0217391	0.0338983	0.0076336	
Mallard/American Black Duck	0.0	0.0	0.0	0.0	0.0	0.0	0.0	0.0	0.0	0.0	0.0	0.0	0.0	0.0	0.0	0.0	0.0	0.0	0.0	0.0	0.0	0.0	0.0	0.0	0.0	0.0	0.0	0.020979	0.0	0.0	0.0091743	0.0015	0.0015	0.0031546	0.004386	0.0026882	0.0076628	0.0	0.0	0.0	0.0	0.0	0.0112994	0.003268	0.0	0.0	0.0	0.0	
Northern Pintail	0.0882353	0.1510204	0.0837438	0.0854093	0.0550459	0.0365854	0.0424528	0.0483092	0.0523256	0.0123457	0.0297872	0.0407407	0.0249221	0.0	0.0	0.0	0.0	0.0	0.0	0.0	0.0	0.0	0.0	0.0	0.0	0.0	0.0	0.0	0.0	0.0	0.0	0.0	0.0	0.0	0.0	0.0	0.0	0.0	0.0	0.0	0.0	0.0180723	0.0677966	0.0653595	0.0949721	0.0217391	0.0338983	0.0229008	
Green-winged Teal	0.1397059	0.1632653	0.0689655	0.0427046	0.0229358	0.0	0.004717	0.0193237	0.005814	0.0432099	0.0042553	0.0888889	0.0124611	0.0162791	0.0	0.0	0.0	0.0	0.0	0.0	0.0	0.0	0.0	0.0	0.0	0.0	0.0	0.0	0.0	0.0	0.0	0.0052356	0.0	0.0094637	0.0	0.0	0.0	0.0101523	0.0	0.0	0.0	0.0	0.0	0.0	0.0055866	0.0	0.0	0.0	
dabbling duck sp.	0.0	0.0	0.0	0.0	0.0	0.0	0.0	0.0	0.0	0.0061728	0.0	0.0	0.0	0.0	0.0	0.0	0.0	0.0	0.0	0.0	0.0	0.0	0.0	0.0	0.0	0.0151515	0.0	0.0	0.0	0.0	0.0	0.0	0.0	0.0031546	0.0	0.0	0.0	0.0	0.0	0.0	0.0	0.0	0.0	0.0	0.0	0.0	0.0	0.0	
Canvasback	0.0	0.0	0.0	0.0	0.0091743	0.0121951	0.0424528	0.0	0.0	0.0	0.0	0.0015	0.0	0.0	0.0	0.0	0.0	0.0	0.0	0.0	0.0	0.0	0.0	0.0	0.0	0.0	0.0	0.0	0.0	0.0	0.0	0.0	0.0	0.0	0.0	0.0	0.0	0.0	0.0	0.0	0.0	0.0	0.0	0.0	0.0	0.0	0.0	0.0	
Ring-necked Duck	0.0	0.0	0.0	0.0035587	0.0	0.0609756	0.0	0.0	0.0	0.0185185	0.0340426	0.0037037	0.046729	0.0	0.0	0.0014144	0.0	0.0	0.0	0.0	0.0	0.0	0.0	0.0	0.0	0.0	0.0	0.0	0.0	0.0	0.0	0.0	0.0	0.0	0.0	0.0	0.0	0.0	0.0	0.0	0.0	0.0	0.0	0.0	0.0	0.0	0.0677966	0.0610687	
Greater Scaup	0.0	0.0	0.0	0.0035587	0.0	0.0	0.0	0.0	0.0	0.0	0.0	0.0015	0.0	0.0	0.0	0.0	0.0	0.0	0.0	0.0	0.0	0.0	0.0	0.0	0.0	0.0	0.0	0.0	0.0	0.0	0.0	0.0	0.0	0.0	0.0	0.0	0.0	0.0	0.0	0.0	0.0	0.0	0.0	0.0	0.0	0.0	0.0056497	0.0	
Lesser Scaup	0.0	0.0040816	0.0	0.0035587	0.0091743	0.0060976	0.0	0.0	0.0	0.0	0.0	0.0	0.0031153	0.0	0.0	0.0	0.0	0.0	0.0	0.0	0.0	0.0	0.0	0.0	0.0	0.0	0.0	0.0	0.0	0.0	0.0	0.0	0.0	0.0	0.0	0.0	0.0	0.0	0.0	0.0	0.0	0.0	0.0	0.0	0.0	0.0	0.0	0.0	
Greater/Lesser Scaup	0.0073529	0.0040816	0.0	0.0071174	0.0045872	0.0	0.004717	0.0	0.0	0.0	0.0042553	0.0	0.0	0.0	0.0	0.0	0.0	0.0	0.0	0.0	0.0	0.0	0.0	0.0	0.0	0.0	0.0	0.0	0.0	0.0	0.0	0.0	0.0	0.0	0.0	0.0	0.0	0.0	0.0	0.0	0.0	0.0	0.0	0.0	0.0	0.0015	0.0112994	0.0	
Surf Scoter	0.0	0.0	0.0	0.0	0.0	0.0	0.0	0.0	0.0	0.0	0.0	0.0	0.0	0.0	0.0	0.0	0.0	0.0	0.0	0.0	0.0	0.0	0.0	0.0076336	0.0	0.0	0.0	0.0	0.0	0.0	0.0	0.0	0.0	0.0	0.0	0.0	0.0	0.0	0.0	0.0	0.0	0.0	0.0	0.0	0.0	0.0	0.0	0.0	
White-winged Scoter	0.0	0.0	0.0	0.0	0.0	0.0	0.0	0.0	0.0	0.0	0.0	0.0	0.0	0.0	0.0	0.0	0.0	0.0	0.0	0.0	0.0	0.0	0.0	0.0	0.0	0.0	0.0	0.0	0.0	0.0	0.0	0.0	0.0	0.0	0.0	0.0	0.0	0.0	0.0	0.0	0.0	0.0	0.0	0.0	0.0	0.0	0.0	0.0076336	
Long-tailed Duck	0.0	0.0	0.0	0.0	0.0	0.0	0.0	0.0	0.0	0.0	0.0	0.0	0.0	0.0	0.0	0.0	0.0	0.0	0.0	0.0	0.0	0.0	0.0	0.0	0.0	0.0	0.0	0.0	0.0	0.0	0.0	0.0	0.0	0.0	0.0	0.0	0.0	0.0	0.0	0.0	0.0	0.0	0.0	0.0	0.0	0.0072464	0.0	0.0	
Bufflehead	0.2169118	0.1265306	0.1428571	0.1921708	0.2706422	0.3292683	0.2358491	0.1980676	0.1627907	0.154321	0.1276596	0.1444444	0.1401869	0.1348837	0.1194805	0.0749646	0.0292758	0.013468	0.0	0.0	0.0	0.0	0.0	0.0	0.0	0.0	0.0	0.0	0.0	0.0	0.0	0.0	0.0	0.0	0.0	0.0	0.0	0.0	0.0	0.0333333	0.0621469	0.126506	0.1638418	0.2026144	0.1955307	0.1666667	0.2259887	0.2824427	
Common Goldeneye	0.0	0.0122449	0.0098522	0.0035587	0.0	0.0	0.0	0.0	0.005814	0.0	0.0	0.0	0.0	0.0	0.0	0.0	0.0	0.0	0.0	0.0	0.0	0.0	0.0	0.0	0.0	0.0	0.0	0.0	0.0	0.0	0.0	0.0	0.0	0.0	0.0	0.0	0.0	0.0	0.0	0.0	0.0	0.0	0.0	0.0	0.0	0.0072464	0.0	0.0	
Hooded Merganser	0.1176471	0.1142857	0.1280788	0.1459075	0.2110092	0.2560976	0.1509434	0.0628019	0.0872093	0.1296296	0.1191489	0.0814815	0.0872274	0.0	0.0025974	0.0056577	0.0	0.0	0.0	0.0	0.0	0.0	0.0	0.0	0.0	0.0	0.0	0.0	0.0	0.0	0.0	0.0	0.0	0.0	0.0	0.0	0.0	0.0	0.0	0.0041667	0.0564972	0.1144578	0.1525424	0.1339869	0.2234637	0.1376812	0.1581921	0.2137405	
Common Merganser	0.0	0.0	0.0	0.0	0.0	0.0121951	0.0	0.0	0.0	0.0	0.0	0.0	0.0015	0.0	0.0	0.0	0.0	0.0	0.0	0.0	0.0	0.0	0.0	0.0	0.0	0.0	0.0	0.0	0.0	0.0	0.0	0.0	0.0	0.0	0.0	0.0	0.0	0.0	0.0	0.0	0.0	0.0	0.0056497	0.0	0.0	0.0	0.0	0.0	
Red-breasted Merganser	0.0514706	0.0571429	0.0492611	0.0533808	0.0366972	0.0426829	0.0518868	0.0193237	0.0406977	0.0061728	0.0085106	0.0111111	0.0155763	0.0139535	0.0025974	0.0042433	0.0	0.0	0.0	0.0	0.0	0.0	0.0	0.0	0.0	0.0	0.0	0.0	0.0	0.0	0.0	0.0	0.0	0.0	0.0	0.0	0.0	0.0	0.0	0.0	0.0	0.0060241	0.0	0.003268	0.0015	0.0434783	0.0621469	0.1068702	
Common/Red-breasted Merganser	0.0	0.0	0.0	0.0	0.0	0.0	0.0	0.0	0.0	0.0	0.0	0.0	0.0	0.0	0.0	0.0	0.0	0.0	0.0	0.0	0.0	0.0	0.0	0.0	0.0	0.0	0.0	0.0	0.0	0.0	0.0	0.0	0.0	0.0	0.0	0.0	0.0	0.0	0.0	0.0	0.0	0.0	0.0	0.0	0.0	0.0	0.0	0.0015	
Ruddy Duck	0.2279412	0.122449	0.1724138	0.2099644	0.293578	0.3414634	0.2358491	0.1690821	0.1686047	0.1851852	0.1744681	0.1814815	0.2024922	0.155814	0.0597403	0.029703	0.0323575	0.013468	0.0	0.0	0.0	0.0	0.0	0.0	0.0	0.0	0.0	0.0	0.0	0.0	0.0	0.0	0.0040161	0.0	0.0	0.0053763	0.0536398	0.0964467	0.1269841	0.15	0.1073446	0.126506	0.2033898	0.1568627	0.2067039	0.1956522	0.2372881	0.2061069	
duck sp.	0.0183824	0.0244898	0.0098522	0.0071174	0.0045872	0.0121951	0.0188679	0.0289855	0.0	0.0123457	0.0297872	0.0037037	0.0093458	0.0023256	0.0051948	0.0127298	0.0015408	0.0	0.0035907	0.0	0.0054945	0.0227273	0.0	0.0	0.0188679	0.0151515	0.025641	0.013986	0.0	0.0275229	0.0091743	0.0	0.0200803	0.0126183	0.0087719	0.0080645	0.0038314	0.0101523	0.0039683	0.0	0.0056497	0.0060241	0.0282486	0.0261438	0.0111732	0.0072464	0.0015	0.0152672	
Wild Turkey	0.0	0.0	0.0	0.0	0.0	0.0	0.0	0.0	0.0	0.0	0.0	0.0	0.0	0.0	0.0103896	0.0325318	0.0	0.0	0.0	0.0015	0.0	0.0	0.0	0.0	0.0	0.0	0.0	0.0	0.0	0.0	0.0	0.0	0.0	0.0	0.0	0.0	0.0	0.0	0.0	0.0	0.0	0.0	0.0	0.0	0.0	0.0	0.0	0.0	
Pied-billed Grebe	0.0772059	0.0571429	0.0492611	0.0640569	0.1513761	0.1585366	0.1132075	0.0676329	0.0813953	0.0493827	0.0468085	0.0666667	0.0623053	0.0395349	0.0441558	0.0	0.0	0.0	0.0	0.0	0.0	0.0	0.0	0.0	0.0	0.0	0.0	0.0	0.0	0.0	0.0	0.0	0.0	0.0	0.0	0.0053763	0.0153257	0.035533	0.0357143	0.0208333	0.0225989	0.0240964	0.0621469	0.0653595	0.1284916	0.115942	0.0734463	0.0534351	
Horned Grebe	0.0	0.0	0.0	0.0	0.0	0.0	0.0	0.0	0.0	0.0	0.0	0.0037037	0.0031153	0.0	0.0	0.0	0.0	0.0	0.0	0.0	0.1318681	0.0757576	0.0	0.0	0.0	0.0	0.0	0.0	0.0	0.0	0.0	0.0	0.0	0.0	0.0	0.0	0.0	0.0	0.0	0.0	0.0	0.0	0.0	0.0	0.0	0.0	0.0056497	0.0	
Red-necked Grebe	0.0	0.0	0.0	0.0	0.0	0.0	0.0	0.0	0.0	0.0	0.0	0.0	0.0	0.0015	0.0	0.0	0.0	0.0	0.0	0.0	0.0	0.0	0.0	0.0	0.0	0.0	0.0	0.0	0.0	0.0	0.0	0.0	0.0	0.0	0.0	0.0	0.0	0.0	0.0	0.0	0.0	0.0	0.0	0.0	0.0	0.0	0.0	0.0	
Rock Pigeon	0.6066176	0.522449	0.4876847	0.5231317	0.4357798	0.4207317	0.5330189	0.5217391	0.4883721	0.4876543	0.387234	0.5074074	0.5077882	0.5674419	0.5142857	0.5459689	0.5808937	0.5909091	0.5996409	0.5275362	0.6043956	0.5833333	0.625	0.6335878	0.5377358	0.5454545	0.6025641	0.6433566	0.5487805	0.7706422	0.5412844	0.5497382	0.5783133	0.5930599	0.6359649	0.516129	0.6091954	0.5736041	0.515873	0.4708333	0.4576271	0.4578313	0.440678	0.4215686	0.5418994	0.5652174	0.6440678	0.4885496	
Mourning Dove	0.3382353	0.2244898	0.2118227	0.2562278	0.0963303	0.195122	0.2735849	0.2801932	0.3081395	0.3333333	0.306383	0.362963	0.3707165	0.4813953	0.5766234	0.5855728	0.6163328	0.5319865	0.6193896	0.542029	0.521978	0.530303	0.4791667	0.5801527	0.4622642	0.4848485	0.4487179	0.5174825	0.5731707	0.6238532	0.6238532	0.6858639	0.6305221	0.5930599	0.6008772	0.5080645	0.5363985	0.4771574	0.5198413	0.4666667	0.4463277	0.3674699	0.3333333	0.4509804	0.5027933	0.4130435	0.4011299	0.3587786	
pigeon/dove sp.	0.0	0.0	0.0	0.0	0.0	0.0	0.0	0.0	0.0	0.0	0.0	0.0	0.0	0.0	0.0	0.0	0.0	0.0	0.0	0.0	0.0	0.0	0.0	0.0	0.0	0.0	0.0	0.0	0.0	0.0	0.0091743	0.0	0.0	0.0	0.0	0.0	0.0	0.0	0.0	0.0	0.0	0.0	0.0	0.0	0.0	0.0	0.0	0.0	
Yellow-billed Cuckoo	0.0	0.0	0.0	0.0	0.0	0.0	0.0	0.0	0.0	0.0	0.0	0.0	0.0	0.0	0.0	0.0028289	0.0061633	0.0151515	0.048474	0.0144928	0.021978	0.0151515	0.0	0.0152672	0.0	0.0	0.0	0.0	0.0	0.0	0.0091743	0.0	0.0	0.0094637	0.0219298	0.0	0.0	0.0	0.0039683	0.0	0.0015	0.0	0.0	0.0	0.0	0.0	0.0	0.0	
Black-billed Cuckoo	0.0	0.0	0.0	0.0	0.0	0.0	0.0	0.0	0.0	0.0	0.0	0.0	0.0	0.0	0.0	0.0	0.0169492	0.0016835	0.0448833	0.0	0.0164835	0.0	0.0	0.0	0.0	0.0151515	0.0	0.0	0.0	0.0	0.0	0.0052356	0.0	0.0	0.004386	0.0026882	0.0076628	0.0	0.0	0.0	0.0	0.0	0.0	0.0	0.0	0.0	0.0	0.0	
Yellow-billed/Black-billed Cuckoo	0.0	0.0	0.0	0.0	0.0	0.0	0.0	0.0	0.0	0.0	0.0	0.0	0.0	0.0	0.0	0.0	0.0	0.0	0.0	0.0	0.0054945	0.0	0.0104167	0.0	0.0	0.0	0.0	0.0	0.0	0.0	0.0	0.0	0.0	0.0	0.0	0.0026882	0.0	0.0	0.0	0.0	0.0	0.0	0.0	0.0	0.0	0.0	0.0	0.0	
Common Nighthawk	0.0	0.0	0.0	0.0	0.0	0.0	0.0	0.0	0.0	0.0	0.0	0.0	0.0	0.0	0.0	0.0	0.0	0.0622896	0.0017953	0.0	0.0015	0.0015	0.0	0.0	0.0	0.0	0.0	0.0	0.0	0.0091743	0.0	0.0015	0.0040161	0.0283912	0.0350877	0.0015	0.0	0.0	0.0	0.0	0.0	0.0	0.0	0.0	0.0	0.0	0.0	0.0	
Chimney Swift	0.0	0.0	0.0	0.0	0.0	0.0	0.0	0.0	0.0	0.0	0.0	0.0	0.0	0.0	0.0	0.1202263	0.2696456	0.3047138	0.4739677	0.4057971	0.4395604	0.4166667	0.3645833	0.389313	0.2358491	0.1515152	0.2435897	0.2867133	0.3658537	0.3577982	0.3577982	0.2774869	0.2771084	0.2870662	0.2982456	0.2526882	0.2490421	0.1116751	0.015873	0.0	0.0	0.0	0.0	0.0	0.0	0.0	0.0	0.0	
Ruby-throated Hummingbird	0.0	0.0	0.0	0.0	0.0	0.0	0.0	0.0	0.0	0.0	0.0	0.0	0.0	0.0	0.0	0.009901	0.009245	0.030303	0.0718133	0.0144928	0.0054945	0.0075758	0.0	0.0	0.0	0.0	0.0128205	0.013986	0.0121951	0.0366972	0.0825688	0.1465969	0.2449799	0.2712934	0.25	0.0430108	0.0153257	0.0015	0.0	0.0	0.0	0.0	0.0	0.0	0.0	0.0	0.0	0.0	
Virginia Rail	0.0	0.0	0.0	0.0	0.0	0.0	0.0	0.0	0.0	0.0	0.0	0.0	0.0	0.0	0.0	0.0	0.0	0.0	0.0	0.0	0.0	0.0	0.0	0.0	0.0	0.0	0.0	0.0	0.0	0.0	0.0	0.0	0.0	0.0	0.0015	0.0	0.0	0.0	0.0	0.0	0.0	0.0060241	0.0	0.0947712	0.0	0.0	0.0	0.0	
American Coot	0.2536765	0.2489796	0.1970443	0.2135231	0.2889908	0.3231707	0.2311321	0.1932367	0.1976744	0.1975309	0.1489362	0.1962963	0.1370717	0.1023256	0.0285714	0.0876945	0.0046225	0.0	0.0	0.0	0.0	0.0	0.0	0.0	0.0	0.0	0.0	0.0	0.0	0.0	0.0	0.0	0.0	0.0	0.0	0.0	0.0114943	0.0406091	0.0595238	0.0916667	0.0564972	0.1566265	0.1694915	0.1470588	0.2513966	0.1521739	0.1468927	0.1450382	
Sandhill Crane	0.0015	0.0	0.0	0.0	0.0	0.0	0.0	0.0	0.0	0.0	0.0	0.0	0.0	0.0	0.0	0.0	0.0	0.0	0.0	0.0	0.0	0.0	0.0	0.0	0.0	0.0	0.0	0.0	0.0	0.0	0.0	0.0	0.0	0.0	0.0	0.0	0.0	0.0	0.0	0.0	0.0	0.0	0.0	0.0	0.0	0.0015	0.0	0.0	
American Oystercatcher	0.0	0.0	0.0	0.0	0.0	0.0	0.0	0.0	0.0	0.0	0.0	0.0	0.0031153	0.0	0.0	0.0	0.0	0.0	0.0	0.0	0.0	0.0075758	0.0104167	0.0	0.0	0.0151515	0.0	0.0	0.0	0.0	0.0	0.0	0.0	0.0	0.0	0.0	0.0	0.0	0.0	0.0	0.0	0.0	0.0	0.0	0.0	0.0	0.0	0.0	
Black-bellied Plover	0.0	0.0	0.0	0.0	0.0	0.0	0.0	0.0	0.0	0.0	0.0	0.0	0.0	0.0	0.0	0.0	0.0	0.0	0.0	0.0028986	0.0	0.0	0.0	0.0	0.0	0.0	0.0	0.0	0.0	0.0	0.0	0.0	0.0	0.0	0.0	0.0	0.0	0.0	0.0	0.0	0.0	0.0	0.0	0.0	0.0	0.0	0.0	0.0	
Semipalmated Plover	0.0	0.0	0.0	0.0	0.0	0.0	0.0	0.0	0.0	0.0	0.0	0.0	0.0	0.0	0.0	0.0014144	0.0	0.0	0.0	0.0	0.0054945	0.0	0.0	0.0	0.0	0.0	0.0	0.0	0.0	0.0275229	0.0366972	0.0052356	0.0	0.0	0.0	0.0	0.0	0.0	0.0	0.0	0.0	0.0	0.0	0.0	0.0	0.0	0.0	0.0	
Killdeer	0.0	0.0	0.0	0.0	0.0	0.0	0.004717	0.0386473	0.0406977	0.0	0.0042553	0.0111111	0.0124611	0.0069767	0.0103896	0.0113154	0.0231125	0.0050505	0.021544	0.0318841	0.0384615	0.0530303	0.09375	0.0763359	0.0566038	0.0757576	0.0512821	0.034965	0.0731707	0.1192661	0.0825688	0.0837696	0.0160643	0.0126183	0.0	0.016129	0.0038314	0.0456853	0.0079365	0.0375	0.0056497	0.0180723	0.0	0.0	0.0	0.0072464	0.0112994	0.0	
Purple Sandpiper	0.0	0.0040816	0.0	0.0	0.0	0.0	0.0	0.0	0.0	0.0	0.0	0.0	0.0062305	0.0015	0.0051948	0.009901	0.0030817	0.0117845	0.0017953	0.0	0.0	0.0	0.0	0.0	0.0	0.0	0.0	0.0	0.0	0.0	0.0	0.0	0.0	0.0	0.0	0.0	0.0	0.0	0.0	0.0	0.0	0.0	0.0	0.0	0.0	0.0	0.0	0.0	
Least Sandpiper	0.0	0.0	0.0	0.0	0.0	0.0	0.0	0.0	0.0	0.0	0.0	0.0	0.0	0.0	0.0025974	0.0042433	0.0246533	0.0050505	0.0143627	0.0086957	0.0	0.0	0.0	0.0	0.0	0.0151515	0.025641	0.041958	0.0487805	0.0642202	0.1192661	0.1099476	0.0040161	0.0	0.0	0.0	0.0	0.0	0.0	0.0	0.0	0.0	0.0	0.0	0.0	0.0	0.0	0.0	
Semipalmated Sandpiper	0.0	0.0	0.0	0.0	0.0	0.0	0.0	0.0	0.0	0.0	0.0	0.0	0.0	0.0	0.0	0.0014144	0.0015408	0.0	0.0071813	0.0028986	0.010989	0.0	0.0	0.0	0.0	0.0151515	0.0015	0.027972	0.0365854	0.0458716	0.1009174	0.0732984	0.0040161	0.0031546	0.0	0.0	0.0	0.0	0.0	0.0	0.0	0.0	0.0	0.0	0.0	0.0	0.0	0.0	
peep sp.	0.0	0.0	0.0	0.0	0.0	0.0	0.0	0.0	0.0	0.0	0.0	0.0	0.0	0.0	0.0	0.0028289	0.0030817	0.0	0.0017953	0.0	0.0	0.0	0.0	0.0	0.0	0.0	0.0128205	0.013986	0.0	0.0183486	0.0183486	0.0104712	0.0	0.0031546	0.0	0.0	0.0	0.0	0.0	0.0	0.0	0.0	0.0	0.0	0.0	0.0	0.0	0.0	
Short-billed/Long-billed Dowitcher	0.0	0.0	0.0	0.0	0.0	0.0	0.0	0.0	0.0	0.0	0.0	0.0	0.0	0.0	0.0	0.0	0.0	0.0	0.0	0.0	0.0	0.0	0.0	0.0	0.0	0.0	0.0	0.006993	0.0	0.0	0.0	0.0	0.0	0.0	0.0	0.0	0.0	0.0	0.0	0.0	0.0	0.0	0.0	0.0	0.0	0.0	0.0	0.0	
American Woodcock	0.0404412	0.0040816	0.0	0.0	0.0	0.0060976	0.0015	0.0048309	0.0	0.037037	0.3787234	0.0222222	0.0342679	0.0116279	0.0103896	0.0028289	0.0	0.0	0.0	0.0	0.0054945	0.0	0.0	0.0	0.0	0.0	0.0	0.0	0.0	0.0	0.0	0.0	0.0	0.0	0.0	0.0	0.0	0.0	0.0	0.0083333	0.0169492	0.0015	0.0	0.003268	0.0055866	0.0072464	0.0338983	0.0015	
Wilson's Snipe	0.0	0.0	0.0	0.0	0.0	0.0	0.0	0.0	0.0	0.0	0.187234	0.0037037	0.0031153	0.0015	0.0051948	0.0028289	0.0	0.0	0.0	0.0	0.0	0.0	0.0	0.0	0.0	0.0	0.0	0.0	0.0	0.0	0.0	0.0	0.0	0.0	0.0	0.0	0.0	0.0050761	0.0	0.0	0.0	0.0	0.0	0.0	0.0	0.0	0.0	0.0	
Red Phalarope	0.0	0.0	0.0	0.0	0.0	0.0	0.0	0.0	0.0	0.0	0.0	0.0	0.0	0.0	0.0	0.0014144	0.0	0.0	0.0	0.0	0.0	0.0	0.0	0.0	0.0	0.0	0.0	0.0	0.0	0.0	0.0	0.0	0.0	0.0	0.0	0.0	0.0	0.0	0.0	0.0	0.0	0.0	0.0	0.0	0.0	0.0	0.0	0.0	
Spotted Sandpiper	0.0	0.0	0.0	0.0	0.0	0.0	0.0	0.0	0.0	0.0	0.0	0.0	0.0	0.0015	0.0025974	0.0664781	0.0431433	0.030303	0.0341113	0.0144928	0.010989	0.0	0.0	0.0015	0.0566038	0.0454545	0.0512821	0.0629371	0.0	0.0642202	0.0825688	0.026178	0.0401606	0.0094637	0.0087719	0.0053763	0.0038314	0.0050761	0.0	0.0	0.0	0.0	0.0	0.0	0.0	0.0	0.0	0.0	
Solitary Sandpiper	0.0	0.0	0.0	0.0	0.0	0.0	0.0	0.0	0.0	0.0	0.0	0.0	0.0	0.0	0.0	0.029703	0.0138675	0.003367	0.0017953	0.0	0.0	0.0	0.0	0.0	0.0	0.0	0.0	0.013986	0.0	0.0	0.0	0.0314136	0.0281124	0.0015	0.0	0.0	0.0	0.0	0.0	0.0	0.0	0.0	0.0	0.0	0.0	0.0	0.0	0.0	
Greater Yellowlegs	0.0	0.0	0.0	0.0	0.0	0.0	0.0	0.0	0.0	0.0	0.0	0.0	0.0	0.0	0.0	0.0042433	0.0015408	0.0	0.0	0.0	0.0	0.0	0.0	0.0	0.0	0.0	0.0	0.034965	0.0487805	0.0091743	0.0	0.0	0.0	0.0031546	0.0	0.0015	0.0	0.0	0.0	0.0	0.0	0.0	0.0	0.0	0.0	0.0	0.0	0.0	
Lesser Yellowlegs	0.0	0.0	0.0	0.0	0.0	0.0	0.0	0.0	0.0	0.0	0.0	0.0	0.0	0.0	0.0	0.0	0.0	0.0	0.0	0.0	0.0	0.0	0.0	0.0	0.0	0.0	0.0	0.0	0.0	0.0	0.0	0.0157068	0.0	0.0	0.0	0.0	0.0	0.0	0.0	0.0	0.0	0.0	0.0	0.0	0.0	0.0	0.0	0.0	
Greater/Lesser Yellowlegs	0.0	0.0	0.0	0.0	0.0	0.0	0.0	0.0	0.0	0.0	0.0	0.0	0.0	0.0	0.0	0.0	0.0	0.0	0.0	0.0	0.0	0.0	0.0	0.0	0.0	0.0	0.0	0.0	0.0	0.0	0.0091743	0.0104712	0.0040161	0.0	0.0	0.0	0.0	0.0	0.0	0.0	0.0	0.0	0.0	0.0	0.0	0.0	0.0	0.0	
shorebird sp.	0.0	0.0	0.0	0.0	0.0	0.0	0.0	0.0	0.0	0.0	0.0	0.0	0.0	0.0	0.0	0.0	0.0	0.0016835	0.0	0.0	0.0054945	0.0	0.0	0.0	0.0	0.0151515	0.0	0.020979	0.0	0.0275229	0.0	0.0	0.0	0.0	0.0	0.0026882	0.0038314	0.0	0.0	0.0	0.0	0.0	0.0	0.0	0.0	0.0	0.0	0.0	
Bonaparte's Gull	0.0	0.0	0.0049261	0.0	0.0	0.0	0.0	0.0048309	0.0	0.0	0.0	0.0	0.0	0.0	0.0	0.0	0.0	0.0	0.0	0.0	0.0	0.0	0.0	0.0	0.0	0.0	0.0	0.0	0.0	0.0	0.0	0.0	0.0	0.0	0.0	0.0	0.0	0.0	0.0	0.0	0.0056497	0.0015	0.0	0.0	0.0	0.0	0.0	0.0	
Laughing Gull	0.0	0.0	0.0	0.0	0.0	0.0	0.0	0.0	0.0	0.0	0.0	0.0	0.0	0.0046512	0.0103896	0.019802	0.03698	0.023569	0.0359066	0.0289855	0.0549451	0.0378788	0.1354167	0.0763359	0.0566038	0.1515152	0.1923077	0.1818182	0.097561	0.1559633	0.0642202	0.0942408	0.0763052	0.0378549	0.0614035	0.0510753	0.0421456	0.0609137	0.0396825	0.0458333	0.0169492	0.0240964	0.0169492	0.003268	0.0	0.0	0.0	0.0	
Ring-billed Gull	0.3492647	0.2408163	0.2610837	0.2811388	0.3669725	0.3780488	0.3915094	0.352657	0.2616279	0.2283951	0.2382979	0.2444444	0.152648	0.1627907	0.1688312	0.1230552	0.1248074	0.0925926	0.0915619	0.0666667	0.0989011	0.1515152	0.1354167	0.1374046	0.1037736	0.1666667	0.2435897	0.3006993	0.2560976	0.4954128	0.3211009	0.2879581	0.2008032	0.1230284	0.1798246	0.1935484	0.2183908	0.2639594	0.3134921	0.3041667	0.2033898	0.2108434	0.2485876	0.2091503	0.2569832	0.4637681	0.3785311	0.4656489	
Herring Gull	0.3014706	0.2204082	0.1625616	0.2170819	0.2477064	0.2621951	0.2971698	0.2657005	0.1918605	0.1296296	0.1574468	0.1703704	0.1588785	0.2116279	0.2	0.165488	0.1771957	0.1683502	0.2226212	0.1855072	0.3076923	0.3181818	0.375	0.3053435	0.3867925	0.3636364	0.4102564	0.3496503	0.3170732	0.5229358	0.3761468	0.3926702	0.2369478	0.2618297	0.3114035	0.2795699	0.3295019	0.3908629	0.3412698	0.4083333	0.2542373	0.2048193	0.259887	0.2222222	0.2569832	0.3550725	0.3276836	0.3435115	
Iceland Gull	0.0036765	0.0	0.0	0.0	0.0	0.0	0.0	0.0	0.0	0.0	0.0	0.0	0.0	0.0	0.0	0.0	0.0	0.0	0.0	0.0	0.0	0.0	0.0	0.0	0.0	0.0	0.0	0.0	0.0	0.0	0.0	0.0	0.0	0.0	0.0	0.0	0.0	0.0	0.0	0.0	0.0	0.0015	0.0	0.0	0.0	0.0	0.0	0.0	
Lesser Black-backed Gull	0.0073529	0.0	0.0	0.0	0.0	0.0	0.0	0.0	0.0	0.0	0.0	0.0	0.0	0.0	0.0	0.0	0.0	0.0	0.0	0.0	0.0	0.0	0.0	0.0	0.0	0.0	0.0	0.0	0.0	0.0	0.0	0.0	0.0	0.0	0.0	0.0	0.0	0.0	0.0	0.0	0.0	0.0	0.0	0.0	0.0	0.0	0.0	0.0	
Glaucous Gull	0.0	0.0	0.0	0.0	0.0	0.0060976	0.009434	0.0015	0.0	0.0	0.0015	0.0	0.0	0.0232558	0.0	0.0	0.0015408	0.0	0.0	0.0	0.0	0.0	0.0	0.0	0.0	0.0	0.0	0.0	0.0	0.0	0.0	0.0	0.0	0.0	0.0	0.0	0.0	0.0	0.0	0.0	0.0	0.0	0.0	0.0	0.0	0.0	0.0	0.0	
Great Black-backed Gull	0.25	0.1877551	0.1773399	0.2064057	0.2431193	0.3231707	0.2688679	0.2753623	0.1744186	0.1111111	0.1404255	0.1296296	0.1433022	0.1744186	0.1506494	0.1301273	0.1063174	0.1144781	0.1274686	0.1304348	0.2472527	0.2348485	0.3020833	0.2137405	0.2264151	0.2878788	0.2435897	0.2307692	0.1707317	0.3302752	0.2110092	0.2198953	0.1606426	0.1198738	0.1535088	0.1505376	0.164751	0.2081218	0.202381	0.2583333	0.1977401	0.1807229	0.1977401	0.1568627	0.1955307	0.2826087	0.3163842	0.3053435	
Larus sp.	0.0073529	0.0	0.0	0.0	0.0	0.0	0.0	0.0	0.0	0.0	0.0	0.0	0.0	0.0046512	0.0025974	0.0	0.0	0.0	0.0	0.0028986	0.0054945	0.0	0.0	0.0	0.0	0.0151515	0.0	0.0	0.0243902	0.0091743	0.0091743	0.0052356	0.0	0.0063091	0.0087719	0.0	0.0076628	0.0152284	0.0039683	0.0041667	0.0	0.0060241	0.0056497	0.0163399	0.0055866	0.0289855	0.039548	0.0610687	
gull sp.	0.1654412	0.1306122	0.1280788	0.0996441	0.1009174	0.1097561	0.1132075	0.1256039	0.0930233	0.0925926	0.0765957	0.0962963	0.0747664	0.0790698	0.0805195	0.0622348	0.0523883	0.040404	0.02693	0.0666667	0.0494505	0.0378788	0.03125	0.0763359	0.0660377	0.0909091	0.0	0.027972	0.0609756	0.0366972	0.0275229	0.0471204	0.0883534	0.0788644	0.122807	0.0672043	0.0727969	0.1116751	0.0952381	0.0708333	0.1638418	0.0843373	0.1016949	0.0849673	0.1173184	0.1086957	0.1694915	0.1450382	
Common Tern	0.0	0.0	0.0	0.0	0.0	0.0	0.0	0.0	0.0	0.0	0.0	0.0	0.0	0.0	0.0	0.0014144	0.0	0.003367	0.016158	0.0289855	0.0549451	0.0530303	0.1041667	0.0916031	0.0471698	0.1666667	0.1410256	0.0909091	0.0731707	0.1100917	0.0275229	0.0366492	0.0160643	0.0126183	0.004386	0.0	0.0	0.0	0.0	0.0	0.0	0.0	0.0	0.0	0.0	0.0	0.0	0.0	
Forster's Tern	0.0	0.0	0.0	0.0	0.0	0.0	0.0	0.0	0.0	0.0	0.0	0.0	0.0	0.0	0.0	0.0	0.0	0.0	0.0	0.0	0.0	0.0	0.0	0.0	0.0	0.0	0.0	0.0	0.0	0.0	0.0	0.0	0.0	0.0	0.0087719	0.0	0.0	0.0	0.0	0.0	0.0	0.0	0.0	0.0	0.0	0.0	0.0	0.0	
Common/Forster's Tern	0.0	0.0	0.0	0.0	0.0	0.0	0.0	0.0	0.0	0.0	0.0	0.0	0.0	0.0	0.0	0.0	0.0	0.0	0.0	0.0	0.0	0.0	0.0	0.0	0.0	0.0	0.0	0.0	0.0	0.0	0.0	0.0	0.0	0.0	0.004386	0.0	0.0	0.0	0.0	0.0	0.0	0.0	0.0	0.0	0.0	0.0	0.0	0.0	
Black Skimmer	0.0	0.0	0.0	0.0	0.0	0.0	0.0	0.0	0.0	0.0	0.0	0.0	0.0	0.0	0.0	0.0	0.0	0.0	0.0	0.0	0.0054945	0.0075758	0.0104167	0.0	0.0	0.0	0.0	0.0	0.0	0.0	0.0	0.0	0.0	0.0	0.0	0.0	0.0	0.0	0.0	0.0	0.0	0.0	0.0	0.0	0.0	0.0	0.0	0.0	
Red-throated Loon	0.0	0.0040816	0.0	0.0035587	0.0137615	0.0182927	0.009434	0.0096618	0.0	0.0	0.012766	0.0111111	0.0062305	0.0046512	0.0077922	0.0084866	0.0154083	0.0050505	0.0071813	0.0202899	0.021978	0.0	0.0	0.0	0.0	0.0	0.0	0.0	0.0	0.0	0.0	0.0	0.0	0.0	0.0	0.0	0.0	0.0	0.0	0.0	0.0056497	0.0	0.0	0.0	0.0	0.0	0.0338983	0.0305344	
Common Loon	0.0	0.0	0.0098522	0.0106762	0.0045872	0.0853659	0.1037736	0.0821256	0.0348837	0.0061728	0.0382979	0.0592593	0.0654206	0.0627907	0.0571429	0.0056577	0.0030817	0.0084175	0.0017953	0.0	0.0	0.0	0.0	0.0	0.0	0.0	0.0	0.0	0.0	0.0	0.0	0.0	0.0	0.0031546	0.0087719	0.0	0.0038314	0.0	0.0039683	0.0	0.0	0.0060241	0.0056497	0.0	0.0055866	0.0	0.0	0.0152672	
loon sp.	0.0	0.0	0.0	0.0035587	0.0	0.0	0.0	0.0048309	0.0	0.0	0.0042553	0.0	0.0062305	0.0	0.0	0.0	0.0	0.0	0.0	0.0	0.0	0.0	0.0	0.0	0.0	0.0	0.0	0.0	0.0	0.0	0.0	0.0	0.0	0.0	0.0	0.0	0.0038314	0.0	0.0	0.0	0.0	0.0	0.0	0.0	0.0	0.0	0.0	0.0	
Great Cormorant	0.0294118	0.0285714	0.0295567	0.0142349	0.0045872	0.0243902	0.0188679	0.0241546	0.0	0.0	0.012766	0.0074074	0.0093458	0.0023256	0.0	0.0028289	0.0	0.0	0.0	0.0	0.0	0.0	0.0	0.0	0.0	0.0	0.0	0.0	0.0	0.0	0.0	0.0	0.0	0.0	0.0	0.0	0.0	0.0101523	0.0	0.0083333	0.0	0.0	0.0056497	0.003268	0.0055866	0.0072464	0.0056497	0.0687023	
Double-crested Cormorant	0.0735294	0.1469388	0.0837438	0.0925267	0.0733945	0.097561	0.1320755	0.0628019	0.0406977	0.0740741	0.0893617	0.2592593	0.3364486	0.3581395	0.4675325	0.4115983	0.385208	0.3888889	0.4344704	0.3652174	0.4615385	0.4924242	0.4791667	0.4274809	0.4433962	0.4090909	0.3589744	0.4125874	0.3414634	0.4678899	0.3119266	0.2827225	0.1767068	0.1577287	0.127193	0.172043	0.2298851	0.2588832	0.25	0.2666667	0.1751412	0.0843373	0.0564972	0.0261438	0.0446927	0.1014493	0.1299435	0.1755725	
Great/Double-crested Cormorant	0.0	0.0040816	0.0	0.0	0.0	0.0	0.0	0.0	0.0	0.0	0.0	0.0	0.0	0.0	0.0	0.0	0.0	0.0	0.0	0.0	0.0	0.0	0.0	0.0	0.0	0.0	0.0	0.0	0.0	0.0	0.0	0.0	0.0	0.0	0.0	0.0	0.0	0.0	0.0	0.0	0.0	0.0	0.0	0.0	0.0	0.0	0.0	0.0	
cormorant sp.	0.0147059	0.0081633	0.0098522	0.0071174	0.0	0.0	0.0235849	0.0	0.0	0.0061728	0.0042553	0.0	0.0031153	0.0116279	0.0077922	0.0	0.0	0.0	0.0	0.0	0.0	0.0	0.0	0.0	0.0	0.0	0.0	0.0	0.0	0.0	0.0	0.0	0.0040161	0.0	0.0	0.0	0.0	0.0	0.0	0.0015	0.0056497	0.0	0.0112994	0.0	0.0	0.0	0.0112994	0.0381679	
American Bittern	0.0	0.0	0.0	0.0	0.0	0.0	0.0	0.0	0.0	0.0	0.0	0.0	0.0	0.0	0.0	0.0	0.0261941	0.0	0.0	0.0	0.0	0.0	0.0	0.0	0.0	0.0	0.0	0.0	0.0	0.0	0.0	0.0	0.0	0.0	0.0	0.0	0.0	0.0	0.0	0.0	0.0	0.0	0.0	0.0	0.0	0.0	0.0	0.0	
Least Bittern	0.0	0.0	0.0	0.0	0.0	0.0	0.0	0.0	0.0	0.0	0.0	0.0	0.0	0.0	0.0	0.0763791	0.0	0.0	0.0	0.0	0.0	0.0	0.0	0.0	0.0	0.0	0.0	0.0	0.0	0.0	0.0	0.0	0.0	0.0	0.0	0.0	0.0	0.0	0.0	0.0	0.0	0.0	0.0	0.0	0.0	0.0	0.0	0.0	
Great Blue Heron	0.0257353	0.0285714	0.0344828	0.0462633	0.0229358	0.0060976	0.0235849	0.0531401	0.0406977	0.037037	0.0255319	0.0444444	0.0373832	0.0046512	0.0103896	0.0042433	0.0030817	0.0050505	0.0	0.0173913	0.021978	0.0151515	0.0104167	0.0381679	0.0	0.030303	0.025641	0.048951	0.0487805	0.0642202	0.0550459	0.0314136	0.064257	0.0283912	0.0219298	0.0403226	0.0153257	0.071066	0.0396825	0.0083333	0.039548	0.0662651	0.0677966	0.1405229	0.1340782	0.1376812	0.1016949	0.1374046	
Great Egret	0.0	0.0	0.0	0.0	0.0	0.0	0.0	0.0	0.0	0.0	0.0042553	0.0222222	0.1183801	0.0325581	0.1558442	0.2263083	0.1864407	0.2306397	0.2262118	0.2086957	0.1483516	0.1893939	0.1458333	0.1679389	0.2358491	0.1515152	0.2692308	0.2097902	0.1463415	0.1284404	0.1926606	0.0471204	0.064257	0.0315457	0.0219298	0.0268817	0.0114943	0.0253807	0.015873	0.0083333	0.0169492	0.0	0.0	0.0	0.0	0.0	0.0	0.0	
Snowy Egret	0.0	0.0	0.0	0.0	0.0	0.0	0.0	0.0	0.0	0.0	0.0	0.0	0.0	0.0046512	0.0051948	0.019802	0.0123267	0.0218855	0.0197487	0.0231884	0.0164835	0.0530303	0.03125	0.0305344	0.0377358	0.030303	0.025641	0.020979	0.0	0.0091743	0.0	0.0052356	0.0	0.0	0.0	0.0053763	0.0	0.0	0.0	0.0	0.0	0.0	0.0	0.0	0.0	0.0	0.0	0.0	
Cattle Egret	0.0	0.0	0.0	0.0	0.0	0.0	0.0	0.0	0.0	0.0	0.0	0.0	0.0031153	0.1255814	0.0519481	0.0084866	0.0077042	0.0050505	0.0	0.0	0.0	0.0	0.0	0.0	0.0	0.0	0.0	0.0	0.0	0.0	0.0	0.0	0.0	0.0	0.0	0.0	0.0	0.0	0.0	0.0	0.0	0.0	0.0	0.0	0.0	0.0	0.0	0.0	
white egret sp.	0.0	0.0	0.0	0.0	0.0	0.0	0.0	0.0	0.0	0.0	0.0	0.0	0.0	0.0	0.0	0.0	0.0	0.0	0.0	0.0	0.0	0.0075758	0.0	0.0	0.0	0.0	0.0	0.0	0.0	0.0	0.0	0.0	0.0	0.0	0.0	0.0	0.0	0.0	0.0	0.0	0.0	0.0	0.0	0.0	0.0	0.0	0.0	0.0	
Green Heron	0.0	0.0	0.0	0.0	0.0	0.0	0.0	0.0	0.0	0.0	0.0	0.0	0.0	0.0	0.012987	0.0622348	0.0231125	0.016835	0.0071813	0.0	0.0054945	0.0	0.0104167	0.0	0.009434	0.0	0.0	0.0	0.0243902	0.0	0.0	0.0052356	0.0080321	0.0	0.0	0.0053763	0.0	0.0	0.0	0.0	0.0	0.0	0.0	0.0	0.0	0.0	0.0	0.0	
Black-crowned Night-Heron	0.0110294	0.0081633	0.0049261	0.0106762	0.0	0.0015	0.0141509	0.0	0.0	0.0061728	0.0015	0.062963	0.1464174	0.1534884	0.0909091	0.0947666	0.0662558	0.1279461	0.1615799	0.1884058	0.1428571	0.1439394	0.09375	0.0839695	0.1132075	0.1363636	0.1153846	0.0699301	0.0487805	0.1100917	0.1009174	0.0209424	0.0522088	0.0347003	0.0350877	0.016129	0.0076628	0.0203046	0.0079365	0.0083333	0.0282486	0.0	0.0	0.0098039	0.0055866	0.0072464	0.0	0.0	
Yellow-crowned Night-Heron	0.0	0.0	0.0	0.0	0.0	0.0	0.0	0.0	0.0	0.0	0.0	0.0	0.0	0.0	0.0	0.0	0.0	0.0	0.0	0.0057971	0.043956	0.030303	0.09375	0.0687023	0.0566038	0.1212121	0.1282051	0.0699301	0.097561	0.1192661	0.0458716	0.0104712	0.0080321	0.0	0.004386	0.0080645	0.0	0.0	0.0	0.0	0.0	0.0	0.0	0.0	0.0	0.0	0.0	0.0	
Black-crowned/Yellow-crowned Night-Heron	0.0	0.0	0.0	0.0	0.0	0.0	0.0	0.0	0.0	0.0	0.0	0.0	0.0	0.0	0.0	0.0	0.0	0.0	0.0	0.0	0.0	0.0	0.0	0.0	0.0	0.0	0.0	0.0	0.0	0.0	0.0	0.0	0.0	0.0031546	0.0	0.0	0.0	0.0	0.0	0.0	0.0	0.0	0.0	0.0	0.0	0.0	0.0	0.0	
heron sp.	0.0	0.0	0.0	0.0	0.0	0.0	0.0	0.0	0.0	0.0	0.0	0.0	0.0	0.0	0.0	0.0	0.0	0.0	0.0017953	0.0	0.0	0.0	0.0	0.0	0.0	0.0	0.0	0.0	0.0121951	0.0	0.0	0.0	0.0	0.0	0.004386	0.0	0.0	0.0	0.0	0.0	0.0	0.0	0.0	0.0	0.0	0.0	0.0	0.0	
Glossy Ibis	0.0	0.0	0.0	0.0	0.0	0.0	0.0	0.0	0.0	0.0	0.0	0.0	0.0	0.0	0.0	0.0	0.0	0.0	0.0017953	0.0	0.0	0.0	0.0	0.0	0.0	0.0	0.0	0.006993	0.0	0.0	0.0	0.0	0.0	0.0	0.0	0.0	0.0	0.0	0.0	0.0	0.0	0.0	0.0	0.0	0.0	0.0	0.0	0.0	
Black Vulture	0.0	0.0	0.0	0.0	0.0	0.0	0.0	0.0048309	0.005814	0.0061728	0.0	0.0074074	0.0031153	0.0	0.0051948	0.0	0.0030817	0.003367	0.0017953	0.0028986	0.010989	0.0	0.0	0.0	0.0	0.0	0.0	0.0	0.0	0.0	0.0	0.0	0.0	0.0	0.004386	0.0026882	0.0	0.0015	0.0015	0.0	0.0056497	0.0	0.0169492	0.0	0.0	0.0	0.0	0.0076336	
Turkey Vulture	0.0036765	0.0081633	0.0197044	0.0	0.0045872	0.0	0.004717	0.0096618	0.0348837	0.0246914	0.0170213	0.0185185	0.0093458	0.0255814	0.0285714	0.0127298	0.0138675	0.0117845	0.0125673	0.0144928	0.0015	0.0075758	0.0	0.0	0.0	0.0	0.0	0.006993	0.0	0.0091743	0.0	0.0	0.0120482	0.0094637	0.0087719	0.0053763	0.0076628	0.0101523	0.0396825	0.0083333	0.0112994	0.0421687	0.0282486	0.0294118	0.0055866	0.0289855	0.0	0.0	
Osprey	0.0	0.0	0.0	0.0	0.0	0.0	0.0	0.0	0.0	0.0	0.0	0.0074074	0.0155763	0.0162791	0.0207792	0.0042433	0.0046225	0.016835	0.010772	0.0057971	0.0054945	0.0075758	0.0104167	0.0	0.0	0.0151515	0.0128205	0.006993	0.0	0.0275229	0.0275229	0.0104712	0.0441767	0.0504732	0.0614035	0.0510753	0.0421456	0.035533	0.031746	0.0083333	0.0112994	0.0	0.0	0.0	0.0	0.0	0.0	0.0	
Northern Harrier	0.0015	0.0	0.0015	0.0035587	0.0	0.0	0.004717	0.0	0.0	0.0	0.0	0.0	0.0	0.0	0.0	0.0014144	0.0	0.0	0.0	0.0	0.0	0.0	0.0	0.0	0.0	0.0	0.0	0.0	0.0	0.0	0.0	0.0	0.0	0.0	0.0	0.0080645	0.0038314	0.0050761	0.0079365	0.0041667	0.0056497	0.0015	0.0056497	0.0130719	0.0	0.0	0.0338983	0.0015	
Sharp-shinned Hawk	0.0294118	0.0163265	0.0	0.0106762	0.0091743	0.0121951	0.0141509	0.0048309	0.005814	0.0061728	0.0340426	0.0148148	0.0280374	0.0046512	0.0025974	0.0014144	0.0	0.0	0.0	0.0	0.0	0.0	0.0	0.0	0.0	0.0	0.0	0.0	0.0	0.0	0.0	0.0	0.0015	0.0094637	0.0657895	0.0322581	0.0	0.0456853	0.0277778	0.0083333	0.0225989	0.0060241	0.0112994	0.0065359	0.0167598	0.0072464	0.0225989	0.0076336	
Cooper's Hawk	0.1654412	0.0816327	0.0689655	0.0854093	0.0779817	0.0365854	0.0660377	0.0821256	0.0406977	0.0679012	0.0808511	0.0407407	0.0311526	0.0116279	0.0077922	0.0014144	0.0030817	0.003367	0.0	0.0028986	0.0054945	0.0	0.0	0.0	0.0	0.0	0.0	0.006993	0.0	0.0015	0.0550459	0.0052356	0.0080321	0.0315457	0.0350877	0.0403226	0.0268199	0.0964467	0.0833333	0.1291667	0.0621469	0.0361446	0.0734463	0.1176471	0.1340782	0.115942	0.1864407	0.1221374	
Sharp-shinned/Cooper's Hawk	0.0	0.0	0.0	0.0	0.0	0.0	0.0	0.0	0.0	0.0	0.0	0.0	0.0	0.0	0.0	0.0	0.0	0.0	0.0	0.0	0.0	0.0	0.0	0.0	0.0	0.0	0.0	0.0	0.0	0.0015	0.0	0.0	0.0	0.0	0.004386	0.0026882	0.0114943	0.0050761	0.0119048	0.0	0.0	0.0060241	0.0056497	0.0	0.0	0.0072464	0.0	0.0076336	
Cooper's Hawk/Northern Goshawk	0.0	0.0040816	0.0	0.0	0.0	0.0	0.0	0.0	0.0	0.0	0.0	0.0	0.0	0.0	0.0	0.0	0.0	0.0	0.0	0.0	0.0	0.0	0.0	0.0	0.0	0.0	0.0	0.0	0.0	0.0	0.0	0.0	0.0	0.0	0.0	0.0	0.0	0.0	0.0	0.0	0.0	0.0	0.0	0.0	0.0	0.0	0.0	0.0	
Accipiter sp.	0.0110294	0.0040816	0.0098522	0.0	0.0	0.0	0.0141509	0.0096618	0.0	0.0061728	0.0042553	0.0	0.0	0.0023256	0.0	0.0	0.0015408	0.0	0.005386	0.0	0.0	0.0075758	0.0	0.0	0.0	0.0	0.0	0.0	0.0	0.0	0.0091743	0.0	0.0	0.0063091	0.004386	0.016129	0.0	0.0	0.0	0.0083333	0.0056497	0.0060241	0.0112994	0.0	0.0055866	0.0	0.0056497	0.0076336	
Bald Eagle	0.0	0.0015	0.0098522	0.0071174	0.0091743	0.0121951	0.0	0.0048309	0.005814	0.0015	0.012766	0.0037037	0.0062305	0.0046512	0.0051948	0.0014144	0.0015408	0.0	0.0	0.0	0.0	0.0	0.0	0.0	0.0	0.0	0.0	0.0	0.0	0.0	0.0091743	0.0	0.0040161	0.0189274	0.004386	0.0053763	0.0153257	0.0101523	0.0277778	0.0	0.0056497	0.0120482	0.0056497	0.0098039	0.0055866	0.0	0.0056497	0.0229008	
Red-shouldered Hawk	0.0	0.0	0.0	0.0	0.0	0.0	0.004717	0.0	0.0	0.0	0.0	0.0074074	0.0	0.0	0.0025974	0.0028289	0.0	0.0	0.0	0.0	0.0	0.0	0.0	0.0	0.0	0.0	0.0	0.0	0.0	0.0	0.0	0.0	0.0	0.0031546	0.004386	0.0	0.0038314	0.0050761	0.0079365	0.0083333	0.0056497	0.0120482	0.0112994	0.0163399	0.0055866	0.0217391	0.0112994	0.0076336	
Broad-winged Hawk	0.0	0.0	0.0	0.0	0.0	0.0	0.0	0.0	0.0	0.0	0.0	0.0	0.0	0.0	0.0051948	0.0014144	0.0030817	0.0016835	0.0089767	0.0	0.0	0.0	0.0	0.0	0.0	0.0	0.0	0.0	0.0	0.0	0.0	0.0	0.0040161	0.0126183	0.004386	0.0295699	0.0076628	0.0015	0.0039683	0.0	0.0	0.0	0.0	0.0	0.0	0.0	0.0	0.0	
Red-tailed Hawk	0.3272059	0.2816327	0.2512315	0.2384342	0.2155963	0.2682927	0.2830189	0.2705314	0.2674419	0.3395062	0.3787234	0.2740741	0.2741433	0.2139535	0.2571429	0.3041018	0.3405239	0.2070707	0.1921005	0.1304348	0.2032967	0.1742424	0.1770833	0.2137405	0.0849057	0.0606061	0.1410256	0.2097902	0.1463415	0.1376147	0.1743119	0.1884817	0.2369478	0.2113565	0.2280702	0.2284946	0.1915709	0.2944162	0.3095238	0.2833333	0.2485876	0.2228916	0.2485876	0.4281046	0.3687151	0.3188406	0.3672316	0.3282443	
Buteo sp.	0.0	0.0	0.0049261	0.0	0.0	0.0	0.0	0.0	0.0	0.0	0.0	0.0	0.0	0.0023256	0.0025974	0.0	0.0015408	0.0	0.0	0.0	0.0	0.0	0.0	0.0	0.0	0.0	0.0	0.0	0.0	0.0	0.0	0.0	0.0	0.0	0.0	0.0	0.0	0.0	0.0	0.0	0.0	0.0	0.0	0.0	0.0	0.0	0.0	0.0076336	
hawk sp.	0.0	0.0	0.0	0.0	0.0	0.0	0.0	0.0048309	0.005814	0.0	0.0	0.0	0.0	0.0	0.0	0.0	0.0	0.0	0.0	0.0	0.0	0.0	0.0	0.0	0.0	0.0	0.0	0.0	0.0	0.0	0.0	0.0052356	0.0	0.0	0.004386	0.0080645	0.0076628	0.0050761	0.0119048	0.0041667	0.0	0.0	0.0056497	0.0098039	0.0111732	0.0144928	0.0056497	0.0015	
Eastern Screech-Owl	0.0	0.0	0.0098522	0.0	0.0	0.0	0.0	0.0	0.0	0.0061728	0.0	0.0	0.0	0.0	0.0	0.0	0.0	0.0	0.0	0.0	0.0	0.0	0.0	0.0	0.0	0.0	0.0	0.0	0.0	0.0	0.0	0.0	0.0	0.0	0.0	0.0	0.0	0.0	0.0	0.0	0.0	0.0	0.0	0.0	0.0	0.0	0.0169492	0.0076336	
Great Horned Owl	0.0	0.0	0.0	0.0	0.0	0.0060976	0.0	0.0	0.0	0.0061728	0.0	0.0	0.0	0.0	0.0	0.0	0.0	0.0	0.0	0.0	0.0	0.0	0.0	0.0	0.0	0.0	0.0	0.0	0.0	0.0	0.0	0.0	0.0	0.0	0.0	0.0	0.0	0.0	0.0	0.0166667	0.0	0.0	0.0	0.0	0.0	0.0	0.0	0.0	
Snowy Owl	0.0	0.0	0.0	0.0	0.0	0.0	0.0	0.0	0.0	0.0	0.0	0.0	0.0	0.0	0.0	0.0	0.0	0.0	0.0	0.0	0.0	0.0	0.0	0.0	0.0	0.0	0.0	0.0	0.0	0.0	0.0	0.0	0.0	0.0	0.0	0.0	0.0	0.0	0.0	0.0	0.0	0.0	0.0	0.0	0.0015	0.0015	0.0225989	0.0	
Barred Owl	0.0	0.0	0.0	0.0	0.0	0.0	0.0	0.0	0.0	0.0	0.0	0.0	0.0	0.0	0.0	0.0466761	0.0	0.0	0.0	0.0	0.0	0.0	0.0	0.0	0.0	0.0	0.0	0.0	0.0	0.0	0.0	0.0	0.0	0.0	0.0	0.0	0.0	0.0	0.0	0.0	0.0	0.0	0.0	0.0	0.0	0.0	0.0	0.0	
Long-eared Owl	0.0	0.0	0.0	0.0	0.0	0.0	0.0	0.0	0.0697674	0.0	0.0	0.0	0.0	0.0	0.0	0.0	0.0	0.0	0.0	0.0	0.0	0.0	0.0	0.0	0.0	0.0	0.0	0.0	0.0	0.0	0.0	0.0	0.0	0.0	0.0	0.0	0.0	0.0	0.0	0.0	0.0	0.0	0.0	0.0	0.0	0.0	0.0	0.0	
Northern Saw-whet Owl	0.0	0.0	0.0	0.0	0.0	0.0	0.0	0.0	0.0	0.0	0.0	0.0	0.0	0.0	0.0	0.0	0.0	0.0	0.0	0.0	0.0	0.0	0.0	0.0	0.0	0.0	0.0	0.0	0.0	0.0	0.0	0.0	0.0	0.0	0.0	0.0	0.0	0.0	0.0	0.0	0.0	0.0	0.0	0.0	0.0015	0.0	0.0	0.0	
owl sp.	0.0	0.0	0.0	0.0	0.0	0.0	0.0	0.0	0.0	0.0	0.0	0.0	0.0	0.0	0.0	0.0	0.0	0.0	0.0	0.0	0.0	0.0	0.0	0.0	0.0	0.0	0.0	0.0	0.0	0.0	0.0	0.0	0.0	0.0	0.0	0.0	0.0038314	0.0	0.0	0.0	0.0	0.0	0.0	0.0	0.0	0.0	0.0	0.0	
Belted Kingfisher	0.0441176	0.0367347	0.0295567	0.0177936	0.0045872	0.0121951	0.004717	0.0096618	0.0	0.0	0.0015	0.0185185	0.0093458	0.0069767	0.0181818	0.0565771	0.0123267	0.003367	0.0035907	0.0115942	0.0054945	0.0	0.0	0.0	0.009434	0.0	0.0	0.013986	0.0	0.0366972	0.0091743	0.0052356	0.0080321	0.0126183	0.0438596	0.0241935	0.0153257	0.0609137	0.015873	0.0166667	0.0225989	0.0060241	0.0169492	0.0163399	0.0223464	0.0434783	0.0282486	0.0610687	
Yellow-bellied Sapsucker	0.1985294	0.0938776	0.1034483	0.1103203	0.0412844	0.0487805	0.0754717	0.0917874	0.0988372	0.0802469	0.0680851	0.1333333	0.1619938	0.1186047	0.0987013	0.0339463	0.0107858	0.03367	0.0035907	0.0	0.0	0.0	0.0	0.0	0.0	0.0	0.0	0.0	0.0	0.0	0.0	0.0	0.0	0.0063091	0.0131579	0.2419355	0.4329502	0.4467005	0.4246032	0.3041667	0.2316384	0.1144578	0.1525424	0.1895425	0.2793296	0.2318841	0.2146893	0.1450382	
Red-headed Woodpecker	0.0147059	0.1795918	0.044335	0.0498221	0.0321101	0.0426829	0.0424528	0.0386473	0.0465116	0.0308642	0.0468085	0.0333333	0.0186916	0.0488372	0.0103896	0.1117397	0.0708783	0.0015	0.0	0.0	0.0	0.0	0.0	0.0	0.0	0.0	0.0	0.0	0.0	0.0	0.0	0.0	0.0	0.0	0.0263158	0.0026882	0.0	0.0	0.0039683	0.0	0.0	0.0	0.0056497	0.003268	0.0055866	0.0072464	0.0056497	0.0	
Red-bellied Woodpecker	0.3272059	0.2367347	0.2857143	0.252669	0.1834862	0.2621951	0.2264151	0.2560386	0.2848837	0.2407407	0.3744681	0.3296296	0.3707165	0.4	0.3974026	0.4384724	0.3697997	0.3030303	0.3662478	0.2782609	0.2747253	0.1666667	0.1145833	0.1908397	0.1698113	0.0909091	0.025641	0.1538462	0.1585366	0.1284404	0.146789	0.1570681	0.1927711	0.1451104	0.1929825	0.1693548	0.2298851	0.1979695	0.281746	0.3166667	0.2429379	0.1325301	0.1412429	0.3300654	0.3798883	0.2028986	0.2655367	0.1145038	
Downy Woodpecker	0.3419118	0.2204082	0.2118227	0.2170819	0.146789	0.1585366	0.2264151	0.1884058	0.2093023	0.1481481	0.2978723	0.2777778	0.2679128	0.3465116	0.4363636	0.4214993	0.3713405	0.2878788	0.3554758	0.2318841	0.1813187	0.1212121	0.0520833	0.129771	0.0943396	0.1060606	0.1153846	0.1958042	0.1585366	0.1009174	0.1834862	0.1727749	0.2248996	0.2618297	0.2894737	0.2365591	0.2490421	0.2233503	0.2222222	0.2416667	0.180791	0.1204819	0.1468927	0.369281	0.4301676	0.2681159	0.3220339	0.2366412	
Hairy Woodpecker	0.0404412	0.0163265	0.0295567	0.0142349	0.0045872	0.0243902	0.0283019	0.0289855	0.0174419	0.0123457	0.0255319	0.0259259	0.0311526	0.0162791	0.0285714	0.0254597	0.0169492	0.0117845	0.0143627	0.0028986	0.010989	0.0075758	0.0	0.0015	0.0	0.0	0.0	0.0	0.0	0.0183486	0.0091743	0.0209424	0.0160643	0.0157729	0.004386	0.0107527	0.0344828	0.0203046	0.0238095	0.0166667	0.0225989	0.0060241	0.0112994	0.0098039	0.0391061	0.0	0.0169492	0.0	
Downy/Hairy Woodpecker	0.0	0.0	0.0	0.0	0.0	0.0	0.0	0.0	0.0	0.0	0.0	0.0	0.0	0.0023256	0.0	0.0	0.0	0.0016835	0.0	0.0	0.0	0.0	0.0	0.0	0.0	0.0	0.0	0.0	0.0121951	0.0015	0.0	0.0015	0.0	0.0031546	0.0	0.0	0.0038314	0.0	0.0039683	0.0015	0.0	0.0	0.0056497	0.0	0.0	0.0	0.0	0.0	
Pileated Woodpecker	0.0	0.0	0.0	0.0	0.0	0.0	0.0	0.0	0.0	0.0	0.0	0.0015	0.0	0.0023256	0.0	0.0	0.0	0.0	0.0	0.0	0.0	0.0	0.0	0.0	0.0	0.0	0.0	0.0	0.0	0.0	0.0	0.0	0.0	0.0	0.0	0.0	0.0	0.0	0.0	0.0	0.0	0.0	0.0	0.0	0.0	0.0	0.0	0.0	
Northern Flicker	0.0477941	0.0285714	0.0492611	0.0533808	0.0183486	0.0243902	0.0330189	0.0628019	0.0639535	0.0617284	0.0340426	0.1444444	0.2959502	0.4209302	0.4103896	0.3960396	0.3513097	0.2912458	0.2890485	0.2057971	0.1813187	0.1969697	0.125	0.1603053	0.1698113	0.0909091	0.1794872	0.1888112	0.304878	0.2018349	0.3027523	0.3141361	0.3293173	0.4384858	0.5394737	0.4946237	0.4482759	0.4314721	0.3730159	0.2916667	0.2146893	0.0783133	0.0508475	0.0915033	0.0726257	0.0724638	0.0508475	0.0458015	
woodpecker sp.	0.0	0.0	0.0	0.0	0.0	0.0	0.0	0.0	0.0	0.0	0.0	0.0	0.0	0.0023256	0.0	0.0014144	0.0	0.0	0.0	0.0	0.0	0.0	0.0	0.0	0.0	0.0	0.0	0.0	0.0	0.0015	0.0	0.0	0.0	0.0031546	0.004386	0.0053763	0.0038314	0.0050761	0.0	0.0	0.0056497	0.0	0.0	0.0	0.0	0.0	0.0056497	0.0	
American Kestrel	0.0477941	0.0408163	0.0394089	0.0391459	0.0275229	0.0243902	0.0330189	0.0483092	0.0174419	0.0308642	0.0340426	0.0444444	0.046729	0.0255814	0.025974	0.0339463	0.0416025	0.013468	0.021544	0.026087	0.021978	0.0227273	0.0520833	0.0229008	0.0754717	0.0757576	0.0897436	0.041958	0.0487805	0.1651376	0.0458716	0.0680628	0.0321285	0.0694006	0.122807	0.0806452	0.0881226	0.142132	0.1150794	0.1333333	0.0677966	0.0301205	0.0282486	0.0359477	0.0502793	0.0362319	0.0960452	0.0534351	
Merlin	0.0073529	0.0	0.0049261	0.0035587	0.0045872	0.0	0.0	0.0	0.005814	0.0123457	0.012766	0.0037037	0.0124611	0.0	0.0155844	0.0042433	0.0	0.0016835	0.0017953	0.0	0.0015	0.0	0.0	0.0	0.0	0.0	0.0	0.0015	0.0	0.0	0.0	0.0	0.0040161	0.0063091	0.0015	0.0080645	0.0038314	0.0050761	0.0238095	0.0	0.0	0.0	0.0056497	0.003268	0.0111732	0.0144928	0.0112994	0.0076336	
Peregrine Falcon	0.0404412	0.044898	0.0295567	0.0427046	0.0321101	0.0365854	0.0518868	0.0483092	0.0232558	0.0246914	0.0255319	0.0074074	0.0124611	0.0162791	0.0415584	0.0127298	0.0215716	0.016835	0.02693	0.0231884	0.032967	0.0075758	0.03125	0.0229008	0.0377358	0.0606061	0.0512821	0.048951	0.0365854	0.0275229	0.0183486	0.0015	0.0240964	0.0252366	0.0394737	0.0241935	0.045977	0.0406091	0.0357143	0.0333333	0.0564972	0.0180723	0.039548	0.0326797	0.0111732	0.057971	0.0451977	0.0229008	
large falcon sp.	0.0	0.0	0.0	0.0	0.0	0.0	0.0	0.0	0.0	0.0	0.0	0.0	0.0	0.0	0.0	0.0014144	0.0	0.0	0.0	0.0	0.0	0.0	0.0	0.0	0.0	0.0	0.0	0.0	0.0	0.0	0.0	0.0	0.0	0.0	0.0	0.0	0.0	0.0	0.0	0.0	0.0	0.0	0.0	0.0	0.0	0.0	0.0	0.0	
small falcon sp.	0.0	0.0	0.0	0.0	0.0	0.0	0.0	0.0	0.0	0.0	0.0	0.0	0.0	0.0	0.0025974	0.0014144	0.0	0.0	0.0	0.0	0.0	0.0	0.0	0.0	0.0	0.0	0.0	0.0	0.0	0.0	0.0	0.0	0.0	0.0	0.0	0.0	0.0	0.0050761	0.0	0.0	0.0	0.0060241	0.0	0.0	0.0	0.0	0.0056497	0.0	
falcon sp.	0.0	0.0	0.0	0.0	0.0	0.0	0.0	0.0	0.0	0.0	0.0	0.0	0.0	0.0	0.0	0.0	0.0	0.0	0.0	0.0	0.0	0.0	0.0	0.0	0.0	0.0	0.0	0.0	0.0	0.0091743	0.0	0.0	0.0	0.0	0.0	0.0026882	0.0	0.0	0.0039683	0.0	0.0	0.0	0.0056497	0.003268	0.0	0.0	0.0056497	0.0	
diurnal raptor sp.	0.0	0.0040816	0.0	0.0	0.0	0.0	0.0	0.0048309	0.005814	0.0	0.0	0.0037037	0.0	0.0	0.0025974	0.0	0.0015408	0.0	0.0	0.0028986	0.0	0.0	0.0	0.0	0.0	0.0	0.0	0.0	0.0	0.0091743	0.0	0.0	0.0	0.0	0.0	0.0026882	0.0	0.0015	0.0039683	0.0041667	0.0	0.0	0.0	0.0	0.0	0.0	0.0	0.0	
Monk Parakeet	0.0	0.0	0.0	0.0035587	0.0	0.0	0.0	0.0	0.0	0.0	0.0	0.0	0.0015	0.0015	0.0015	0.0014144	0.0	0.0	0.0	0.0	0.0015	0.0	0.0	0.0	0.0015	0.0	0.0128205	0.0	0.0	0.0	0.0	0.0	0.0	0.0	0.0	0.0	0.0	0.0	0.0	0.0	0.0	0.0	0.0	0.0	0.0	0.0	0.0	0.0	
Olive-sided Flycatcher	0.0	0.0	0.0	0.0	0.0	0.0	0.0	0.0	0.0	0.0	0.0	0.0	0.0	0.0	0.0	0.0	0.0	0.0	0.0556553	0.0115942	0.0	0.0	0.0	0.0	0.0	0.0	0.0	0.0	0.0	0.0	0.0	0.0314136	0.0321285	0.0252366	0.0087719	0.0	0.0	0.0	0.0	0.0	0.0	0.0	0.0	0.0	0.0	0.0	0.0	0.0	
Eastern Wood-Pewee	0.0	0.0	0.0	0.0	0.0	0.0	0.0	0.0	0.0	0.0	0.0	0.0	0.0	0.0	0.0	0.0	0.0030817	0.0084175	0.2603232	0.2086957	0.1098901	0.0530303	0.0	0.0076336	0.0	0.0	0.0128205	0.0	0.0121951	0.0	0.0642202	0.1151832	0.2048193	0.3533123	0.2368421	0.188172	0.183908	0.1116751	0.0277778	0.0	0.0	0.0	0.0	0.0	0.0	0.0	0.0	0.0	
Yellow-bellied Flycatcher	0.0	0.0	0.0	0.0	0.0	0.0	0.0	0.0	0.0	0.0	0.0	0.0	0.0	0.0	0.0	0.0	0.0	0.0	0.005386	0.0347826	0.0714286	0.0	0.0	0.0	0.0	0.0	0.0	0.0	0.0	0.0	0.0	0.0418848	0.0763052	0.0378549	0.0175439	0.0	0.0	0.0	0.0	0.0	0.0	0.0	0.0	0.0	0.0	0.0	0.0	0.0	
Acadian Flycatcher	0.0	0.0	0.0	0.0	0.0	0.0	0.0	0.0	0.0	0.0	0.0	0.0	0.0	0.0	0.0	0.0	0.0046225	0.0	0.0017953	0.0086957	0.010989	0.0075758	0.0	0.0	0.0	0.0	0.0	0.0	0.0	0.0	0.0	0.0	0.0	0.0	0.0	0.0	0.0	0.0	0.0	0.0	0.0	0.0	0.0	0.0	0.0	0.0	0.0	0.0	
Alder Flycatcher	0.0	0.0	0.0	0.0	0.0	0.0	0.0	0.0	0.0	0.0	0.0	0.0	0.0	0.0	0.0	0.0	0.0	0.0	0.0017953	0.0	0.0	0.0	0.0	0.0	0.0	0.0	0.0	0.0	0.0	0.0	0.0	0.0	0.0	0.0	0.0	0.0	0.0	0.0	0.0	0.0	0.0	0.0	0.0	0.0	0.0	0.0	0.0	0.0	
Willow Flycatcher	0.0	0.0	0.0	0.0	0.0	0.0	0.0	0.0	0.0	0.0	0.0	0.0	0.0	0.0	0.0	0.0	0.0	0.0	0.0143627	0.0318841	0.010989	0.0075758	0.0	0.0	0.0	0.0	0.0	0.006993	0.0	0.0	0.0183486	0.0052356	0.0080321	0.0	0.0	0.0	0.0	0.0	0.0	0.0	0.0	0.0	0.0	0.0	0.0	0.0	0.0	0.0	
Alder/Willow Flycatcher (Traill's Flycatcher)	0.0	0.0	0.0	0.0	0.0	0.0	0.0	0.0	0.0	0.0	0.0	0.0	0.0	0.0	0.0	0.0	0.0	0.0	0.0035907	0.0086957	0.0	0.0	0.0	0.0	0.0	0.0	0.0	0.0	0.0	0.0	0.0	0.0104712	0.0200803	0.0126183	0.0	0.0	0.0	0.0	0.0	0.0	0.0	0.0	0.0	0.0	0.0	0.0	0.0	0.0	
Least Flycatcher	0.0	0.0	0.0	0.0	0.0	0.0	0.0	0.0	0.0	0.0	0.0	0.0	0.0	0.0	0.0	0.009901	0.0385208	0.026936	0.1292639	0.0318841	0.0	0.0	0.0	0.0	0.0	0.0	0.0	0.006993	0.0121951	0.0	0.0	0.0575916	0.0481928	0.0567823	0.0087719	0.0107527	0.0	0.0	0.0	0.0	0.0	0.0	0.0	0.0	0.0	0.0	0.0	0.0	
Hammond's Flycatcher	0.0	0.0	0.0	0.0	0.0	0.0	0.0	0.0	0.0	0.0	0.0	0.0	0.0	0.0	0.0	0.0	0.0	0.0	0.0	0.0	0.0	0.0	0.0	0.0	0.0	0.0	0.0	0.0	0.0	0.0	0.0	0.0	0.0	0.0	0.0	0.0	0.0	0.0	0.0	0.0	0.0	0.0	0.0	0.2973856	0.2569832	0.0724638	0.0	0.0	
Empidonax sp.	0.0	0.0	0.0	0.0	0.0	0.0	0.0	0.0	0.0	0.0	0.0	0.0	0.0	0.0	0.0	0.0014144	0.0154083	0.0	0.0861759	0.057971	0.043956	0.0	0.0	0.0	0.0	0.0	0.0	0.006993	0.0121951	0.0	0.0642202	0.1151832	0.0803213	0.0851735	0.0745614	0.0295699	0.0	0.0	0.0	0.0	0.0	0.0	0.0	0.0	0.0	0.0	0.0	0.0	
Eastern Phoebe	0.0	0.0	0.0	0.0	0.0	0.0	0.0	0.0	0.0	0.0061728	0.0	0.337037	0.423676	0.1534884	0.0285714	0.0141443	0.0	0.0016835	0.0125673	0.0086957	0.0054945	0.0075758	0.0	0.0	0.0	0.0	0.0	0.0	0.0	0.0	0.0183486	0.0052356	0.0281124	0.0378549	0.127193	0.3521505	0.3524904	0.4162437	0.3968254	0.2	0.0847458	0.0180723	0.0112994	0.0	0.0	0.0	0.0	0.0	
Great Crested Flycatcher	0.0	0.0	0.0	0.0	0.0	0.0	0.0	0.0	0.0	0.0	0.0	0.0	0.0	0.0	0.0	0.106082	0.0832049	0.0791246	0.1579892	0.1594203	0.1648352	0.0606061	0.0208333	0.0229008	0.0377358	0.030303	0.0128205	0.0699301	0.0487805	0.0275229	0.0458716	0.0994764	0.0883534	0.0536278	0.0394737	0.0053763	0.0	0.0	0.0	0.0	0.0	0.0	0.0	0.0	0.0	0.0	0.0	0.0	
Western Kingbird	0.0	0.0	0.0	0.0	0.0	0.0	0.0	0.0	0.0	0.0	0.0	0.0	0.0	0.0	0.0	0.0	0.0	0.0	0.0	0.0	0.0	0.0	0.0	0.0	0.0	0.0	0.0	0.0	0.0	0.0	0.0	0.0	0.0	0.0	0.0131579	0.0	0.0	0.0	0.0	0.0	0.0	0.0	0.0	0.0	0.0	0.0	0.0	0.0	
Eastern Kingbird	0.0	0.0	0.0	0.0	0.0	0.0	0.0	0.0	0.0	0.0	0.0	0.0	0.0	0.0	0.0	0.0452617	0.1016949	0.0555556	0.2298025	0.1623188	0.1318681	0.1212121	0.1145833	0.0916031	0.1132075	0.0606061	0.0897436	0.1608392	0.1829268	0.1100917	0.1834862	0.1151832	0.0481928	0.0189274	0.004386	0.0	0.0	0.0	0.0	0.0	0.0	0.0	0.0	0.0	0.0	0.0	0.0	0.0	
flycatcher sp. (Tyrannidae sp.)	0.0	0.0	0.0	0.0	0.0	0.0	0.0	0.0	0.0	0.0	0.0	0.0	0.0	0.0	0.0	0.0	0.0	0.0	0.0	0.0028986	0.0	0.0	0.0	0.0	0.0	0.0	0.0	0.0	0.0	0.0	0.0	0.0	0.0	0.0	0.0	0.0080645	0.0	0.0	0.0	0.0041667	0.0	0.0	0.0	0.0	0.0	0.0	0.0	0.0	
White-eyed Vireo	0.0	0.0	0.0	0.0	0.0	0.0	0.0	0.0	0.0	0.0	0.0	0.0	0.0	0.0	0.0	0.0537482	0.0246533	0.013468	0.0035907	0.0	0.0	0.0	0.0	0.0	0.0	0.0	0.0	0.0	0.0	0.0	0.0	0.0	0.0	0.0	0.004386	0.0	0.0191571	0.0	0.0079365	0.0	0.0	0.0	0.0	0.0	0.0	0.0	0.0	0.0	
Yellow-throated Vireo	0.0	0.0	0.0	0.0	0.0	0.0	0.0	0.0	0.0	0.0	0.0	0.0	0.0	0.0	0.0	0.0353607	0.0416025	0.030303	0.1095153	0.0028986	0.0054945	0.0	0.0	0.0	0.0	0.0	0.0	0.0	0.0	0.0	0.0	0.0	0.0040161	0.0157729	0.0087719	0.0134409	0.0038314	0.0	0.0	0.0	0.0	0.0	0.0	0.0	0.0	0.0	0.0	0.0	
Blue-headed Vireo	0.0	0.0	0.0	0.0	0.0	0.0	0.0	0.0	0.0	0.0	0.0	0.0	0.0015	0.0209302	0.1090909	0.2602546	0.2588598	0.1616162	0.1131059	0.0	0.0	0.0	0.0	0.0	0.0	0.0	0.0	0.0	0.0	0.0	0.0	0.0	0.0	0.0031546	0.0438596	0.0698925	0.1034483	0.142132	0.1349206	0.0416667	0.039548	0.0060241	0.0	0.0	0.0	0.0	0.0	0.0	
Philadelphia Vireo	0.0	0.0	0.0	0.0	0.0	0.0	0.0	0.0	0.0	0.0	0.0	0.0	0.0	0.0	0.0	0.0	0.0	0.0	0.0035907	0.0	0.0	0.0	0.0	0.0	0.0	0.0	0.0	0.0	0.0	0.0	0.0	0.0	0.0	0.0	0.0	0.0	0.0	0.0	0.0	0.0	0.0	0.0	0.0	0.0	0.0	0.0	0.0	0.0	
Warbling Vireo	0.0	0.0	0.0	0.0	0.0	0.0	0.0	0.0	0.0	0.0	0.0	0.0	0.0	0.0	0.0	0.1173975	0.2511556	0.2895623	0.3698384	0.3043478	0.2967033	0.2348485	0.2083333	0.1832061	0.1037736	0.0909091	0.0512821	0.0979021	0.1097561	0.0642202	0.1100917	0.0890052	0.1004016	0.0788644	0.0131579	0.0053763	0.0	0.0	0.0	0.0	0.0	0.0	0.0	0.0	0.0	0.0	0.0	0.0	
Philadelphia/Warbling Vireo	0.0	0.0	0.0	0.0	0.0	0.0	0.0	0.0	0.0	0.0	0.0	0.0	0.0	0.0	0.0	0.0	0.0	0.0	0.0	0.0	0.0	0.0	0.0	0.0	0.0	0.0	0.0	0.0	0.0	0.0	0.0	0.0052356	0.0	0.0	0.0	0.0026882	0.0	0.0	0.0	0.0	0.0	0.0	0.0	0.0	0.0	0.0	0.0	0.0	
Red-eyed Vireo	0.0	0.0	0.0	0.0	0.0	0.0	0.0	0.0	0.0	0.0	0.0	0.0	0.0	0.0	0.0	0.0254597	0.0785824	0.1262626	0.4344704	0.257971	0.1043956	0.0606061	0.0	0.0152672	0.009434	0.0015	0.0	0.013986	0.0365854	0.0091743	0.0091743	0.1204188	0.2610442	0.2807571	0.2017544	0.1397849	0.1034483	0.0203046	0.015873	0.0	0.0	0.0	0.0	0.0	0.0	0.0	0.0	0.0	
vireo sp.	0.0	0.0	0.0	0.0	0.0	0.0	0.0	0.0	0.0	0.0	0.0	0.0	0.0	0.0	0.0	0.0014144	0.0	0.0	0.0017953	0.0	0.0	0.0	0.0	0.0	0.0	0.0	0.0	0.0	0.0	0.0	0.0	0.0	0.0	0.0	0.0	0.0	0.0	0.0	0.0	0.0	0.0	0.0	0.0	0.0	0.0	0.0	0.0	0.0	
Blue Jay	0.5477941	0.4653061	0.4236453	0.480427	0.3715596	0.5121951	0.4103774	0.4637681	0.5523256	0.537037	0.6255319	0.6074074	0.588785	0.5953488	0.6519481	0.6562942	0.6656394	0.6127946	0.6876122	0.5623188	0.5769231	0.4545455	0.4895833	0.4427481	0.3679245	0.4393939	0.3333333	0.4895105	0.4390244	0.3853211	0.6146789	0.5706806	0.6746988	0.6719243	0.6973684	0.6344086	0.6858238	0.6700508	0.7380952	0.5916667	0.6158192	0.6325301	0.519774	0.6993464	0.6703911	0.5362319	0.5423729	0.610687	
American Crow	0.1397059	0.0857143	0.0985222	0.0782918	0.0412844	0.0792683	0.0707547	0.0917874	0.1104651	0.0740741	0.093617	0.0666667	0.0623053	0.0534884	0.0467532	0.0523338	0.0570108	0.0673401	0.0754039	0.0695652	0.043956	0.030303	0.1145833	0.0916031	0.0377358	0.0454545	0.0512821	0.0839161	0.1097561	0.1192661	0.1376147	0.0628272	0.0361446	0.1135647	0.1052632	0.1048387	0.1494253	0.177665	0.1706349	0.1541667	0.1638418	0.0963855	0.0621469	0.0686275	0.0949721	0.1956522	0.259887	0.1603053	
Fish Crow	0.0147059	0.0122449	0.0049261	0.0320285	0.0045872	0.0015	0.0141509	0.0338164	0.0290698	0.0	0.012766	0.0111111	0.0249221	0.0116279	0.012987	0.0268741	0.0261941	0.0218855	0.0341113	0.0376812	0.0604396	0.0757576	0.1041667	0.1221374	0.0566038	0.1363636	0.1410256	0.0979021	0.1219512	0.1009174	0.0275229	0.0209424	0.0120482	0.0063091	0.0	0.0080645	0.0076628	0.0152284	0.0079365	0.0041667	0.0056497	0.0	0.0056497	0.003268	0.0055866	0.0217391	0.0282486	0.0	
crow sp.	0.0147059	0.0040816	0.0	0.0106762	0.0045872	0.0060976	0.009434	0.0096618	0.0232558	0.0	0.0042553	0.0185185	0.0062305	0.0139535	0.0051948	0.0226308	0.0261941	0.0185185	0.0197487	0.0231884	0.021978	0.0454545	0.0833333	0.0458015	0.0188679	0.030303	0.0512821	0.013986	0.0121951	0.0183486	0.0091743	0.0104712	0.0080321	0.0	0.004386	0.0026882	0.0076628	0.0253807	0.0198413	0.0166667	0.0112994	0.0060241	0.0282486	0.0065359	0.0	0.0362319	0.0338983	0.0229008	
Common Raven	0.0220588	0.0122449	0.0295567	0.0106762	0.0137615	0.0182927	0.0141509	0.0096618	0.0174419	0.0246914	0.0042553	0.0148148	0.0155763	0.0046512	0.0051948	0.0113154	0.0030817	0.0050505	0.0	0.0028986	0.0015	0.0075758	0.0208333	0.0152672	0.0	0.0	0.0015	0.006993	0.0015	0.0091743	0.0091743	0.0052356	0.0200803	0.0126183	0.0131579	0.0134409	0.0229885	0.0558376	0.0357143	0.0041667	0.0282486	0.0180723	0.0225989	0.0065359	0.0055866	0.0652174	0.0338983	0.0305344	
crow/raven sp.	0.0	0.0	0.0	0.0	0.0	0.0	0.0	0.0	0.0	0.0	0.0	0.0	0.0	0.0	0.0	0.0	0.0	0.0	0.0	0.0028986	0.0	0.0	0.0	0.0	0.0	0.0	0.0	0.0	0.0	0.0	0.0	0.0	0.0	0.0031546	0.0	0.0	0.0	0.0	0.0	0.0	0.0	0.0	0.0	0.0	0.0	0.0	0.0	0.0	
Black-capped Chickadee	0.3492647	0.2204082	0.2807882	0.2918149	0.1605505	0.2195122	0.3160377	0.2657005	0.3255814	0.2530864	0.4468085	0.3888889	0.3395639	0.355814	0.2545455	0.1414427	0.1063174	0.0875421	0.0556553	0.0086957	0.0	0.0075758	0.0104167	0.0229008	0.009434	0.0	0.0128205	0.034965	0.0243902	0.0091743	0.0458716	0.0314136	0.0441767	0.0378549	0.0438596	0.0483871	0.0536398	0.035533	0.0674603	0.0458333	0.0282486	0.0240964	0.0225989	0.1339869	0.150838	0.115942	0.1242938	0.0916031	
Tufted Titmouse	0.4889706	0.4530612	0.4236453	0.4626335	0.3577982	0.445122	0.3679245	0.3913043	0.4244186	0.3395062	0.5659574	0.4962963	0.4797508	0.4534884	0.3662338	0.2305516	0.164869	0.1161616	0.1023339	0.1101449	0.0769231	0.0227273	0.03125	0.0687023	0.0471698	0.0151515	0.0128205	0.0629371	0.0365854	0.0183486	0.0366972	0.026178	0.0281124	0.0189274	0.004386	0.0080645	0.0076628	0.0253807	0.0555556	0.1333333	0.1129944	0.0843373	0.0960452	0.2875817	0.3296089	0.2173913	0.1751412	0.0992366	
Parid sp.	0.0	0.0	0.0	0.0035587	0.0	0.0	0.0	0.0	0.0	0.0	0.0	0.0	0.0	0.0	0.0	0.0	0.0	0.0	0.0	0.0	0.0	0.0	0.0	0.0	0.0	0.0	0.0	0.0	0.0	0.0	0.0	0.0	0.0	0.0	0.0	0.0	0.0	0.0	0.0	0.0	0.0	0.0	0.0	0.0	0.0	0.0	0.0	0.0	
Horned Lark	0.0	0.0	0.0	0.0	0.0	0.0	0.0	0.0	0.0	0.0	0.0	0.0	0.0	0.0	0.0	0.0	0.0	0.0	0.0	0.0	0.0	0.0	0.0	0.0	0.0	0.0	0.0	0.0	0.0	0.0	0.0	0.0	0.0	0.0	0.0	0.0	0.0	0.0	0.0039683	0.0	0.0	0.0	0.0	0.0	0.0	0.0362319	0.0	0.0	
Northern Rough-winged Swallow	0.0	0.0	0.0	0.0	0.0	0.0	0.0	0.0	0.0	0.0	0.0	0.0037037	0.0155763	0.0372093	0.0415584	0.0240453	0.0292758	0.0572391	0.0556553	0.0608696	0.0659341	0.0681818	0.0729167	0.0687023	0.0471698	0.0757576	0.0512821	0.027972	0.0	0.0	0.0	0.0	0.0	0.0	0.0	0.0	0.0	0.0	0.0	0.0	0.0	0.0	0.0	0.0	0.0	0.0	0.0	0.0	
Tree Swallow	0.0	0.0	0.0	0.0	0.0	0.0	0.0	0.0	0.0	0.0	0.0015	0.0	0.0093458	0.0186047	0.0181818	0.0282885	0.0446841	0.047138	0.0682226	0.0521739	0.1043956	0.0454545	0.1145833	0.0839695	0.0377358	0.0606061	0.0128205	0.006993	0.0	0.0091743	0.0	0.0	0.0120482	0.0	0.0	0.0080645	0.0	0.0	0.0039683	0.0	0.0	0.0060241	0.0	0.0	0.0	0.0	0.0	0.0	
Bank Swallow	0.0	0.0	0.0	0.0	0.0	0.0	0.0	0.0	0.0	0.0	0.0	0.0	0.0	0.0	0.0	0.0	0.0015408	0.0050505	0.0	0.0	0.0	0.0	0.0	0.0	0.0	0.0	0.0	0.0	0.0	0.0	0.0	0.0	0.0	0.0	0.0	0.0	0.0	0.0	0.0	0.0	0.0	0.0	0.0	0.0	0.0	0.0	0.0	0.0	
Barn Swallow	0.0	0.0	0.0	0.0	0.0	0.0	0.0	0.0	0.0	0.0	0.0	0.0	0.0031153	0.0209302	0.0571429	0.0749646	0.1140216	0.1464646	0.1526032	0.1797101	0.2692308	0.2878788	0.3125	0.259542	0.3584906	0.3030303	0.2948718	0.2097902	0.2682927	0.3669725	0.1926606	0.1099476	0.0080321	0.0094637	0.0087719	0.0053763	0.0076628	0.0050761	0.0039683	0.0	0.0	0.0	0.0	0.0	0.0	0.0	0.0	0.0	
Cliff Swallow	0.0	0.0	0.0	0.0	0.0	0.0	0.0	0.0	0.0	0.0	0.0	0.0	0.0	0.0	0.0	0.0014144	0.0015408	0.0	0.0	0.0	0.0	0.0	0.0	0.0	0.0	0.0	0.0	0.0	0.0	0.0	0.0	0.0	0.0	0.0	0.0	0.0	0.0	0.0	0.0	0.0	0.0	0.0	0.0	0.0	0.0	0.0	0.0	0.0	
swallow sp.	0.0	0.0	0.0	0.0	0.0	0.0	0.0	0.0	0.0	0.0	0.0	0.0	0.0	0.0023256	0.0025974	0.0028289	0.0015408	0.0	0.0015	0.0015	0.0	0.0	0.0	0.0076336	0.0	0.0	0.0	0.0	0.0	0.0015	0.0	0.0	0.0	0.0	0.004386	0.0026882	0.0	0.0	0.0	0.0	0.0	0.0	0.0	0.0	0.0	0.0	0.0	0.0	
Ruby-crowned Kinglet	0.0477941	0.0081633	0.0098522	0.0142349	0.0045872	0.0060976	0.004717	0.0	0.0	0.0123457	0.0085106	0.0111111	0.1308411	0.3209302	0.4285714	0.3903819	0.3220339	0.0690236	0.0	0.0015	0.0	0.0	0.0	0.0	0.0	0.0	0.0	0.0	0.0	0.0	0.0	0.0052356	0.0080321	0.0063091	0.127193	0.3387097	0.4636015	0.4771574	0.4801587	0.3791667	0.2316384	0.1024096	0.0960452	0.2745098	0.2625698	0.1666667	0.0903955	0.0534351	
Golden-crowned Kinglet	0.0	0.0	0.0	0.0	0.0	0.0	0.0	0.0	0.0	0.0	0.0015	0.2185185	0.2928349	0.1930233	0.025974	0.0028289	0.0030817	0.0	0.0	0.0	0.0	0.0	0.0	0.0	0.0	0.0	0.0	0.0	0.0	0.0	0.0	0.0	0.0	0.0	0.0	0.172043	0.2758621	0.2538071	0.3412698	0.2083333	0.1581921	0.0963855	0.0564972	0.1535948	0.1620112	0.0942029	0.0734463	0.0229008	
Ruby-crowned/Golden-crowned Kinglet	0.0	0.0	0.0	0.0	0.0	0.0	0.0	0.0	0.0	0.0	0.0	0.0	0.0	0.0	0.0	0.0	0.0	0.0	0.0	0.0	0.0	0.0	0.0	0.0	0.0	0.0	0.0	0.0	0.0	0.0	0.0	0.0	0.0	0.0	0.0	0.0	0.0	0.0	0.0039683	0.0041667	0.0	0.0	0.0	0.0	0.0	0.0	0.0	0.0	
Red-breasted Nuthatch	0.125	0.0571429	0.0295567	0.0676157	0.0229358	0.0426829	0.0377358	0.0096618	0.0290698	0.037037	0.0468085	0.0259259	0.05919	0.0488372	0.0649351	0.0678925	0.1278891	0.0606061	0.016158	0.0	0.0	0.0	0.0	0.0	0.0	0.0	0.0	0.0	0.0	0.0	0.0015	0.0	0.0	0.0063091	0.0	0.0	0.0038314	0.0	0.0277778	0.0166667	0.0	0.0	0.0	0.0	0.0	0.0	0.0	0.0	
White-breasted Nuthatch	0.3786765	0.2816327	0.2857143	0.2882562	0.2293578	0.2378049	0.25	0.2125604	0.3255814	0.191358	0.3574468	0.362963	0.3520249	0.2767442	0.1272727	0.1683168	0.1479199	0.1161616	0.1561939	0.057971	0.0769231	0.030303	0.0833333	0.0610687	0.0754717	0.0151515	0.025641	0.0839161	0.1097561	0.0642202	0.2110092	0.1361257	0.2128514	0.1671924	0.1140351	0.1209677	0.137931	0.1624365	0.1587302	0.1791667	0.1073446	0.126506	0.0847458	0.245098	0.3519553	0.1811594	0.1751412	0.1068702	
Brown Creeper	0.0735294	0.0326531	0.0394089	0.0498221	0.0091743	0.0060976	0.0377358	0.0724638	0.0465116	0.0246914	0.0468085	0.1111111	0.1588785	0.1488372	0.038961	0.0014144	0.0	0.0	0.0	0.0	0.0	0.0	0.0	0.0	0.0	0.0	0.0	0.0	0.0	0.0	0.0	0.0	0.0	0.0	0.004386	0.0295699	0.0727969	0.0304569	0.0634921	0.0416667	0.0282486	0.0542169	0.0451977	0.1830065	0.1843575	0.1376812	0.0677966	0.0687023	
Blue-gray Gnatcatcher	0.0	0.0	0.0	0.0	0.0	0.0	0.0	0.0	0.0	0.0	0.0	0.0	0.046729	0.1372093	0.225974	0.1541726	0.0477658	0.013468	0.0179533	0.0	0.0	0.0	0.0	0.0	0.0	0.0	0.0	0.006993	0.0365854	0.0458716	0.146789	0.078534	0.060241	0.0788644	0.0175439	0.0026882	0.0076628	0.0	0.0	0.0	0.0	0.0	0.0	0.0	0.0	0.0	0.0	0.0	
House Wren	0.0	0.0	0.0	0.0	0.0	0.0	0.0	0.0	0.0	0.0	0.0	0.0	0.0	0.0139535	0.012987	0.1584158	0.1109399	0.0656566	0.0466786	0.0144928	0.010989	0.0606061	0.0015	0.0305344	0.0188679	0.0	0.0128205	0.027972	0.0243902	0.0183486	0.0091743	0.0366492	0.064257	0.1009464	0.1491228	0.1827957	0.1609195	0.1218274	0.0873016	0.0208333	0.0056497	0.0060241	0.0	0.003268	0.0	0.0	0.0	0.0	
Winter Wren	0.0	0.0	0.0	0.0	0.0	0.0	0.0	0.0	0.005814	0.0061728	0.0085106	0.0185185	0.0155763	0.027907	0.0155844	0.0141443	0.0077042	0.0	0.0	0.0	0.0	0.0	0.0	0.0	0.0	0.0	0.0	0.0	0.0	0.0	0.0	0.0	0.0	0.0031546	0.0789474	0.188172	0.1954023	0.0913706	0.234127	0.1208333	0.1016949	0.0421687	0.0112994	0.0294118	0.0055866	0.0	0.0056497	0.0076336	
Marsh Wren	0.0	0.0	0.0	0.0	0.0	0.0	0.0	0.0	0.0	0.0	0.0	0.0	0.0	0.0	0.0	0.0028289	0.0	0.0	0.0	0.0	0.0	0.0	0.0	0.0	0.0	0.0	0.0	0.0	0.0	0.0	0.0	0.0	0.0040161	0.0063091	0.0	0.0107527	0.0038314	0.0050761	0.0	0.0041667	0.0	0.0	0.0	0.0	0.0	0.0	0.0	0.0	
Carolina Wren	0.0294118	0.0244898	0.0295567	0.024911	0.0137615	0.0121951	0.0188679	0.0193237	0.0174419	0.0	0.012766	0.0222222	0.0155763	0.0232558	0.0181818	0.0268741	0.0169492	0.0252525	0.0287253	0.0289855	0.0384615	0.0227273	0.03125	0.0229008	0.0377358	0.030303	0.0128205	0.034965	0.0487805	0.0091743	0.0642202	0.0628272	0.0923695	0.0725552	0.0921053	0.061828	0.0574713	0.0304569	0.0357143	0.0166667	0.0225989	0.0060241	0.0056497	0.003268	0.0055866	0.0362319	0.0225989	0.0152672	
wren sp.	0.0	0.0	0.0	0.0	0.0	0.0	0.0	0.0	0.0	0.0	0.0	0.0	0.0	0.0	0.0	0.0	0.0	0.0	0.0	0.0	0.0	0.0	0.0	0.0	0.009434	0.0	0.0	0.0	0.0	0.0	0.0	0.0	0.0	0.0	0.004386	0.0	0.0	0.0	0.0	0.0	0.0	0.0	0.0	0.0	0.0	0.0	0.0	0.0	
European Starling	0.4889706	0.4979592	0.4630542	0.4733096	0.3577982	0.3902439	0.4575472	0.5652174	0.4883721	0.4444444	0.4851064	0.6037037	0.5856698	0.7488372	0.7558442	0.7227723	0.7842835	0.8097643	0.8132855	0.7855072	0.7197802	0.8106061	0.8020833	0.8015267	0.7358491	0.7878788	0.5897436	0.7132867	0.6219512	0.7155963	0.6605505	0.6544503	0.6104418	0.6246057	0.6666667	0.577957	0.6283525	0.5786802	0.6071429	0.6041667	0.4632768	0.4638554	0.4745763	0.4705882	0.575419	0.4710145	0.6384181	0.4427481	
Gray Catbird	0.0441176	0.0081633	0.0197044	0.0106762	0.0091743	0.0060976	0.004717	0.0096618	0.0	0.0061728	0.0085106	0.0	0.0093458	0.0046512	0.0051948	0.3663366	0.7642527	0.7659933	0.7666068	0.5855072	0.5164835	0.4772727	0.4583333	0.4427481	0.3301887	0.469697	0.2948718	0.4405594	0.3780488	0.3853211	0.559633	0.4554974	0.5702811	0.5394322	0.6096491	0.5456989	0.605364	0.4263959	0.265873	0.1625	0.079096	0.0481928	0.0451977	0.0261438	0.0391061	0.0217391	0.0564972	0.0015	
Brown Thrasher	0.0220588	0.0040816	0.0049261	0.0071174	0.0045872	0.0121951	0.0	0.0048309	0.005814	0.0246914	0.0340426	0.0111111	0.0280374	0.0534884	0.0311688	0.0466761	0.0215716	0.020202	0.005386	0.0028986	0.010989	0.0075758	0.0	0.0	0.0	0.0	0.0	0.0	0.0	0.0	0.0	0.0	0.0	0.0378549	0.1403509	0.1962366	0.210728	0.106599	0.0833333	0.0125	0.0	0.0	0.0	0.0	0.0015	0.0	0.0015	0.0	
Northern Mockingbird	0.1544118	0.1183673	0.1231527	0.1209964	0.0917431	0.1341463	0.1179245	0.1497585	0.1104651	0.1049383	0.093617	0.0851852	0.1246106	0.1255814	0.1142857	0.106082	0.1093991	0.0774411	0.1059246	0.0956522	0.1978022	0.219697	0.1979167	0.2824427	0.1981132	0.1515152	0.2307692	0.1678322	0.195122	0.2477064	0.2844037	0.2094241	0.1204819	0.1104101	0.1052632	0.172043	0.1685824	0.2182741	0.2222222	0.2208333	0.180791	0.1445783	0.1016949	0.0882353	0.1117318	0.1521739	0.1977401	0.2061069	
Eastern Bluebird	0.0	0.0	0.0	0.0	0.0	0.0	0.0015	0.0	0.0	0.0	0.0	0.0074074	0.0	0.0023256	0.0	0.0	0.0	0.0	0.0	0.0	0.0	0.0	0.0	0.0	0.0	0.0	0.0	0.0	0.0	0.0	0.0	0.0	0.0	0.0	0.0	0.0	0.0	0.0	0.0	0.0	0.0225989	0.0060241	0.0	0.0	0.0	0.0	0.0	0.0	
Varied Thrush	0.0	0.0	0.0	0.0	0.0	0.0	0.0	0.0	0.0	0.0	0.0	0.0	0.0	0.0	0.0	0.0015	0.0	0.0	0.0	0.0	0.0	0.0	0.0	0.0	0.0	0.0	0.0	0.0	0.0	0.0	0.0	0.0	0.0	0.0	0.0	0.0	0.0	0.0	0.0	0.0	0.0	0.0	0.0	0.0	0.0	0.0	0.0	0.0	
Veery	0.0	0.0	0.0	0.0	0.0	0.0	0.0	0.0	0.0	0.0	0.0	0.0	0.0	0.0	0.0	0.1824611	0.2942989	0.1531987	0.2854578	0.0753623	0.010989	0.0	0.0	0.0	0.0	0.0	0.0	0.0	0.0121951	0.0091743	0.0	0.1623037	0.313253	0.214511	0.1359649	0.0564516	0.0229885	0.0	0.0	0.0015	0.0	0.0	0.0	0.0	0.0	0.0	0.0	0.0	
Gray-cheeked Thrush	0.0	0.0	0.0	0.0	0.0	0.0	0.0	0.0	0.0	0.0	0.0	0.0	0.0	0.0	0.0	0.0	0.0	0.006734	0.1256732	0.1594203	0.0054945	0.0	0.0	0.0	0.0	0.0	0.0	0.0	0.0	0.0	0.0	0.0	0.0040161	0.0094637	0.0175439	0.0456989	0.0	0.0050761	0.0119048	0.0	0.0	0.0	0.0	0.0	0.0	0.0	0.0	0.0	
Bicknell's Thrush	0.0	0.0	0.0	0.0	0.0	0.0	0.0	0.0	0.0	0.0	0.0	0.0	0.0	0.0	0.0	0.0	0.0	0.0	0.005386	0.0086957	0.0	0.0	0.0	0.0	0.0	0.0	0.0	0.0	0.0	0.0	0.0	0.0	0.0	0.0	0.0	0.0	0.0	0.0	0.0	0.0	0.0	0.0	0.0	0.0	0.0	0.0	0.0	0.0	
Gray-cheeked/Bicknell's Thrush	0.0	0.0	0.0	0.0	0.0	0.0	0.0	0.0	0.0	0.0	0.0	0.0	0.0	0.0	0.0	0.0	0.0	0.0	0.0071813	0.0115942	0.0	0.0	0.0	0.0	0.0	0.0	0.0	0.0	0.0	0.0	0.0	0.0052356	0.0	0.0	0.0	0.0	0.0	0.0	0.0	0.0	0.0	0.0	0.0	0.0	0.0	0.0	0.0	0.0	
Swainson's Thrush	0.0	0.0	0.0	0.0	0.0	0.0	0.0	0.0	0.0	0.0	0.0	0.0	0.0	0.0	0.0	0.0820368	0.1987673	0.1582492	0.438061	0.2173913	0.0164835	0.0075758	0.0	0.0	0.0	0.0	0.0	0.0	0.0121951	0.0	0.0091743	0.0104712	0.0923695	0.2649842	0.2675439	0.2956989	0.2337165	0.1015228	0.0515873	0.0083333	0.0	0.0	0.0	0.0	0.0	0.0	0.0	0.0	
Hermit Thrush	0.0183824	0.0040816	0.0049261	0.0142349	0.0	0.0121951	0.004717	0.0	0.0	0.0	0.0085106	0.0074074	0.211838	0.2930233	0.2883117	0.3168317	0.2265023	0.0808081	0.0233393	0.0	0.0	0.0	0.0	0.0	0.0	0.0	0.0	0.0	0.0	0.0	0.0	0.0052356	0.0	0.0015	0.0	0.0349462	0.0727969	0.3147208	0.5515873	0.3916667	0.4237288	0.2710843	0.1864407	0.1960784	0.2234637	0.1086957	0.1242938	0.0152672	
Catharus sp.	0.0	0.0	0.0	0.0	0.0	0.0	0.0	0.0	0.0	0.0	0.0	0.0	0.0	0.0	0.0	0.009901	0.0123267	0.003367	0.048474	0.0318841	0.0	0.0	0.0	0.0	0.0	0.0	0.0	0.0	0.0	0.0	0.0091743	0.0157068	0.0120482	0.0473186	0.0482456	0.0215054	0.0344828	0.035533	0.0198413	0.0041667	0.0112994	0.0	0.0	0.0	0.0	0.0	0.0	0.0	
Wood Thrush	0.0	0.0	0.0	0.0	0.0	0.0	0.0	0.0	0.0	0.0	0.0	0.0	0.0031153	0.0	0.0015	0.1570014	0.2773498	0.1885522	0.1274686	0.057971	0.0549451	0.030303	0.0416667	0.0076336	0.0188679	0.0	0.0	0.020979	0.0121951	0.0183486	0.0275229	0.0157068	0.0361446	0.0378549	0.0526316	0.0806452	0.0957854	0.0507614	0.0	0.0041667	0.0056497	0.0	0.0	0.0	0.0	0.0	0.0	0.0	
American Robin	0.3823529	0.2571429	0.270936	0.3345196	0.2706422	0.1646341	0.3254717	0.3768116	0.4883721	0.5740741	0.4893617	0.7259259	0.7663551	0.7348837	0.7922078	0.8048091	0.816641	0.8080808	0.8599641	0.8144928	0.8351648	0.75	0.78125	0.7862595	0.745283	0.7727273	0.6410256	0.6713287	0.6463415	0.6513761	0.7522936	0.7434555	0.7791165	0.7507886	0.7631579	0.7473118	0.7318008	0.6192893	0.6984127	0.6	0.5310734	0.4096386	0.3389831	0.369281	0.3128492	0.2826087	0.3107345	0.2671756	
thrush sp.	0.0	0.0	0.0	0.0	0.0	0.0	0.0	0.0	0.0	0.0	0.0	0.0	0.0	0.0	0.0	0.0014144	0.0015408	0.0	0.0017953	0.0	0.0	0.0	0.0	0.0	0.0	0.0	0.0	0.0	0.0	0.0	0.0	0.0	0.0	0.0	0.0	0.0	0.0	0.0	0.0	0.0	0.0	0.0	0.0	0.0	0.0	0.0	0.0	0.0	
Cedar Waxwing	0.0404412	0.0040816	0.0049261	0.0035587	0.0	0.0	0.009434	0.0	0.0	0.0	0.0042553	0.0074074	0.0	0.0046512	0.0025974	0.0070721	0.0138675	0.0319865	0.3141831	0.2550725	0.3186813	0.2121212	0.2395833	0.1526718	0.1320755	0.1363636	0.1153846	0.0979021	0.1463415	0.0825688	0.0366972	0.078534	0.0522088	0.1671924	0.1052632	0.0967742	0.0689655	0.1116751	0.0436508	0.0083333	0.039548	0.0060241	0.039548	0.0163399	0.0223464	0.0	0.0282486	0.0076336	
House Sparrow	0.7904412	0.7265306	0.6009852	0.7117438	0.6192661	0.7012195	0.6886792	0.7198068	0.7383721	0.7407407	0.7148936	0.7481481	0.7632399	0.7651163	0.8311688	0.8048091	0.844376	0.8855219	0.8779174	0.8666667	0.9065934	0.8636364	0.9270833	0.8931298	0.8396226	0.9090909	0.9102564	0.8391608	0.7804878	0.853211	0.8165138	0.7853403	0.8192771	0.7728707	0.8201754	0.7177419	0.7586207	0.7766497	0.7301587	0.7	0.6610169	0.6987952	0.6553672	0.7254902	0.7541899	0.7536232	0.7966102	0.740458	
American Pipit	0.0	0.0122449	0.0	0.0	0.0	0.0	0.0	0.0	0.0	0.0	0.0	0.0	0.0	0.0	0.0	0.0028289	0.0	0.0	0.0	0.0	0.0	0.0	0.0	0.0	0.0	0.0	0.0	0.0	0.0	0.0	0.0	0.0	0.0	0.0	0.0	0.0	0.0	0.0	0.0119048	0.0083333	0.0	0.0015	0.0056497	0.003268	0.0	0.0217391	0.0338983	0.0	
House Finch	0.2169118	0.1428571	0.1724138	0.1779359	0.0917431	0.097561	0.1556604	0.1835749	0.1569767	0.2283951	0.1617021	0.1777778	0.1619938	0.1651163	0.2	0.3140028	0.2788906	0.2104377	0.1687612	0.1652174	0.2692308	0.1363636	0.1979167	0.1679389	0.1320755	0.1060606	0.1282051	0.1188811	0.097561	0.1009174	0.1926606	0.1099476	0.1606426	0.1293375	0.1008772	0.1397849	0.1494253	0.1573604	0.1230159	0.1208333	0.0960452	0.126506	0.0677966	0.2352941	0.2849162	0.1811594	0.2429379	0.1908397	
Purple Finch	0.0	0.0040816	0.0	0.0	0.0	0.0	0.0	0.0	0.0	0.0	0.0	0.0	0.0031153	0.0	0.012987	0.0113154	0.0030817	0.0	0.0035907	0.0	0.0054945	0.0	0.0	0.0	0.0	0.0	0.0	0.0	0.0	0.0	0.0	0.0	0.0040161	0.0	0.0	0.0026882	0.0	0.0	0.0039683	0.0	0.0	0.0	0.0	0.003268	0.0055866	0.0072464	0.0	0.0	
House/Purple Finch	0.0	0.0	0.0	0.0	0.0	0.0	0.0	0.0	0.0	0.0	0.0	0.0	0.0	0.0	0.0	0.0	0.0	0.0	0.0017953	0.0	0.0	0.0	0.0	0.0	0.0	0.0	0.0	0.0	0.0	0.0	0.0	0.0104712	0.0040161	0.0	0.004386	0.0	0.0038314	0.0	0.0079365	0.0	0.0	0.0	0.0	0.003268	0.0	0.0	0.0	0.0	
European Goldfinch	0.0	0.0	0.0	0.0	0.0	0.0	0.0	0.0	0.0	0.0	0.0	0.0	0.0	0.0	0.0	0.0	0.0	0.0	0.0	0.0	0.0	0.0	0.0	0.0	0.0	0.0	0.0	0.0	0.0	0.0	0.0	0.0	0.0	0.0	0.0	0.0	0.0	0.0	0.0	0.0	0.0	0.0	0.0	0.0	0.0	0.0	0.0169492	0.0	
Pine Siskin	0.0	0.0081633	0.0	0.0	0.0	0.0	0.0	0.0	0.0	0.0	0.0	0.0037037	0.0	0.0	0.0	0.0141443	0.0	0.0016835	0.0	0.0	0.0054945	0.0	0.0	0.0	0.0	0.0	0.0	0.0	0.0	0.0	0.0	0.0	0.0	0.0	0.0	0.0	0.0	0.0	0.0	0.0	0.0	0.0	0.0	0.0	0.0446927	0.0072464	0.0112994	0.0229008	
American Goldfinch	0.1727941	0.1061224	0.1231527	0.0996441	0.0825688	0.0792683	0.1037736	0.0821256	0.0813953	0.1111111	0.2	0.1592593	0.1993769	0.244186	0.2727273	0.2461103	0.192604	0.1784512	0.1113106	0.0289855	0.032967	0.0151515	0.0104167	0.0381679	0.009434	0.0	0.0897436	0.0629371	0.0365854	0.1743119	0.146789	0.1518325	0.0963855	0.1293375	0.1052632	0.1155914	0.0996169	0.106599	0.0912698	0.0625	0.039548	0.0180723	0.0508475	0.2843137	0.2513966	0.1666667	0.1638418	0.0992366	
Acanthis/Spinus sp.	0.0	0.0	0.0	0.0	0.0	0.0	0.0	0.0	0.0	0.0	0.0	0.0	0.0	0.0	0.0	0.0	0.0	0.0	0.0	0.0	0.0	0.0	0.0	0.0	0.0	0.0	0.0	0.006993	0.0	0.0	0.0	0.0	0.0	0.0031546	0.0	0.0	0.0	0.0	0.0039683	0.0	0.0	0.0	0.0	0.0	0.0	0.0	0.0	0.0	
finch sp.	0.0	0.0	0.0	0.0	0.0	0.0	0.0	0.0	0.0	0.0	0.0	0.0	0.0	0.0	0.0	0.0	0.0	0.0	0.0	0.0	0.0	0.0	0.0	0.0	0.0	0.0	0.0	0.0	0.0	0.0	0.0	0.0	0.0	0.0	0.0	0.0	0.0	0.0	0.0	0.0041667	0.0	0.0	0.0	0.0	0.0	0.0	0.0	0.0	
Snow Bunting	0.0	0.0040816	0.0	0.0	0.0	0.0015	0.0	0.0	0.0	0.0	0.0	0.0	0.0	0.0	0.0	0.0	0.0	0.0	0.0	0.0	0.0	0.0	0.0	0.0	0.0	0.0	0.0	0.0	0.0	0.0	0.0	0.0	0.0	0.0	0.0	0.0	0.0	0.0	0.0	0.0	0.0	0.0301205	0.0056497	0.0	0.0	0.0	0.0225989	0.0	
Chipping Sparrow	0.0036765	0.0040816	0.0	0.0	0.0	0.0060976	0.0	0.0	0.0	0.0	0.0	0.037037	0.1744548	0.2418605	0.2285714	0.2673267	0.1879815	0.0791246	0.0466786	0.0086957	0.010989	0.0151515	0.0208333	0.0839695	0.0	0.0	0.0128205	0.013986	0.0	0.0091743	0.0	0.0052356	0.0120482	0.0126183	0.0	0.0349462	0.0957854	0.1928934	0.3492063	0.2916667	0.2372881	0.1204819	0.039548	0.0196078	0.0	0.0015	0.0169492	0.0	
Clay-colored Sparrow	0.0	0.0	0.0	0.0	0.0	0.0	0.0	0.0	0.0	0.0	0.0	0.0	0.0	0.0	0.0	0.0042433	0.0	0.0	0.0	0.0	0.0	0.0	0.0	0.0	0.0	0.0	0.0	0.0	0.0	0.0	0.0	0.0	0.0	0.0	0.0	0.0026882	0.0038314	0.0	0.0079365	0.0	0.0056497	0.0	0.0	0.0	0.0	0.0	0.0	0.0	
Field Sparrow	0.0	0.0040816	0.0049261	0.0	0.0	0.0	0.004717	0.0	0.0	0.0	0.0	0.0	0.0186916	0.0372093	0.1428571	0.0622348	0.0123267	0.003367	0.005386	0.0	0.0054945	0.0	0.0	0.0	0.0	0.0	0.0	0.0	0.0	0.0	0.0	0.0052356	0.0	0.0	0.0	0.0134409	0.0114943	0.0456853	0.1547619	0.1	0.0960452	0.0421687	0.0	0.003268	0.0	0.0072464	0.0	0.0	
Spizella sp.	0.0	0.0	0.0	0.0	0.0	0.0	0.0	0.0	0.0	0.0	0.0	0.0	0.0	0.0	0.0	0.0	0.0	0.0	0.0	0.0	0.0	0.0	0.0	0.0	0.0	0.0	0.0	0.0	0.0	0.0	0.0	0.0	0.0	0.0	0.0	0.0026882	0.0	0.0	0.0	0.0041667	0.0	0.0	0.0	0.0	0.0	0.0015	0.0	0.0	
Lark Sparrow	0.0	0.0	0.0	0.0	0.0	0.0	0.0	0.0	0.0	0.0	0.0	0.0	0.0	0.0	0.0	0.0	0.0	0.0	0.0	0.0	0.0	0.0	0.0	0.0	0.0	0.0	0.0	0.0	0.0	0.0	0.0	0.0	0.0	0.0031546	0.0	0.0	0.0	0.0	0.0	0.0	0.0	0.0	0.0	0.0	0.0	0.0	0.0	0.0	
American Tree Sparrow	0.0036765	0.0081633	0.0	0.0035587	0.0	0.0	0.004717	0.0	0.0	0.0	0.0015	0.0	0.0	0.0	0.0	0.0	0.0	0.0	0.0	0.0	0.0	0.0	0.0	0.0	0.0	0.0	0.0	0.0	0.0	0.0	0.0	0.0	0.0	0.0	0.0	0.0	0.0	0.0	0.0	0.0015	0.0	0.0060241	0.0056497	0.0	0.0	0.0	0.0	0.0	
Spizella sp./American Tree Sparrow	0.0	0.0	0.0	0.0	0.0	0.0	0.0	0.0	0.0	0.0	0.0	0.0	0.0	0.0	0.0	0.0	0.0	0.0	0.0	0.0	0.0	0.0	0.0	0.0	0.0	0.0	0.0	0.0	0.0	0.0	0.0	0.0	0.0	0.0	0.0	0.0	0.0	0.0	0.0	0.0015	0.0	0.0	0.0	0.0	0.0	0.0	0.0	0.0	
Fox Sparrow	0.1507353	0.1346939	0.0689655	0.0604982	0.0458716	0.0670732	0.0707547	0.1014493	0.1046512	0.1234568	0.3787234	0.262963	0.1557632	0.0209302	0.0025974	0.0	0.0	0.0	0.0	0.0	0.0	0.0	0.0	0.0	0.0	0.0	0.0	0.0	0.0	0.0	0.0	0.0	0.0	0.0	0.0	0.0	0.0	0.0	0.0	0.0041667	0.0225989	0.0783133	0.1186441	0.3169935	0.2905028	0.1666667	0.1581921	0.0916031	
Dark-eyed Junco	0.2352941	0.1877551	0.1034483	0.1281139	0.0688073	0.1036585	0.0990566	0.1449275	0.1337209	0.1851852	0.2255319	0.4037037	0.3426791	0.2930233	0.1064935	0.0183876	0.0046225	0.0016835	0.0	0.0	0.0	0.0	0.0	0.0	0.0	0.0	0.0	0.0	0.0	0.0	0.0	0.0	0.0	0.0	0.0219298	0.061828	0.0536398	0.1725888	0.3293651	0.2875	0.4971751	0.3915663	0.2711864	0.5882353	0.3072626	0.1884058	0.2937853	0.1603053	
White-crowned Sparrow	0.0	0.0	0.0	0.0	0.0	0.0	0.0	0.0	0.0	0.0	0.0	0.0	0.0	0.0	0.0	0.029703	0.0493066	0.030303	0.0412926	0.0	0.0	0.0	0.0	0.0	0.0	0.0	0.0	0.0	0.0	0.0	0.0	0.0	0.0	0.0	0.004386	0.0376344	0.0191571	0.0609137	0.0753968	0.0416667	0.0112994	0.0	0.0225989	0.0	0.0	0.0	0.0056497	0.0	
White-throated Sparrow	0.6691176	0.6244898	0.5812808	0.6120996	0.5688073	0.6036585	0.4575472	0.4444444	0.5639535	0.5679012	0.7148936	0.6518519	0.6697819	0.7069767	0.7662338	0.738331	0.6856703	0.5084175	0.2908438	0.1275362	0.0604396	0.0	0.0104167	0.0076336	0.009434	0.030303	0.0128205	0.048951	0.0121951	0.0	0.0091743	0.0157068	0.0160643	0.0410095	0.1710526	0.5215054	0.5785441	0.6497462	0.7420635	0.7125	0.6836158	0.560241	0.6045198	0.7320261	0.6480447	0.5869565	0.6384181	0.4885496	
Vesper Sparrow	0.0	0.0	0.0	0.0	0.0	0.0	0.0	0.0	0.0	0.0	0.0	0.0	0.0	0.0	0.0	0.0	0.0	0.0	0.0	0.0	0.0	0.0	0.0	0.0	0.0	0.0	0.0	0.0	0.0	0.0	0.0	0.0	0.0	0.0	0.0	0.0	0.0	0.0050761	0.0198413	0.0291667	0.0056497	0.0120482	0.0	0.0	0.0	0.0	0.0	0.0	
Nelson's Sparrow	0.0	0.0	0.0	0.0	0.0	0.0	0.0	0.0	0.0	0.0	0.0	0.0	0.0	0.0	0.0	0.0	0.0	0.0	0.0	0.0	0.0	0.0	0.0	0.0	0.0	0.0	0.0	0.0	0.0	0.0	0.0	0.0	0.0	0.0	0.0	0.0026882	0.0076628	0.0101523	0.0	0.0041667	0.0	0.0	0.0	0.0	0.0	0.0	0.0	0.0	
Saltmarsh Sparrow	0.0	0.0	0.0	0.0	0.0	0.0	0.0	0.0	0.0	0.0	0.0	0.0	0.0	0.0	0.0	0.0014144	0.0	0.0	0.0	0.0	0.0	0.0	0.0	0.0	0.0	0.0	0.0	0.0	0.0	0.0	0.0	0.0	0.0	0.0	0.0	0.0	0.0	0.0050761	0.0	0.0	0.0	0.0	0.0	0.0	0.0	0.0	0.0	0.0	
Nelson's/Saltmarsh Sparrow (Sharp-tailed Sparrow)	0.0	0.0	0.0	0.0	0.0	0.0	0.0	0.0	0.0	0.0	0.0	0.0	0.0	0.0	0.0	0.0	0.0	0.0	0.0	0.0	0.0	0.0	0.0	0.0	0.0	0.0	0.0	0.0	0.0	0.0	0.0	0.0	0.0	0.0	0.0	0.0026882	0.0038314	0.0	0.0	0.0041667	0.0	0.0	0.0	0.0	0.0	0.0	0.0	0.0	
Savannah Sparrow	0.0	0.0	0.0	0.0	0.0	0.0	0.0	0.0	0.0	0.0	0.0	0.0	0.0031153	0.0325581	0.038961	0.0650636	0.0046225	0.013468	0.0143627	0.0057971	0.0	0.0	0.0	0.0	0.0	0.0	0.0	0.0	0.0	0.0	0.0	0.0	0.0	0.0031546	0.0175439	0.0564516	0.0727969	0.0761421	0.047619	0.0458333	0.0338983	0.0240964	0.0112994	0.003268	0.0055866	0.0015	0.0	0.0	
Song Sparrow	0.1838235	0.2244898	0.1773399	0.1565836	0.0779817	0.1402439	0.1132075	0.1835749	0.1918605	0.2839506	0.3617021	0.5037037	0.5109034	0.3395349	0.2857143	0.2107496	0.1525424	0.1329966	0.1615799	0.1246377	0.2142857	0.1590909	0.2291667	0.2671756	0.1509434	0.2121212	0.1794872	0.1888112	0.1707317	0.2568807	0.2477064	0.0942408	0.0963855	0.0820189	0.127193	0.2177419	0.3371648	0.5025381	0.6507937	0.4125	0.4124294	0.3192771	0.2033898	0.245098	0.1284916	0.1956522	0.2316384	0.1679389	
Lincoln's Sparrow	0.0	0.0	0.0	0.0	0.0	0.0	0.004717	0.0	0.0	0.0	0.0	0.0037037	0.0062305	0.0093023	0.0025974	0.0084866	0.0770416	0.0016835	0.032316	0.0115942	0.0	0.0	0.0	0.0	0.0	0.0	0.0	0.0	0.0	0.0	0.0	0.0	0.0	0.0094637	0.0438596	0.0483871	0.0383142	0.0	0.0436508	0.0125	0.0	0.0060241	0.0	0.0	0.0	0.0	0.0	0.0	
Swamp Sparrow	0.0514706	0.0571429	0.0295567	0.0533808	0.0091743	0.0121951	0.0141509	0.0096618	0.005814	0.0246914	0.0382979	0.0962963	0.105919	0.1116279	0.1480519	0.1499293	0.1525424	0.1127946	0.043088	0.0028986	0.0	0.0	0.0	0.0	0.0	0.0151515	0.0	0.0	0.0	0.0	0.0	0.0	0.0	0.0015	0.0263158	0.1290323	0.1455939	0.2081218	0.2103175	0.0666667	0.0734463	0.0421687	0.0225989	0.0784314	0.0167598	0.0	0.0015	0.0	
Lincoln's/Swamp Sparrow	0.0	0.0	0.0	0.0	0.0	0.0	0.0	0.0	0.0	0.0	0.0	0.0	0.0	0.0	0.0	0.0	0.0	0.0	0.0	0.0	0.0	0.0	0.0	0.0	0.0	0.0	0.0	0.0	0.0	0.0	0.0	0.0	0.0	0.0031546	0.0	0.0	0.0	0.0	0.0	0.0	0.0	0.0	0.0	0.0	0.0	0.0	0.0	0.0	
Eastern Towhee	0.0441176	0.0367347	0.0344828	0.024911	0.0091743	0.0304878	0.009434	0.0096618	0.005814	0.0308642	0.0085106	0.0148148	0.0249221	0.1348837	0.2571429	0.2984441	0.2419106	0.1414141	0.037702	0.0289855	0.010989	0.0	0.0104167	0.0	0.0188679	0.0	0.0	0.013986	0.0	0.0	0.0091743	0.0	0.0	0.0126183	0.0087719	0.0564516	0.2528736	0.248731	0.2777778	0.1291667	0.0847458	0.0361446	0.0056497	0.0130719	0.0	0.0015	0.0015	0.0	
sparrow sp.	0.0036765	0.0122449	0.0049261	0.0035587	0.0	0.0	0.009434	0.0096618	0.005814	0.0061728	0.0170213	0.0074074	0.0093458	0.0069767	0.0077922	0.0084866	0.0046225	0.006734	0.0089767	0.0	0.0	0.0075758	0.0	0.0152672	0.0	0.0	0.0	0.0	0.0	0.0091743	0.0	0.0104712	0.0040161	0.0	0.0175439	0.0215054	0.0191571	0.0304569	0.0396825	0.0166667	0.0169492	0.0180723	0.0282486	0.0065359	0.0	0.0	0.0015	0.0076336	
Yellow-breasted Chat	0.0	0.0	0.0	0.0	0.0	0.0	0.0	0.0	0.0	0.0	0.0	0.0	0.0	0.0	0.0	0.0	0.0	0.0	0.0	0.0	0.0	0.0	0.0	0.0	0.0	0.0	0.0	0.0	0.0	0.0	0.0	0.0	0.0	0.0	0.0	0.0	0.0	0.0	0.0015	0.0166667	0.0	0.0	0.0	0.0	0.0	0.0	0.0	0.0	
Bobolink	0.0	0.0	0.0	0.0	0.0	0.0	0.0	0.0	0.0	0.0	0.0	0.0	0.0	0.0	0.0	0.0	0.0077042	0.0016835	0.0	0.0	0.0	0.0	0.0	0.0	0.0	0.0	0.0	0.0	0.0	0.0	0.0	0.0	0.0	0.0094637	0.0087719	0.0	0.0	0.0050761	0.0	0.0	0.0	0.0	0.0	0.0	0.0	0.0	0.0	0.0	
Eastern Meadowlark	0.0	0.0	0.0	0.0	0.0	0.0	0.0	0.0	0.0	0.0	0.0	0.0	0.0	0.0	0.0	0.0014144	0.0	0.0	0.0	0.0	0.0	0.0	0.0	0.0	0.0	0.0	0.0	0.0	0.0	0.0	0.0	0.0	0.0	0.0	0.0	0.0	0.0	0.0	0.0	0.0416667	0.0112994	0.0	0.0	0.0	0.0	0.0	0.0	0.0	
Orchard Oriole	0.0	0.0	0.0	0.0	0.0	0.0	0.0	0.0	0.0	0.0	0.0	0.0	0.0031153	0.0	0.0	0.0240453	0.0801233	0.0824916	0.0628366	0.0202899	0.021978	0.0378788	0.0416667	0.0687023	0.0	0.0	0.0	0.020979	0.0	0.0	0.0	0.0	0.0	0.0	0.0	0.0	0.0	0.0	0.0	0.0	0.0	0.0	0.0	0.0	0.0	0.0	0.0	0.0	
Baltimore Oriole	0.0015	0.0	0.0	0.0	0.0	0.0	0.0	0.0	0.0	0.0	0.0	0.0	0.0	0.0	0.0	0.1414427	0.4468413	0.4494949	0.5601436	0.3710145	0.2582418	0.219697	0.21875	0.129771	0.0849057	0.0606061	0.1025641	0.1118881	0.1097561	0.1192661	0.2385321	0.1308901	0.1767068	0.1072555	0.0263158	0.0107527	0.0153257	0.0	0.0	0.0083333	0.0	0.0	0.0	0.0	0.0	0.0	0.0	0.0	
Red-winged Blackbird	0.0147059	0.0122449	0.0	0.0177936	0.0	0.0365854	0.0754717	0.0628019	0.122093	0.154321	0.2425532	0.1703704	0.2180685	0.2860465	0.3844156	0.4681754	0.4098613	0.3956229	0.3698384	0.3275362	0.3241758	0.280303	0.34375	0.2748092	0.2169811	0.2121212	0.2307692	0.2307692	0.1585366	0.2477064	0.0458716	0.0157068	0.0120482	0.0126183	0.0131579	0.0107527	0.0076628	0.0101523	0.0357143	0.0125	0.0677966	0.0421687	0.0451977	0.1470588	0.1452514	0.0507246	0.1299435	0.0152672	
Brown-headed Cowbird	0.0367647	0.044898	0.0049261	0.024911	0.0229358	0.0182927	0.009434	0.0	0.005814	0.0	0.0297872	0.0074074	0.0373832	0.1232558	0.2233766	0.155587	0.1124807	0.1161616	0.1220826	0.0869565	0.1263736	0.0530303	0.0833333	0.0305344	0.0188679	0.0757576	0.0897436	0.0559441	0.0853659	0.1100917	0.0458716	0.0575916	0.0481928	0.0410095	0.0307018	0.0591398	0.0498084	0.0659898	0.0634921	0.0333333	0.0112994	0.0015	0.0015	0.0065359	0.0055866	0.0362319	0.039548	0.0381679	
Rusty Blackbird	0.0	0.0	0.0	0.0035587	0.0	0.0	0.004717	0.0	0.0	0.0	0.0765957	0.0222222	0.0311526	0.0232558	0.025974	0.0070721	0.0015408	0.003367	0.0	0.0	0.0	0.0	0.0	0.0	0.0	0.0	0.0	0.0	0.0	0.0	0.0	0.0	0.0	0.0	0.0	0.0	0.0	0.0	0.0039683	0.0	0.0	0.0	0.0	0.0065359	0.0335196	0.0289855	0.0169492	0.0458015	
Common Grackle	0.125	0.1142857	0.1133005	0.1032028	0.0733945	0.1707317	0.2169811	0.2608696	0.2674419	0.3271605	0.5021277	0.4185185	0.411215	0.4767442	0.5714286	0.5671853	0.633282	0.5841751	0.6570916	0.5652174	0.5989011	0.5757576	0.5520833	0.5419847	0.3867925	0.5	0.3461538	0.4335664	0.3536585	0.3486239	0.440367	0.4397906	0.3935743	0.384858	0.3508772	0.3897849	0.4291188	0.3045685	0.2936508	0.2666667	0.1525424	0.1807229	0.0960452	0.3104575	0.3575419	0.2173913	0.2542373	0.1450382	
Boat-tailed Grackle	0.0	0.0	0.0	0.0	0.0	0.0	0.0	0.0	0.0	0.0	0.0	0.0	0.0	0.0023256	0.0025974	0.0	0.0015408	0.0	0.0	0.0	0.0	0.0	0.0	0.0	0.0	0.0	0.0	0.0	0.0	0.0	0.0	0.0	0.0	0.0	0.0	0.0	0.0	0.0	0.0	0.0	0.0	0.0	0.0056497	0.003268	0.0223464	0.0	0.0169492	0.0	
grackle sp.	0.0	0.0	0.0	0.0	0.0	0.0	0.0	0.0	0.0	0.0	0.0	0.0	0.0	0.0	0.0	0.0	0.0015408	0.0	0.0017953	0.0	0.0	0.0	0.0	0.0	0.0	0.0	0.0	0.0	0.0	0.0	0.0	0.0	0.0	0.0	0.0	0.0	0.0	0.0	0.0	0.0	0.0	0.0	0.0	0.0	0.0	0.0	0.0	0.0	
blackbird sp.	0.0	0.0040816	0.0	0.0035587	0.0	0.0060976	0.004717	0.0048309	0.005814	0.0	0.0042553	0.0	0.0062305	0.0116279	0.0025974	0.0070721	0.0030817	0.0050505	0.0015	0.0	0.0	0.0	0.0104167	0.0	0.0	0.0151515	0.0	0.027972	0.0	0.0	0.0	0.0	0.0	0.0	0.0	0.0026882	0.0076628	0.0050761	0.0079365	0.0041667	0.0056497	0.0240964	0.0169492	0.0163399	0.0111732	0.0217391	0.0225989	0.0015	
Ovenbird	0.0	0.0122449	0.0049261	0.0071174	0.0	0.0	0.0	0.0	0.0	0.0	0.0042553	0.0	0.0	0.0	0.0	0.241867	0.5469954	0.473064	0.475763	0.1362319	0.0494505	0.0075758	0.0104167	0.0	0.0	0.0151515	0.0	0.006993	0.0121951	0.0183486	0.0642202	0.1204188	0.2409639	0.214511	0.2105263	0.1370968	0.1685824	0.1116751	0.0436508	0.0083333	0.0	0.0060241	0.0	0.003268	0.0111732	0.0	0.0112994	0.0	
Worm-eating Warbler	0.0	0.0	0.0	0.0	0.0	0.0	0.0	0.0	0.0	0.0	0.0	0.0	0.0	0.0	0.0	0.0353607	0.0770416	0.1043771	0.0718133	0.0057971	0.0054945	0.0	0.0	0.0076336	0.0	0.0	0.0	0.006993	0.0243902	0.0091743	0.0275229	0.026178	0.0040161	0.0063091	0.0	0.0026882	0.0	0.0	0.0	0.0	0.0	0.0	0.0	0.0	0.0	0.0	0.0	0.0	
Louisiana Waterthrush	0.0	0.0	0.0	0.0	0.0	0.0	0.0	0.0	0.0	0.0	0.0	0.0	0.0280374	0.0744186	0.0519481	0.0749646	0.05547	0.003367	0.0143627	0.0	0.0	0.0	0.0	0.0	0.0	0.0	0.0	0.041958	0.0365854	0.0091743	0.0183486	0.0157068	0.0040161	0.0	0.0	0.0	0.0	0.0	0.0	0.0	0.0	0.0	0.0	0.0	0.0	0.0	0.0	0.0	
Northern Waterthrush	0.0	0.0	0.0	0.0	0.0	0.0	0.0	0.0	0.0	0.0	0.0	0.0	0.0	0.0	0.0727273	0.2729844	0.4160247	0.2474747	0.3770197	0.1043478	0.021978	0.0	0.0	0.0	0.0	0.0	0.0	0.0629371	0.1463415	0.0642202	0.1376147	0.1570681	0.2650602	0.2082019	0.245614	0.0833333	0.0421456	0.0152284	0.0515873	0.0208333	0.0	0.0180723	0.0056497	0.0163399	0.0	0.0	0.0056497	0.0	
Louisiana/Northern Waterthrush	0.0	0.0	0.0	0.0	0.0	0.0	0.0	0.0	0.0	0.0	0.0	0.0	0.0	0.0	0.0	0.0014144	0.0	0.0	0.0	0.0	0.0	0.0	0.0	0.0	0.0	0.0	0.0	0.020979	0.0	0.0091743	0.0	0.0	0.0	0.0	0.0	0.0	0.0	0.0	0.0	0.0	0.0	0.0	0.0	0.0	0.0	0.0	0.0	0.0	
Golden-winged Warbler	0.0	0.0	0.0	0.0	0.0	0.0	0.0	0.0	0.0	0.0	0.0	0.0	0.0	0.0	0.0	0.0	0.0	0.0	0.0	0.0	0.0	0.0	0.0	0.0	0.0	0.0	0.0	0.0	0.0	0.0	0.0	0.0052356	0.0	0.0	0.0	0.0026882	0.0	0.0	0.0	0.0	0.0	0.0	0.0	0.0	0.0	0.0	0.0	0.0	
Blue-winged Warbler	0.0	0.0	0.0	0.0	0.0	0.0	0.0	0.0	0.0	0.0	0.0	0.0	0.0	0.0	0.0	0.049505	0.03698	0.0286195	0.0771993	0.0028986	0.0	0.0	0.0	0.0	0.0	0.0	0.0	0.0	0.0487805	0.0366972	0.1284404	0.1256545	0.0321285	0.022082	0.004386	0.0	0.0	0.0	0.0039683	0.0	0.0	0.0	0.0	0.0	0.0	0.0	0.0	0.0	
Lawrence's Warbler (hybrid)	0.0	0.0	0.0	0.0	0.0	0.0	0.0	0.0	0.0	0.0	0.0	0.0	0.0	0.0	0.0	0.0	0.0	0.0	0.0	0.0	0.0	0.0	0.0	0.0	0.0	0.0	0.0	0.0	0.0	0.0	0.0	0.0052356	0.0	0.0	0.0	0.0	0.0	0.0	0.0	0.0	0.0	0.0	0.0	0.0	0.0	0.0	0.0	0.0	
Black-and-white Warbler	0.0	0.0	0.0	0.0	0.0	0.0	0.0	0.0	0.0	0.0	0.0	0.0	0.0	0.0604651	0.2	0.4016973	0.5901387	0.4814815	0.5314183	0.0985507	0.032967	0.0075758	0.0208333	0.0	0.009434	0.0	0.0	0.027972	0.0	0.0733945	0.1834862	0.2879581	0.4176707	0.3785489	0.4166667	0.3064516	0.2873563	0.1522843	0.0555556	0.0083333	0.0056497	0.0	0.0	0.0	0.0	0.0072464	0.0112994	0.0	
Tennessee Warbler	0.0	0.0	0.0	0.0	0.0	0.0	0.0	0.0	0.0	0.0	0.0	0.0	0.0	0.0	0.0	0.0254597	0.05547	0.0488215	0.02693	0.0086957	0.0015	0.0	0.0	0.0	0.0	0.0	0.0	0.0	0.0	0.0	0.0	0.0	0.0361446	0.1608833	0.0526316	0.0645161	0.0306513	0.0203046	0.0238095	0.0	0.0	0.0	0.0	0.0	0.0	0.0	0.0	0.0	
Orange-crowned Warbler	0.0	0.0040816	0.0	0.0	0.0	0.0	0.0	0.0	0.0	0.0	0.0	0.0	0.0	0.0023256	0.0	0.0042433	0.0	0.0	0.0017953	0.0	0.0	0.0	0.0	0.0	0.0	0.0	0.0	0.0	0.0	0.0	0.0	0.0	0.0	0.0	0.0	0.0053763	0.0076628	0.0	0.0	0.0	0.0	0.0	0.0	0.0	0.0	0.0	0.0	0.0	
Nashville Warbler	0.0	0.0	0.0	0.0	0.0	0.0	0.0	0.0	0.0	0.0	0.0	0.0	0.0	0.0	0.0	0.096181	0.1109399	0.0690236	0.0861759	0.0	0.0	0.0	0.0	0.0	0.0	0.0	0.0	0.0	0.0	0.0	0.0	0.0	0.0120482	0.0315457	0.0789474	0.0645161	0.0383142	0.0609137	0.0238095	0.0	0.0	0.0	0.0	0.003268	0.0167598	0.0	0.0	0.0	
Connecticut Warbler	0.0	0.0	0.0	0.0	0.0	0.0	0.0	0.0	0.0	0.0	0.0	0.0	0.0	0.0	0.0	0.0	0.0	0.0	0.0	0.0	0.0	0.0	0.0	0.0	0.0	0.0	0.0	0.0	0.0	0.0	0.0	0.0	0.0	0.022082	0.0087719	0.0	0.0	0.0	0.0	0.0	0.0	0.0	0.0	0.0	0.0	0.0	0.0	0.0	
Mourning Warbler	0.0	0.0	0.0	0.0	0.0	0.0	0.0	0.0	0.0	0.0	0.0	0.0	0.0	0.0	0.0	0.0	0.0	0.0050505	0.016158	0.0289855	0.010989	0.0	0.0	0.0	0.0	0.0	0.0	0.0	0.0	0.0	0.0366972	0.0209424	0.064257	0.0094637	0.0	0.0	0.0	0.0	0.0	0.0	0.0	0.0	0.0	0.0	0.0	0.0	0.0	0.0	
Kentucky Warbler	0.0	0.0	0.0	0.0	0.0	0.0	0.0	0.0	0.0	0.0	0.0	0.0	0.0	0.0	0.0	0.0028289	0.0	0.030303	0.032316	0.0	0.0	0.0	0.0	0.0458015	0.0	0.0	0.0	0.0	0.0	0.0	0.0	0.0	0.0	0.0031546	0.0	0.0	0.0	0.0	0.0	0.0	0.0	0.0	0.0	0.0	0.0	0.0	0.0	0.0	
Common Yellowthroat	0.0	0.0	0.0	0.0	0.0	0.0	0.0	0.0	0.0	0.0	0.0	0.0	0.0	0.0	0.0	0.2093352	0.4822804	0.4983165	0.6481149	0.3449275	0.1263736	0.0606061	0.03125	0.0305344	0.0	0.0	0.0	0.013986	0.0	0.0275229	0.0275229	0.2774869	0.3534137	0.5141956	0.5307018	0.483871	0.4099617	0.2233503	0.1507937	0.0666667	0.0225989	0.0120482	0.0225989	0.0130719	0.0223464	0.0072464	0.0056497	0.0	
Hooded Warbler	0.0	0.0	0.0	0.0	0.0	0.0	0.0	0.0	0.0	0.0	0.0	0.0	0.0	0.0	0.0	0.0820368	0.1402157	0.0387205	0.0969479	0.0086957	0.0	0.0	0.0	0.0	0.0	0.0	0.0	0.0	0.0	0.0183486	0.0733945	0.0	0.0	0.0504732	0.0087719	0.0349462	0.0114943	0.0	0.0	0.0125	0.0	0.0	0.0	0.0	0.0	0.0	0.0	0.0	
American Redstart	0.0	0.0	0.0	0.0	0.0	0.0	0.0	0.0	0.0	0.0	0.0	0.0	0.0	0.0	0.0	0.1881188	0.4391371	0.489899	0.6822262	0.3478261	0.1098901	0.0227273	0.0	0.0152672	0.0	0.0	0.025641	0.0699301	0.1463415	0.1192661	0.3394495	0.4659686	0.6184739	0.6340694	0.5745614	0.3521505	0.2681992	0.1725888	0.0039683	0.0	0.0	0.0	0.0	0.0065359	0.0	0.0	0.0	0.0	
Cape May Warbler	0.0	0.0	0.0	0.0	0.0	0.0	0.0	0.0	0.0	0.0	0.0	0.0	0.0	0.0	0.0	0.0240453	0.146379	0.1010101	0.1579892	0.0115942	0.0	0.0	0.0	0.0	0.0	0.0	0.0	0.0	0.0	0.0	0.0	0.0	0.0481928	0.2334385	0.1578947	0.0887097	0.1187739	0.1370558	0.0436508	0.0041667	0.0	0.0	0.0	0.0	0.0	0.0	0.0	0.0	
Cerulean Warbler	0.0	0.0	0.0	0.0	0.0	0.0	0.0	0.0	0.0	0.0	0.0	0.0	0.0	0.0	0.0	0.0	0.0	0.0	0.0017953	0.0	0.0	0.0	0.0	0.0	0.0	0.0	0.0	0.0	0.0	0.0	0.0	0.0	0.0	0.0	0.0	0.0	0.0	0.0	0.0	0.0	0.0	0.0	0.0	0.0	0.0	0.0	0.0	0.0	
Northern Parula	0.0	0.0	0.0	0.0	0.0	0.0	0.0	0.0	0.0	0.0	0.0	0.0	0.0	0.0	0.0103896	0.291372	0.4992296	0.469697	0.529623	0.1275362	0.0274725	0.0	0.0	0.0	0.0	0.0	0.0	0.0	0.0121951	0.0	0.0	0.052356	0.1084337	0.3217666	0.4298246	0.3387097	0.2720307	0.1370558	0.0396825	0.0083333	0.0	0.0	0.0	0.0065359	0.0055866	0.0072464	0.0	0.0	
Magnolia Warbler	0.0	0.0	0.0	0.0	0.0	0.0	0.0	0.0	0.0	0.0	0.0	0.0	0.0	0.0	0.0	0.019802	0.2788906	0.3114478	0.6445242	0.3333333	0.043956	0.0	0.0	0.0076336	0.009434	0.0	0.0	0.013986	0.0	0.0	0.0733945	0.1675393	0.4056225	0.3596215	0.3114035	0.2284946	0.183908	0.0507614	0.0238095	0.0125	0.0	0.0060241	0.0	0.0	0.027933	0.0	0.0	0.0	
Bay-breasted Warbler	0.0	0.0	0.0	0.0	0.0	0.0	0.0	0.0	0.0	0.0	0.0	0.0	0.0	0.0	0.0	0.0014144	0.0169492	0.023569	0.2944345	0.0434783	0.0	0.0	0.0	0.0	0.0	0.0	0.0	0.027972	0.0243902	0.0	0.0	0.0052356	0.0120482	0.0757098	0.0350877	0.0349462	0.0038314	0.0101523	0.0	0.0	0.0	0.0	0.0	0.0	0.0	0.0	0.0	0.0	
Blackburnian Warbler	0.0	0.0	0.0	0.0	0.0	0.0	0.0	0.0	0.0	0.0	0.0	0.0	0.0	0.0	0.0	0.0141443	0.0077042	0.03367	0.2154399	0.1217391	0.0	0.0	0.0	0.0	0.0	0.0	0.0	0.0	0.0	0.0	0.0	0.0314136	0.0240964	0.0347003	0.004386	0.0026882	0.0	0.0	0.0	0.0	0.0	0.0	0.0	0.0	0.0	0.0	0.0	0.0	
Yellow Warbler	0.0	0.0	0.0	0.0	0.0	0.0	0.0	0.0	0.0	0.0	0.0	0.0	0.0	0.0	0.0415584	0.2291372	0.2033898	0.2693603	0.3159785	0.0869565	0.021978	0.0378788	0.0104167	0.0076336	0.009434	0.030303	0.025641	0.0979021	0.1219512	0.0917431	0.0917431	0.0732984	0.060241	0.0504732	0.0701754	0.0268817	0.0076628	0.0152284	0.0	0.0	0.0	0.0	0.0	0.0	0.0	0.0	0.0	0.0	
Chestnut-sided Warbler	0.0	0.0	0.0	0.0	0.0	0.0	0.0	0.0	0.0	0.0	0.0	0.0	0.0	0.0	0.0	0.0183876	0.0570108	0.0774411	0.3267504	0.0811594	0.010989	0.0	0.0	0.0	0.0	0.0	0.0	0.0	0.0	0.0366972	0.1009174	0.1099476	0.1044177	0.170347	0.1184211	0.0591398	0.0306513	0.0101523	0.0198413	0.0	0.0	0.0	0.0	0.0	0.0	0.0	0.0	0.0	
Blackpoll Warbler	0.0	0.0	0.0	0.0	0.0	0.0	0.0	0.0	0.0	0.0	0.0	0.0	0.0	0.0	0.0	0.0721358	0.1571649	0.2289562	0.4829443	0.2869565	0.0714286	0.0075758	0.0	0.0015	0.0	0.0	0.0	0.0	0.0	0.0	0.0	0.0052356	0.0160643	0.0567823	0.0526316	0.0430108	0.0536398	0.0203046	0.031746	0.0	0.0	0.0	0.0	0.0	0.0	0.0	0.0	0.0	
Bay-breasted/Blackpoll Warbler	0.0	0.0	0.0	0.0	0.0	0.0	0.0	0.0	0.0	0.0	0.0	0.0	0.0	0.0	0.0	0.0	0.0	0.0	0.0	0.0	0.0	0.0	0.0	0.0	0.0	0.0	0.0	0.0	0.0	0.0	0.0	0.0052356	0.0080321	0.0126183	0.004386	0.0	0.0038314	0.0	0.0	0.0	0.0	0.0	0.0	0.0	0.0	0.0	0.0	0.0	
Black-throated Blue Warbler	0.0	0.0	0.0	0.0	0.0	0.0	0.0	0.0	0.0	0.0	0.0	0.0	0.0	0.0	0.0	0.2121641	0.4175655	0.3316498	0.4290844	0.1188406	0.0	0.0	0.0	0.0	0.0	0.0	0.0	0.0	0.0	0.0	0.0	0.0628272	0.1726908	0.192429	0.1885965	0.2526882	0.256705	0.1573604	0.0357143	0.0291667	0.0	0.0	0.0	0.0	0.0	0.0	0.0	0.0	
Palm Warbler	0.0	0.0	0.0	0.0	0.0	0.0	0.0	0.0	0.0	0.0	0.0	0.0	0.1557632	0.3069767	0.3532468	0.3536068	0.0585516	0.0454545	0.0	0.0	0.0	0.0	0.0	0.0	0.0	0.0	0.0	0.0	0.0	0.0	0.0	0.0	0.0	0.0378549	0.1535088	0.3010753	0.2643678	0.248731	0.3769841	0.2541667	0.0564972	0.0180723	0.0056497	0.0	0.0055866	0.0	0.0	0.0	
Pine Warbler	0.0	0.0	0.0	0.0	0.0	0.0	0.0	0.0	0.0	0.0	0.0042553	0.0962963	0.0965732	0.1976744	0.1948052	0.0509194	0.0123267	0.003367	0.0035907	0.0	0.0	0.0227273	0.0	0.0015	0.0	0.0	0.0	0.006993	0.0	0.0	0.0091743	0.0	0.0240964	0.0157729	0.0877193	0.1263441	0.0957854	0.0964467	0.031746	0.0541667	0.0015	0.0	0.0	0.003268	0.0	0.0	0.0	0.0	
Yellow-rumped Warbler	0.0036765	0.0	0.0	0.0	0.0	0.0	0.0	0.0	0.0	0.0	0.0	0.0037037	0.0249221	0.2372093	0.374026	0.5898161	0.6363636	0.3905724	0.3357271	0.0115942	0.0	0.0	0.0	0.0	0.0	0.0	0.0	0.0	0.0	0.0	0.0	0.0	0.0040161	0.0	0.004386	0.0564516	0.1340996	0.3756345	0.3452381	0.3458333	0.1299435	0.0120482	0.0056497	0.0326797	0.0	0.0072464	0.0	0.0	
Yellow-throated Warbler	0.0	0.0	0.0	0.0	0.0	0.0	0.0	0.0	0.0	0.0	0.0	0.0	0.0	0.0093023	0.0	0.0707214	0.0	0.0	0.0017953	0.0	0.0	0.0	0.0	0.0	0.0	0.0	0.0	0.0	0.0	0.0	0.0	0.0	0.0	0.0	0.0	0.0	0.0	0.0	0.0	0.0125	0.0	0.0	0.0	0.0	0.0	0.0	0.0	0.0	
Prairie Warbler	0.0	0.0	0.0	0.0	0.0	0.0	0.0	0.0	0.0	0.0	0.0	0.0	0.0	0.0209302	0.0	0.0721358	0.1494607	0.1447811	0.0287253	0.0	0.0015	0.0	0.0	0.0	0.0	0.0	0.0	0.0	0.0	0.0	0.0091743	0.0104712	0.0160643	0.0157729	0.0307018	0.0026882	0.0114943	0.0	0.0	0.0	0.0	0.0	0.0	0.0	0.0	0.0	0.0	0.0	
Black-throated Green Warbler	0.0	0.0	0.0	0.0	0.0	0.0	0.0	0.0	0.0	0.0	0.0	0.0	0.0	0.0	0.0	0.1541726	0.2265023	0.1531987	0.3249551	0.0985507	0.0164835	0.0	0.0	0.0	0.0	0.0	0.0	0.0	0.0	0.0	0.0	0.0104712	0.064257	0.1514196	0.1578947	0.1236559	0.0957854	0.0304569	0.015873	0.0041667	0.0225989	0.0	0.0	0.0	0.0	0.0	0.0	0.0	
Canada Warbler	0.0	0.0	0.0	0.0	0.0	0.0	0.0	0.0	0.0	0.0	0.0	0.0	0.0	0.0	0.0	0.0014144	0.0046225	0.010101	0.3590664	0.1971014	0.021978	0.0	0.0	0.0	0.0	0.0	0.0	0.0	0.0	0.0366972	0.1651376	0.2041885	0.2088353	0.1640379	0.0482456	0.0	0.0038314	0.0	0.0	0.0	0.0	0.0	0.0	0.0	0.0	0.0	0.0	0.0	
Wilson's Warbler	0.0	0.0	0.0	0.0	0.0	0.0	0.0	0.0	0.0	0.0	0.0	0.0	0.0	0.0	0.0	0.0028289	0.009245	0.1750842	0.3213645	0.0376812	0.0054945	0.0	0.0	0.0	0.0	0.0	0.0	0.0	0.0	0.0	0.0	0.0366492	0.0200803	0.0694006	0.0131579	0.0322581	0.0038314	0.0	0.0	0.0	0.0	0.0	0.0169492	0.124183	0.1675978	0.0797101	0.0	0.0	
warbler sp. (Parulidae sp.)	0.0	0.0	0.0	0.0	0.0	0.0	0.0	0.0	0.0	0.0	0.0	0.0037037	0.0031153	0.0069767	0.012987	0.0325318	0.0215716	0.020202	0.0466786	0.0231884	0.0054945	0.0	0.0	0.0	0.0	0.0	0.0	0.027972	0.0121951	0.0183486	0.0366972	0.0837696	0.0522088	0.1198738	0.0789474	0.0698925	0.0498084	0.0507614	0.047619	0.0166667	0.0225989	0.0060241	0.0056497	0.0	0.0	0.0	0.0	0.0	
Summer Tanager	0.0	0.0	0.0	0.0	0.0	0.0	0.0	0.0	0.0	0.0	0.0	0.0	0.0	0.0	0.0	0.0014144	0.0046225	0.0521886	0.043088	0.0057971	0.0	0.0	0.0	0.0	0.009434	0.0	0.0	0.0	0.0	0.0	0.0	0.0	0.0	0.0	0.0	0.0	0.0	0.0	0.0	0.0	0.0	0.0	0.0	0.0	0.0	0.0	0.0	0.0	
Scarlet Tanager	0.0	0.0	0.0	0.0	0.0	0.0	0.0	0.0	0.0	0.0	0.0	0.0	0.0	0.0	0.0	0.0990099	0.0955316	0.1666667	0.3949731	0.0608696	0.0	0.0	0.0	0.0	0.0	0.0	0.0	0.0	0.0	0.0	0.0	0.0	0.0200803	0.0851735	0.1140351	0.1048387	0.1302682	0.0609137	0.0039683	0.0041667	0.0	0.0	0.0	0.0	0.0	0.0	0.0	0.0	
Northern Cardinal	0.4007353	0.3836735	0.3596059	0.3558719	0.2293578	0.2804878	0.3679245	0.3913043	0.4360465	0.462963	0.6340426	0.5407407	0.5358255	0.5348837	0.6233766	0.6605375	0.6486903	0.6077441	0.6965889	0.5971014	0.6098901	0.5530303	0.5729167	0.5648855	0.4339623	0.4545455	0.4615385	0.5174825	0.4390244	0.5321101	0.5779817	0.5968586	0.6465863	0.533123	0.5438596	0.4086022	0.5249042	0.4517766	0.4285714	0.3958333	0.3107345	0.313253	0.3050847	0.5522876	0.5251397	0.3985507	0.4350282	0.3740458	
Rose-breasted Grosbeak	0.0	0.0	0.0	0.0	0.0	0.0	0.0	0.0	0.0	0.0	0.0	0.0	0.0	0.0	0.0	0.0721358	0.1694915	0.1380471	0.1921005	0.0173913	0.0	0.0151515	0.0	0.0	0.0015	0.0	0.0128205	0.013986	0.0243902	0.0	0.0275229	0.0314136	0.0481928	0.1324921	0.2105263	0.0994624	0.0114943	0.0050761	0.0	0.0	0.0	0.0	0.0	0.0	0.0	0.0	0.0	0.0	
Blue Grosbeak	0.0	0.0	0.0	0.0	0.0	0.0	0.0	0.0	0.0	0.0	0.0	0.0	0.0	0.0	0.0	0.0	0.0	0.0673401	0.0035907	0.0	0.0	0.0	0.0	0.0076336	0.0	0.0	0.0	0.0	0.0	0.0	0.0	0.0	0.0	0.0	0.0	0.0	0.0	0.0050761	0.0	0.0	0.0	0.0	0.0	0.0	0.0	0.0	0.0	0.0	
Indigo Bunting	0.0	0.0	0.0	0.0	0.0	0.0	0.0	0.0	0.0	0.0	0.0	0.0	0.0	0.0015	0.0	0.0551627	0.146379	0.0589226	0.070018	0.0144928	0.0054945	0.0151515	0.0	0.0076336	0.0	0.0	0.0	0.006993	0.0243902	0.0183486	0.0	0.0	0.0	0.0	0.0219298	0.0403226	0.0574713	0.0253807	0.0119048	0.0	0.0	0.0	0.0	0.0	0.0	0.0	0.0	0.0	
Dickcissel	0.0	0.0	0.0	0.0	0.0	0.0	0.0	0.0	0.0	0.0	0.0	0.0	0.0	0.0	0.0	0.0	0.0	0.0	0.0	0.0	0.0	0.0	0.0	0.0	0.0	0.0	0.0	0.0	0.0	0.0	0.0	0.0	0.0040161	0.0063091	0.0	0.0026882	0.0	0.0	0.0	0.0	0.0	0.0	0.0	0.0	0.0	0.0	0.0	0.0	
passerine sp.	0.0147059	0.0081633	0.0	0.0106762	0.0091743	0.0121951	0.004717	0.0193237	0.0174419	0.0	0.0042553	0.0111111	0.0155763	0.0046512	0.0181818	0.0254597	0.009245	0.016835	0.021544	0.0231884	0.010989	0.0	0.0	0.0	0.0	0.030303	0.0	0.013986	0.0609756	0.0366972	0.0183486	0.0209424	0.0160643	0.0662461	0.0570175	0.0349462	0.0306513	0.0304569	0.015873	0.0166667	0.0056497	0.0060241	0.0169492	0.0098039	0.0167598	0.0507246	0.0169492	0.0076336	
bird sp.	0.0	0.0	0.0	0.0035587	0.0	0.0	0.0	0.0	0.0	0.0	0.0	0.0	0.0	0.0	0.0	0.0	0.0	0.0	0.0	0.0	0.0	0.0	0.0	0.0	0.0	0.0	0.0	0.0	0.0	0.0015	0.0	0.0	0.0	0.0063091	0.0	0.0107527	0.0	0.0	0.0	0.0041667	0.0	0.0	0.0056497	0.003268	0.0	0.0	0.0	0.0	

